[FILEINFO]
File: D:\CMC thesis\AE software\N610\Vallen data\N610-S5.tra
SampleRate[Hz]: 10000000
SetsOnFile: 2
Samples: 2048
[SETINFO]
Set: 2
Index: 2
Time:  30 19:30:12 152.0176
Channel: 1
PreTriggerSamples: 100
Data: Amplitude [mV]
[DATA]
-1.52E-02
-2.13E-02
-2.44E-02
-1.83E-02
-1.22E-02
-6.09E-03
0.00E+00
6.09E-03
1.22E-02
1.52E-02
1.52E-02
1.52E-02
1.22E-02
9.13E-03
6.09E-03
0.00E+00
-3.04E-03
-1.22E-02
-1.83E-02
-2.44E-02
-2.44E-02
-2.44E-02
-2.13E-02
-1.52E-02
-6.09E-03
0.00E+00
9.13E-03
1.52E-02
1.83E-02
2.13E-02
2.44E-02
2.13E-02
1.52E-02
6.09E-03
-3.04E-03
-1.22E-02
-1.83E-02
-2.44E-02
-2.74E-02
-2.44E-02
-1.83E-02
-1.22E-02
-3.04E-03
6.09E-03
1.22E-02
2.44E-02
2.74E-02
2.74E-02
2.44E-02
1.52E-02
6.09E-03
-3.04E-03
-9.13E-03
-1.52E-02
-1.83E-02
-1.83E-02
-1.52E-02
-1.22E-02
-9.13E-03
-3.04E-03
3.04E-03
6.09E-03
9.13E-03
1.22E-02
1.52E-02
1.52E-02
1.52E-02
1.22E-02
9.13E-03
3.04E-03
-3.04E-03
-6.09E-03
-1.52E-02
-1.83E-02
-2.13E-02
-2.13E-02
-1.83E-02
-9.13E-03
-3.04E-03
6.09E-03
1.83E-02
2.44E-02
3.04E-02
3.04E-02
2.74E-02
1.83E-02
6.09E-03
-3.04E-03
-1.22E-02
-2.13E-02
-2.74E-02
-3.04E-02
-3.04E-02
-2.44E-02
-1.22E-02
3.04E-03
1.52E-02
2.44E-02
3.04E-02
3.65E-02
3.65E-02
2.74E-02
1.52E-02
3.04E-03
-9.13E-03
-1.83E-02
-2.74E-02
-3.04E-02
-3.04E-02
-2.74E-02
-2.44E-02
-1.52E-02
-6.09E-03
3.04E-03
9.13E-03
1.52E-02
2.13E-02
2.44E-02
2.13E-02
1.52E-02
9.13E-03
3.04E-03
-3.04E-03
-9.13E-03
-1.52E-02
-1.83E-02
-2.44E-02
-2.74E-02
-2.13E-02
-1.52E-02
-9.13E-03
-3.04E-03
3.04E-03
1.22E-02
2.13E-02
2.44E-02
2.74E-02
2.74E-02
2.13E-02
1.22E-02
3.04E-03
-6.09E-03
-1.52E-02
-2.44E-02
-2.74E-02
-2.74E-02
-2.44E-02
-1.52E-02
-3.04E-03
1.22E-02
2.44E-02
3.04E-02
3.35E-02
3.35E-02
3.04E-02
1.83E-02
3.04E-03
-9.13E-03
-1.83E-02
-2.74E-02
-3.04E-02
-3.04E-02
-2.44E-02
-1.83E-02
-1.22E-02
-3.04E-03
6.09E-03
1.52E-02
1.83E-02
2.13E-02
1.83E-02
1.83E-02
1.52E-02
9.13E-03
0.00E+00
-6.09E-03
-1.22E-02
-1.52E-02
-1.83E-02
-2.13E-02
-2.13E-02
-1.83E-02
-1.22E-02
-9.13E-03
-3.04E-03
6.09E-03
1.22E-02
1.52E-02
2.13E-02
2.44E-02
2.13E-02
1.52E-02
6.09E-03
0.00E+00
-6.09E-03
-1.52E-02
-2.13E-02
-2.44E-02
-2.13E-02
-1.83E-02
-1.22E-02
-3.04E-03
9.13E-03
2.13E-02
2.74E-02
3.04E-02
2.74E-02
2.44E-02
1.52E-02
3.04E-03
-9.13E-03
-1.83E-02
-2.44E-02
-3.04E-02
-3.04E-02
-2.44E-02
-1.83E-02
-9.13E-03
0.00E+00
9.13E-03
1.52E-02
2.13E-02
2.44E-02
2.44E-02
2.13E-02
1.52E-02
6.09E-03
0.00E+00
-9.13E-03
-1.52E-02
-2.13E-02
-2.44E-02
-2.44E-02
-1.83E-02
-1.52E-02
-9.13E-03
0.00E+00
6.09E-03
1.22E-02
1.83E-02
2.13E-02
2.44E-02
2.13E-02
1.83E-02
9.13E-03
3.04E-03
-3.04E-03
-1.22E-02
-2.44E-02
-3.04E-02
-3.04E-02
-3.04E-02
-2.44E-02
-1.52E-02
-3.04E-03
9.13E-03
2.13E-02
3.04E-02
3.65E-02
3.65E-02
3.04E-02
1.83E-02
6.09E-03
-6.09E-03
-1.83E-02
-3.04E-02
-3.65E-02
-3.35E-02
-2.74E-02
-2.13E-02
-9.13E-03
3.04E-03
1.22E-02
2.44E-02
3.04E-02
3.35E-02
3.04E-02
2.74E-02
1.83E-02
9.13E-03
0.00E+00
-1.22E-02
-2.13E-02
-2.44E-02
-2.74E-02
-2.74E-02
-2.13E-02
-1.52E-02
-6.09E-03
0.00E+00
6.09E-03
1.22E-02
2.13E-02
2.44E-02
2.13E-02
1.83E-02
1.52E-02
6.09E-03
0.00E+00
-6.09E-03
-1.52E-02
-2.13E-02
-2.44E-02
-3.04E-02
-2.74E-02
-1.83E-02
-9.13E-03
0.00E+00
1.22E-02
2.13E-02
3.04E-02
3.35E-02
3.04E-02
2.44E-02
1.52E-02
3.04E-03
-9.13E-03
-1.83E-02
-2.74E-02
-3.35E-02
-3.65E-02
-3.04E-02
-2.13E-02
-9.13E-03
0.00E+00
1.22E-02
2.44E-02
3.35E-02
3.65E-02
3.35E-02
2.74E-02
1.83E-02
6.09E-03
-6.09E-03
-1.22E-02
-2.13E-02
-2.74E-02
-2.74E-02
-2.44E-02
-1.83E-02
-1.22E-02
-3.04E-03
6.09E-03
1.52E-02
1.83E-02
2.13E-02
2.44E-02
2.13E-02
1.52E-02
9.13E-03
0.00E+00
-6.09E-03
-1.52E-02
-1.83E-02
-2.13E-02
-2.74E-02
-2.44E-02
-1.83E-02
-1.22E-02
-3.04E-03
6.09E-03
1.52E-02
2.13E-02
2.74E-02
3.04E-02
3.04E-02
2.44E-02
1.52E-02
3.04E-03
-6.09E-03
-1.52E-02
-2.13E-02
-2.44E-02
-2.44E-02
-2.13E-02
-1.52E-02
-9.13E-03
0.00E+00
1.22E-02
1.83E-02
2.44E-02
2.74E-02
2.44E-02
2.13E-02
1.22E-02
3.04E-03
-6.09E-03
-1.52E-02
-2.13E-02
-2.44E-02
-2.74E-02
-2.13E-02
-1.52E-02
-9.13E-03
3.04E-03
1.22E-02
1.83E-02
2.44E-02
2.74E-02
2.74E-02
2.13E-02
1.83E-02
9.13E-03
0.00E+00
-9.13E-03
-1.83E-02
-2.44E-02
-2.74E-02
-2.74E-02
-2.44E-02
-1.83E-02
-9.13E-03
0.00E+00
6.09E-03
1.52E-02
2.13E-02
2.44E-02
2.44E-02
1.83E-02
1.22E-02
3.04E-03
-6.09E-03
-1.52E-02
-2.13E-02
-2.74E-02
-2.74E-02
-2.44E-02
-1.83E-02
-9.13E-03
0.00E+00
9.13E-03
1.83E-02
2.44E-02
2.74E-02
3.04E-02
2.74E-02
1.83E-02
1.22E-02
3.04E-03
-6.09E-03
-1.52E-02
-2.13E-02
-2.74E-02
-2.74E-02
-2.44E-02
-1.52E-02
-9.13E-03
3.04E-03
1.22E-02
1.83E-02
2.44E-02
2.74E-02
2.74E-02
2.44E-02
1.83E-02
9.13E-03
0.00E+00
-6.09E-03
-1.52E-02
-2.13E-02
-2.44E-02
-2.44E-02
-1.83E-02
-1.22E-02
-3.04E-03
9.13E-03
1.83E-02
2.13E-02
2.44E-02
2.74E-02
2.74E-02
2.13E-02
9.13E-03
0.00E+00
-9.13E-03
-1.83E-02
-2.44E-02
-2.74E-02
-2.44E-02
-2.13E-02
-1.52E-02
-3.04E-03
6.09E-03
1.22E-02
1.83E-02
2.44E-02
2.44E-02
2.44E-02
2.13E-02
1.22E-02
6.09E-03
-3.04E-03
-1.22E-02
-1.83E-02
-2.13E-02
-2.74E-02
-2.74E-02
-2.13E-02
-1.52E-02
-6.09E-03
3.04E-03
9.13E-03
1.83E-02
2.44E-02
2.74E-02
2.74E-02
2.13E-02
1.52E-02
9.13E-03
0.00E+00
-9.13E-03
-2.13E-02
-2.74E-02
-3.04E-02
-2.74E-02
-2.13E-02
-1.52E-02
-3.04E-03
9.13E-03
1.83E-02
2.74E-02
3.35E-02
3.35E-02
3.04E-02
2.13E-02
1.22E-02
-3.04E-03
-1.52E-02
-2.13E-02
-2.74E-02
-3.35E-02
-3.04E-02
-2.44E-02
-1.52E-02
-3.04E-03
6.09E-03
1.52E-02
2.44E-02
3.04E-02
3.35E-02
3.04E-02
2.74E-02
2.13E-02
6.09E-03
-3.04E-03
-1.52E-02
-2.44E-02
-2.74E-02
-3.35E-02
-3.04E-02
-2.44E-02
-1.22E-02
0.00E+00
9.13E-03
1.83E-02
2.74E-02
3.35E-02
3.35E-02
3.04E-02
2.44E-02
1.22E-02
3.04E-03
-1.22E-02
-2.13E-02
-2.74E-02
-3.04E-02
-3.35E-02
-2.74E-02
-1.83E-02
-9.13E-03
3.04E-03
1.52E-02
2.44E-02
2.74E-02
3.04E-02
3.04E-02
2.13E-02
1.22E-02
0.00E+00
-9.13E-03
-2.13E-02
-3.04E-02
-3.65E-02
-3.96E-02
-3.35E-02
-2.74E-02
-1.83E-02
-9.13E-03
3.04E-03
1.52E-02
2.44E-02
3.04E-02
3.35E-02
3.35E-02
3.04E-02
2.13E-02
9.13E-03
-3.04E-03
-1.52E-02
-2.44E-02
-2.74E-02
-2.74E-02
-2.44E-02
-1.52E-02
-6.09E-03
3.04E-03
1.22E-02
2.13E-02
3.04E-02
3.04E-02
2.74E-02
2.74E-02
1.83E-02
6.09E-03
0.00E+00
-6.09E-03
-9.13E-03
-1.52E-02
-1.83E-02
-2.13E-02
-1.83E-02
-1.52E-02
-9.13E-03
-3.04E-03
6.09E-03
1.22E-02
1.83E-02
2.44E-02
2.44E-02
2.13E-02
1.22E-02
6.09E-03
0.00E+00
-9.13E-03
-1.83E-02
-2.44E-02
-2.74E-02
-2.74E-02
-2.13E-02
-1.22E-02
-9.13E-03
0.00E+00
9.13E-03
1.83E-02
2.44E-02
2.74E-02
2.74E-02
2.13E-02
1.22E-02
6.09E-03
-3.04E-03
-9.13E-03
-1.83E-02
-2.13E-02
-2.44E-02
-2.13E-02
-1.52E-02
-9.13E-03
-3.04E-03
3.04E-03
9.13E-03
1.22E-02
1.22E-02
1.22E-02
1.22E-02
9.13E-03
3.04E-03
0.00E+00
-3.04E-03
-9.13E-03
-1.22E-02
-1.52E-02
-1.52E-02
-1.22E-02
-9.13E-03
-6.09E-03
-3.04E-03
6.09E-03
9.13E-03
1.52E-02
1.83E-02
2.13E-02
1.83E-02
1.52E-02
1.22E-02
6.09E-03
0.00E+00
-6.09E-03
-9.13E-03
-1.22E-02
-1.52E-02
-1.52E-02
-1.22E-02
-6.09E-03
0.00E+00
3.04E-03
1.22E-02
2.13E-02
2.44E-02
2.44E-02
2.13E-02
1.83E-02
1.22E-02
0.00E+00
-9.13E-03
-1.83E-02
-2.44E-02
-2.74E-02
-2.74E-02
-2.44E-02
-1.83E-02
-9.13E-03
0.00E+00
6.09E-03
1.52E-02
1.83E-02
2.13E-02
2.13E-02
1.52E-02
9.13E-03
3.04E-03
-3.04E-03
-9.13E-03
-1.52E-02
-2.13E-02
-2.13E-02
-1.83E-02
-1.83E-02
-1.22E-02
-6.09E-03
3.04E-03
1.22E-02
1.52E-02
1.83E-02
1.83E-02
1.83E-02
1.52E-02
9.13E-03
3.04E-03
-3.04E-03
-9.13E-03
-1.52E-02
-2.13E-02
-2.13E-02
-2.13E-02
-2.13E-02
-1.83E-02
-9.13E-03
0.00E+00
6.09E-03
1.22E-02
1.83E-02
2.44E-02
2.44E-02
2.13E-02
1.83E-02
6.09E-03
-6.09E-03
-1.52E-02
-2.13E-02
-2.74E-02
-2.74E-02
-2.44E-02
-1.52E-02
-6.09E-03
3.04E-03
9.13E-03
1.83E-02
2.74E-02
3.04E-02
2.74E-02
2.13E-02
1.22E-02
3.04E-03
-3.04E-03
-1.22E-02
-2.13E-02
-2.44E-02
-2.44E-02
-2.13E-02
-1.52E-02
-9.13E-03
-3.04E-03
6.09E-03
1.22E-02
2.13E-02
2.44E-02
2.13E-02
1.83E-02
1.52E-02
9.13E-03
3.04E-03
-3.04E-03
-9.13E-03
-1.52E-02
-1.83E-02
-1.83E-02
-1.83E-02
-1.52E-02
-1.22E-02
-6.09E-03
0.00E+00
6.09E-03
1.52E-02
2.13E-02
2.44E-02
2.74E-02
2.44E-02
1.83E-02
1.22E-02
3.04E-03
-6.09E-03
-1.52E-02
-2.13E-02
-2.13E-02
-2.13E-02
-2.13E-02
-1.22E-02
-3.04E-03
3.04E-03
1.22E-02
1.83E-02
2.13E-02
2.13E-02
1.83E-02
9.13E-03
3.04E-03
-3.04E-03
-9.13E-03
-1.52E-02
-2.13E-02
-2.44E-02
-2.44E-02
-2.13E-02
-1.52E-02
-9.13E-03
-3.04E-03
3.04E-03
9.13E-03
1.52E-02
1.83E-02
1.52E-02
1.22E-02
9.13E-03
3.04E-03
-3.04E-03
-6.09E-03
-9.13E-03
-1.52E-02
-1.52E-02
-1.52E-02
-1.52E-02
-1.22E-02
-9.13E-03
-3.04E-03
3.04E-03
9.13E-03
1.22E-02
1.52E-02
1.83E-02
2.13E-02
1.83E-02
1.22E-02
3.04E-03
-3.04E-03
-9.13E-03
-1.52E-02
-2.13E-02
-2.13E-02
-2.13E-02
-1.83E-02
-1.22E-02
-3.04E-03
6.09E-03
1.22E-02
1.83E-02
2.44E-02
2.13E-02
1.83E-02
1.52E-02
9.13E-03
0.00E+00
-6.09E-03
-9.13E-03
-1.52E-02
-1.52E-02
-1.22E-02
-9.13E-03
-6.09E-03
-3.04E-03
3.04E-03
9.13E-03
1.52E-02
2.13E-02
2.44E-02
2.13E-02
1.83E-02
1.22E-02
6.09E-03
0.00E+00
-6.09E-03
-9.13E-03
-1.22E-02
-1.22E-02
-1.52E-02
-1.52E-02
-1.52E-02
-9.13E-03
-6.09E-03
0.00E+00
3.04E-03
9.13E-03
1.52E-02
1.52E-02
1.22E-02
9.13E-03
0.00E+00
-6.09E-03
-1.22E-02
-1.83E-02
-2.44E-02
-2.44E-02
-2.13E-02
-1.83E-02
-1.52E-02
-6.09E-03
0.00E+00
9.13E-03
1.52E-02
1.83E-02
1.83E-02
1.52E-02
9.13E-03
6.09E-03
3.04E-03
-3.04E-03
-6.09E-03
-9.13E-03
-9.13E-03
-1.22E-02
-9.13E-03
-6.09E-03
0.00E+00
3.04E-03
6.09E-03
9.13E-03
1.52E-02
1.83E-02
1.83E-02
1.83E-02
1.52E-02
9.13E-03
3.04E-03
0.00E+00
-6.09E-03
-9.13E-03
-1.22E-02
-1.22E-02
-1.22E-02
-1.22E-02
-6.09E-03
-3.04E-03
3.04E-03
9.13E-03
1.22E-02
1.52E-02
1.83E-02
1.52E-02
1.22E-02
6.09E-03
0.00E+00
-3.04E-03
-1.22E-02
-1.52E-02
-1.83E-02
-1.83E-02
-1.83E-02
-1.22E-02
-6.09E-03
-3.04E-03
0.00E+00
6.09E-03
9.13E-03
1.52E-02
1.52E-02
1.22E-02
9.13E-03
9.13E-03
3.04E-03
-3.04E-03
-6.09E-03
-9.13E-03
-1.22E-02
-1.22E-02
-1.22E-02
-1.22E-02
-6.09E-03
-3.04E-03
3.04E-03
9.13E-03
1.52E-02
2.13E-02
2.13E-02
1.83E-02
1.52E-02
9.13E-03
3.04E-03
-3.04E-03
-9.13E-03
-1.52E-02
-1.52E-02
-1.52E-02
-1.52E-02
-1.22E-02
-6.09E-03
-3.04E-03
3.04E-03
1.22E-02
1.52E-02
1.52E-02
1.52E-02
1.52E-02
1.22E-02
6.09E-03
-3.04E-03
-9.13E-03
-1.22E-02
-1.83E-02
-2.13E-02
-2.13E-02
-1.52E-02
-9.13E-03
-3.04E-03
0.00E+00
6.09E-03
1.22E-02
1.52E-02
1.52E-02
1.52E-02
1.52E-02
1.22E-02
9.13E-03
3.04E-03
0.00E+00
-6.09E-03
-1.22E-02
-1.22E-02
-1.52E-02
-1.83E-02
-1.52E-02
-9.13E-03
-3.04E-03
0.00E+00
6.09E-03
1.52E-02
1.83E-02
2.13E-02
2.13E-02
2.13E-02
1.52E-02
9.13E-03
0.00E+00
-6.09E-03
-1.22E-02
-1.83E-02
-2.13E-02
-2.13E-02
-1.52E-02
-9.13E-03
-3.04E-03
6.09E-03
1.22E-02
2.13E-02
2.44E-02
2.74E-02
2.74E-02
2.13E-02
1.52E-02
9.13E-03
0.00E+00
-9.13E-03
-1.52E-02
-2.13E-02
-2.44E-02
-2.74E-02
-2.44E-02
-1.83E-02
-1.22E-02
-6.09E-03
3.04E-03
1.22E-02
1.83E-02
2.13E-02
2.13E-02
2.13E-02
1.83E-02
9.13E-03
0.00E+00
-6.09E-03
-1.52E-02
-2.13E-02
-2.44E-02
-2.74E-02
-2.44E-02
-1.83E-02
-1.22E-02
-3.04E-03
6.09E-03
1.52E-02
2.13E-02
2.44E-02
2.44E-02
2.13E-02
1.83E-02
6.09E-03
-3.04E-03
-1.22E-02
-2.13E-02
-2.74E-02
-3.35E-02
-3.04E-02
-2.44E-02
-1.83E-02
-6.09E-03
6.09E-03
1.83E-02
2.74E-02
3.35E-02
3.65E-02
3.35E-02
2.74E-02
1.52E-02
3.04E-03
-9.13E-03
-2.44E-02
-3.35E-02
-3.35E-02
-3.35E-02
-3.35E-02
-2.44E-02
-1.22E-02
0.00E+00
1.22E-02
2.13E-02
3.04E-02
3.65E-02
3.35E-02
3.04E-02
2.13E-02
1.22E-02
3.04E-03
-6.09E-03
-1.52E-02
-2.44E-02
-3.04E-02
-3.04E-02
-2.74E-02
-2.13E-02
-1.22E-02
0.00E+00
1.22E-02
2.13E-02
3.04E-02
3.65E-02
3.65E-02
3.35E-02
2.44E-02
1.52E-02
3.04E-03
-9.13E-03
-2.13E-02
-3.04E-02
-3.35E-02
-3.65E-02
-3.35E-02
-2.74E-02
-1.52E-02
-3.04E-03
9.13E-03
2.13E-02
3.04E-02
3.35E-02
3.35E-02
2.74E-02
1.83E-02
6.09E-03
-9.13E-03
-1.83E-02
-2.74E-02
-3.35E-02
-3.35E-02
-3.35E-02
-2.74E-02
-1.52E-02
-6.09E-03
9.13E-03
2.13E-02
2.74E-02
3.65E-02
3.96E-02
3.65E-02
3.04E-02
2.13E-02
1.22E-02
0.00E+00
-1.22E-02
-2.44E-02
-3.04E-02
-3.35E-02
-3.04E-02
-2.74E-02
-1.83E-02
-6.09E-03
6.09E-03
1.83E-02
2.74E-02
3.65E-02
3.65E-02
3.35E-02
2.74E-02
1.52E-02
3.04E-03
-9.13E-03
-2.13E-02
-3.35E-02
-3.96E-02
-3.96E-02
-3.65E-02
-3.04E-02
-1.83E-02
-3.04E-03
1.22E-02
2.44E-02
3.35E-02
4.26E-02
3.96E-02
3.04E-02
2.13E-02
9.13E-03
-3.04E-03
-1.52E-02
-2.74E-02
-3.35E-02
-3.65E-02
-3.65E-02
-3.04E-02
-2.13E-02
-9.13E-03
3.04E-03
1.52E-02
2.74E-02
3.65E-02
3.96E-02
3.65E-02
3.04E-02
1.83E-02
6.09E-03
-6.09E-03
-2.13E-02
-3.04E-02
-3.65E-02
-3.96E-02
-3.65E-02
-3.04E-02
-2.13E-02
-6.09E-03
6.09E-03
1.83E-02
3.04E-02
3.65E-02
3.96E-02
3.65E-02
2.74E-02
1.52E-02
3.04E-03
-9.13E-03
-2.13E-02
-3.35E-02
-3.96E-02
-3.96E-02
-3.96E-02
-3.04E-02
-1.52E-02
0.00E+00
1.22E-02
2.74E-02
3.96E-02
4.57E-02
4.57E-02
4.26E-02
3.65E-02
2.13E-02
6.09E-03
-1.22E-02
-2.74E-02
-3.65E-02
-4.26E-02
-4.26E-02
-3.96E-02
-2.74E-02
-1.22E-02
0.00E+00
1.52E-02
3.04E-02
3.96E-02
4.26E-02
4.26E-02
3.65E-02
2.44E-02
9.13E-03
-6.09E-03
-2.13E-02
-3.65E-02
-3.96E-02
-4.26E-02
-4.26E-02
-3.65E-02
-2.74E-02
-1.22E-02
3.04E-03
1.83E-02
2.74E-02
3.65E-02
3.96E-02
3.96E-02
3.65E-02
2.44E-02
9.13E-03
-3.04E-03
-1.52E-02
-2.74E-02
-3.65E-02
-3.96E-02
-3.65E-02
-3.04E-02
-1.83E-02
-3.04E-03
1.22E-02
2.44E-02
3.35E-02
3.96E-02
3.96E-02
3.65E-02
2.74E-02
1.22E-02
0.00E+00
-1.52E-02
-2.74E-02
-3.65E-02
-4.26E-02
-4.26E-02
-3.65E-02
-2.74E-02
-1.22E-02
0.00E+00
1.52E-02
2.74E-02
3.65E-02
4.26E-02
4.26E-02
3.65E-02
2.44E-02
1.22E-02
-3.04E-03
-1.52E-02
-2.44E-02
-3.65E-02
-3.96E-02
-3.65E-02
-3.04E-02
-1.83E-02
-6.09E-03
6.09E-03
1.83E-02
3.04E-02
3.65E-02
3.65E-02
3.35E-02
2.74E-02
1.52E-02
3.04E-03
-6.09E-03
-1.52E-02
-2.74E-02
-3.65E-02
-3.96E-02
-3.65E-02
-3.04E-02
-2.13E-02
-9.13E-03
6.09E-03
2.13E-02
3.35E-02
3.96E-02
3.96E-02
3.65E-02
2.74E-02
1.52E-02
0.00E+00
-1.52E-02
-2.74E-02
-3.65E-02
-4.57E-02
-4.26E-02
-3.65E-02
-3.04E-02
-1.52E-02
3.04E-03
1.52E-02
2.74E-02
3.65E-02
4.26E-02
3.96E-02
3.35E-02
2.13E-02
6.09E-03
-6.09E-03
-2.13E-02
-3.35E-02
-3.96E-02
-4.26E-02
-3.96E-02
-3.04E-02
-1.83E-02
-6.09E-03
9.13E-03
2.44E-02
3.65E-02
4.26E-02
4.57E-02
4.26E-02
3.35E-02
2.13E-02
6.09E-03
-9.13E-03
-2.13E-02
-3.04E-02
-3.65E-02
-3.65E-02
-3.04E-02
-2.44E-02
-1.52E-02
0.00E+00
1.52E-02
2.44E-02
3.65E-02
3.96E-02
3.65E-02
3.35E-02
2.44E-02
1.22E-02
-3.04E-03
-1.52E-02
-2.44E-02
-3.65E-02
-4.26E-02
-3.96E-02
-3.35E-02
-2.44E-02
-1.52E-02
0.00E+00
1.22E-02
2.44E-02
3.35E-02
3.96E-02
3.65E-02
3.04E-02
2.13E-02
9.13E-03
-3.04E-03
-1.83E-02
-3.04E-02
-3.96E-02
-4.26E-02
-3.65E-02
-2.74E-02
-2.13E-02
-9.13E-03
6.09E-03
1.83E-02
2.74E-02
3.35E-02
3.35E-02
3.04E-02
2.44E-02
1.52E-02
3.04E-03
-9.13E-03
-1.83E-02
-2.44E-02
-3.04E-02
-3.04E-02
-2.74E-02
-2.13E-02
-1.22E-02
0.00E+00
1.22E-02
2.44E-02
3.35E-02
3.96E-02
3.65E-02
3.04E-02
2.13E-02
1.22E-02
0.00E+00
-1.52E-02
-2.74E-02
-3.35E-02
-3.65E-02
-3.35E-02
-2.74E-02
-1.83E-02
-3.04E-03
6.09E-03
1.83E-02
3.04E-02
3.35E-02
3.35E-02
3.04E-02
2.13E-02
9.13E-03
0.00E+00
-1.22E-02
-2.44E-02
-3.04E-02
-3.35E-02
-3.35E-02
-3.04E-02
-2.44E-02
-1.52E-02
-6.09E-03
3.04E-03
1.22E-02
1.83E-02
2.13E-02
2.44E-02
2.13E-02
1.83E-02
9.13E-03
0.00E+00
-9.13E-03
-1.52E-02
-2.13E-02
-2.44E-02
-2.44E-02
-2.44E-02
-1.52E-02
-6.09E-03
0.00E+00
1.22E-02
2.13E-02
3.04E-02
3.04E-02
2.74E-02
2.13E-02
1.52E-02
3.04E-03
-6.09E-03
-1.22E-02
-2.13E-02
-2.74E-02
-2.74E-02
-2.44E-02
-1.52E-02
-6.09E-03
0.00E+00
9.13E-03
1.52E-02
2.13E-02
2.44E-02
2.44E-02
1.83E-02
1.22E-02
6.09E-03
-3.04E-03
-1.22E-02
-1.83E-02
-2.44E-02
-2.74E-02
-2.44E-02
-1.83E-02
-9.13E-03
-3.04E-03
3.04E-03
9.13E-03
1.52E-02
2.13E-02
2.13E-02
2.13E-02
1.83E-02
1.22E-02
6.09E-03
0.00E+00
-6.09E-03
-1.22E-02
-1.52E-02
-1.52E-02
-1.52E-02
-1.22E-02
-6.09E-03
-3.04E-03
3.04E-03
1.22E-02
1.83E-02
1.83E-02
1.83E-02
1.52E-02
9.13E-03
6.09E-03
-3.04E-03
-1.22E-02
-1.83E-02
-2.44E-02
-2.44E-02
-2.13E-02
-1.83E-02
-1.22E-02
-6.09E-03
3.04E-03
9.13E-03
1.52E-02
1.83E-02
1.83E-02
1.83E-02
1.22E-02
6.09E-03
0.00E+00
-6.09E-03
-9.13E-03
-1.22E-02
-1.52E-02
-1.83E-02
-1.52E-02
-9.13E-03
-3.04E-03
3.04E-03
9.13E-03
1.22E-02
1.83E-02
1.83E-02
1.83E-02
1.52E-02
1.22E-02
9.13E-03
3.04E-03
-3.04E-03
-9.13E-03
-9.13E-03
-1.22E-02
-1.22E-02
-1.22E-02
-9.13E-03
-6.09E-03
0.00E+00
3.04E-03
9.13E-03
1.52E-02
1.83E-02
1.52E-02
1.22E-02
9.13E-03
3.04E-03
-3.04E-03
-9.13E-03
-1.52E-02
-1.83E-02
-2.13E-02
-1.83E-02
-1.52E-02
-9.13E-03
0.00E+00
6.09E-03
1.22E-02
1.52E-02
1.83E-02
1.52E-02
1.22E-02
9.13E-03
3.04E-03
-3.04E-03
-9.13E-03
-1.22E-02
-1.22E-02
-1.52E-02
-1.22E-02
-9.13E-03
-6.09E-03
-3.04E-03
3.04E-03
9.13E-03
1.22E-02
1.22E-02
1.52E-02
1.22E-02
9.13E-03
6.09E-03
0.00E+00
-3.04E-03
-6.09E-03
-1.22E-02
-1.22E-02
-1.22E-02
-1.22E-02
-6.09E-03
-3.04E-03
0.00E+00
3.04E-03
6.09E-03
9.13E-03
1.22E-02
1.22E-02
1.22E-02
9.13E-03
3.04E-03
0.00E+00
-6.09E-03
-9.13E-03
-1.22E-02
-1.52E-02
-1.52E-02
-1.22E-02
-6.09E-03
-3.04E-03
0.00E+00
3.04E-03
9.13E-03
1.52E-02
1.52E-02
1.22E-02
9.13E-03
6.09E-03
3.04E-03
-3.04E-03
-9.13E-03
-1.22E-02
-1.52E-02
-1.52E-02
-1.22E-02
-1.22E-02
-9.13E-03
-3.04E-03
3.04E-03
6.09E-03
1.22E-02
1.52E-02
1.22E-02
1.22E-02
9.13E-03
6.09E-03
3.04E-03
0.00E+00
-6.09E-03
-9.13E-03
-9.13E-03
-9.13E-03
-9.13E-03
-6.09E-03
-6.09E-03
0.00E+00
3.04E-03
9.13E-03
1.22E-02
1.22E-02
1.22E-02
1.22E-02
1.22E-02
6.09E-03
3.04E-03
-3.04E-03
-6.09E-03
-9.13E-03
-9.13E-03
-1.22E-02
-1.22E-02
-9.13E-03
-6.09E-03
-3.04E-03
3.04E-03
6.09E-03
9.13E-03
1.22E-02
1.22E-02
9.13E-03
6.09E-03
3.04E-03
-3.04E-03
-9.13E-03
-1.22E-02
-1.52E-02
-1.52E-02
-1.52E-02
-1.22E-02
-6.09E-03
0.00E+00
6.09E-03
6.09E-03
9.13E-03
9.13E-03
9.13E-03
3.04E-03
0.00E+00
-3.04E-03
-6.09E-03
-9.13E-03
-9.13E-03
-9.13E-03
-9.13E-03
-9.13E-03
-6.09E-03
-3.04E-03
0.00E+00
0.00E+00
0.00E+00
3.04E-03
3.04E-03
6.09E-03
6.09E-03
3.04E-03
0.00E+00
0.00E+00
0.00E+00
0.00E+00
-3.04E-03
-6.09E-03
-6.09E-03
-6.09E-03
-6.09E-03
-6.09E-03
-3.04E-03
0.00E+00
3.04E-03
6.09E-03
9.13E-03
9.13E-03
1.22E-02
1.22E-02
9.13E-03
6.09E-03
3.04E-03
0.00E+00
-3.04E-03
-6.09E-03
-6.09E-03
-6.09E-03
-6.09E-03
-6.09E-03
-3.04E-03
-3.04E-03
0.00E+00
3.04E-03
3.04E-03
3.04E-03
3.04E-03
3.04E-03
3.04E-03
0.00E+00
-3.04E-03
-3.04E-03
-3.04E-03
-3.04E-03
-3.04E-03
-3.04E-03
-3.04E-03
-3.04E-03
-3.04E-03
-3.04E-03
0.00E+00
0.00E+00
0.00E+00
3.04E-03
3.04E-03
3.04E-03
3.04E-03
0.00E+00
0.00E+00
0.00E+00
-3.04E-03
-3.04E-03
-3.04E-03
0.00E+00
0.00E+00
0.00E+00
0.00E+00
0.00E+00
3.04E-03
6.09E-03
9.13E-03
9.13E-03
9.13E-03
6.09E-03
3.04E-03
0.00E+00
-3.04E-03
-3.04E-03
-6.09E-03
-9.13E-03
-9.13E-03
-1.22E-02
-9.13E-03
-6.09E-03
-3.04E-03
0.00E+00
0.00E+00
3.04E-03
6.09E-03
6.09E-03
6.09E-03
3.04E-03
0.00E+00
0.00E+00
0.00E+00
0.00E+00
-3.04E-03
-3.04E-03
-6.09E-03
-6.09E-03
-3.04E-03
-3.04E-03
0.00E+00
3.04E-03
3.04E-03
0.00E+00
3.04E-03
3.04E-03
0.00E+00
0.00E+00
0.00E+00
-3.04E-03
-3.04E-03
-6.09E-03
-9.13E-03
-9.13E-03
-9.13E-03
-6.09E-03
-3.04E-03
3.04E-03
6.09E-03
6.09E-03
9.13E-03
9.13E-03
9.13E-03
9.13E-03
6.09E-03
3.04E-03
0.00E+00
-3.04E-03
-3.04E-03
-3.04E-03
-6.09E-03
-6.09E-03
-6.09E-03
-3.04E-03
0.00E+00
3.04E-03
6.09E-03
3.04E-03
3.04E-03
3.04E-03
3.04E-03
3.04E-03
3.04E-03
0.00E+00
0.00E+00
0.00E+00
-3.04E-03
-3.04E-03
-3.04E-03
-3.04E-03
0.00E+00
0.00E+00
0.00E+00
0.00E+00
0.00E+00
3.04E-03
0.00E+00
0.00E+00
0.00E+00
0.00E+00
-3.04E-03
-3.04E-03
-6.09E-03
-6.09E-03
-6.09E-03
-6.09E-03
-6.09E-03
-6.09E-03
-6.09E-03
0.00E+00
6.09E-03
6.09E-03
6.09E-03
1.22E-02
1.22E-02
1.22E-02
9.13E-03
9.13E-03
6.09E-03
3.04E-03
0.00E+00
-3.04E-03
-6.09E-03
-6.09E-03
-6.09E-03
-6.09E-03
-6.09E-03
-3.04E-03
0.00E+00
0.00E+00
0.00E+00
3.04E-03
6.09E-03
6.09E-03
3.04E-03
3.04E-03
3.04E-03
3.04E-03
0.00E+00
0.00E+00
0.00E+00
-3.04E-03
-3.04E-03
-3.04E-03
-3.04E-03
0.00E+00
0.00E+00
0.00E+00
3.04E-03
3.04E-03
3.04E-03
3.04E-03
3.04E-03
0.00E+00
-3.04E-03
-3.04E-03
-3.04E-03
-6.09E-03
-6.09E-03
-3.04E-03
-3.04E-03
-3.04E-03
0.00E+00
0.00E+00
3.04E-03
3.04E-03
0.00E+00
0.00E+00
0.00E+00
0.00E+00
[ENDDATA]
