[FILEINFO]
File: D:\CMC thesis\AE software\TUNGSTEN\Vallen\T11.tra
SampleRate[Hz]: 10000000
SetsOnFile: 9
Samples: 2048
[SETINFO]
Set: 9
Index: 9
Time:  14 22:53:58 62.4431
Channel: 2
PreTriggerSamples: 100
Data: Amplitude [mV]
[DATA]
+000000e+00
-304453e-08
-304453e-08
-304453e-08
+000000e+00
+000000e+00
+000000e+00
+304453e-08
+304453e-08
+304453e-08
+304453e-08
+000000e+00
+000000e+00
+304453e-08
+000000e+00
-304453e-08
-304453e-08
-304453e-08
-304453e-08
-304453e-08
-304453e-08
+000000e+00
+304453e-08
+304453e-08
+000000e+00
+000000e+00
-304453e-08
-304453e-08
-608906e-08
-913359e-08
-913359e-08
-913359e-08
-913359e-08
-608906e-08
-608906e-08
-608906e-08
-304453e-08
+000000e+00
+000000e+00
+304453e-08
+304453e-08
+304453e-08
+000000e+00
+000000e+00
+000000e+00
+000000e+00
-304453e-08
-304453e-08
-608906e-08
-608906e-08
-304453e-08
-304453e-08
-304453e-08
-304453e-08
-304453e-08
-304453e-08
+000000e+00
-304453e-08
-304453e-08
-304453e-08
-304453e-08
-304453e-08
-304453e-08
-304453e-08
-304453e-08
-304453e-08
+000000e+00
+000000e+00
+000000e+00
+000000e+00
+000000e+00
+000000e+00
+000000e+00
+304453e-08
+304453e-08
+304453e-08
+608906e-08
+304453e-08
+304453e-08
+304453e-08
+000000e+00
+000000e+00
+000000e+00
+000000e+00
+000000e+00
+000000e+00
+000000e+00
+000000e+00
+000000e+00
+000000e+00
-304453e-08
-304453e-08
-304453e-08
-304453e-08
-608906e-08
-608906e-08
-913359e-08
-152226e-07
-213117e-07
-395789e-07
-700242e-07
-118737e-06
-197894e-06
-298364e-06
-398833e-06
-465813e-06
-462768e-06
-337943e-06
-456679e-07
+420145e-06
+104427e-05
+175365e-05
+243867e-05
+297146e-05
+322416e-05
+304453e-05
+231384e-05
+114474e-05
-267919e-06
-202157e-05
-397007e-05
-577243e-05
-737994e-05
-869517e-05
-937715e-05
-927972e-05
-828112e-05
-630826e-05
-343423e-05
+194850e-06
+433541e-05
+869517e-05
+126165e-04
+156611e-04
+174878e-04
+177557e-04
+164161e-04
+135664e-04
+935279e-05
+421363e-05
-121781e-05
-650311e-05
-111552e-04
-147599e-04
-170494e-04
-177800e-04
-168789e-04
-145163e-04
-110334e-04
-677103e-05
-214335e-05
+238691e-05
+618648e-05
+884131e-05
+102053e-04
+100348e-04
+852468e-05
+604034e-05
+287404e-05
-365343e-06
-321502e-05
-533401e-05
-638133e-05
-638133e-05
-540708e-05
-353165e-05
-112039e-05
+146137e-05
+397007e-05
+591856e-05
+713637e-05
+757479e-05
+706331e-05
+582114e-05
+397007e-05
+165622e-05
-608906e-06
-265483e-05
-438412e-05
-555322e-05
-608906e-05
-601599e-05
-540708e-05
-438412e-05
-309324e-05
-158315e-05
-243562e-07
+160751e-05
+338552e-05
+509045e-05
+664925e-05
+806191e-05
+910923e-05
+959635e-05
+940150e-05
+830547e-05
+628391e-05
+331245e-05
-340987e-06
-426234e-05
-818369e-05
-115449e-04
-139318e-04
-150765e-04
-146624e-04
-127870e-04
-957200e-05
-535837e-05
-828112e-06
+362908e-05
+745301e-05
+101322e-04
+113987e-04
+110821e-04
+918230e-05
+604034e-05
+207028e-05
-233820e-05
-647876e-05
-993734e-05
-122025e-04
-129088e-04
-122025e-04
-993734e-05
-645440e-05
-226513e-05
+219206e-05
+623519e-05
+949893e-05
+116179e-04
+123243e-04
+116910e-04
+993734e-05
+742865e-05
+457897e-05
+180236e-05
-389700e-06
-180236e-05
-236255e-05
-202157e-05
-104732e-05
+121781e-06
+121781e-05
+207028e-05
+226513e-05
+163187e-05
+365343e-06
-136395e-05
-326373e-05
-482253e-05
-565065e-05
-540708e-05
-397007e-05
-151009e-05
+160751e-05
+487125e-05
+776964e-05
+964507e-05
+100591e-04
+884131e-05
+613777e-05
+224077e-05
-238691e-05
-703895e-05
-110821e-04
-140292e-04
-155393e-04
-154175e-04
-137369e-04
-107655e-04
-684410e-05
-236255e-05
+216770e-05
+618648e-05
+937715e-05
+114474e-04
+120807e-04
+112282e-04
+898745e-05
+567500e-05
+177800e-05
-236255e-05
-613777e-05
-898745e-05
-107167e-04
-109359e-04
-957200e-05
-699024e-05
-348294e-05
+487125e-06
+435977e-05
+772092e-05
+101322e-04
+113744e-04
+112769e-04
+993734e-05
+762350e-05
+467640e-05
+155880e-05
-143702e-05
-392135e-05
-565065e-05
-655183e-05
-664925e-05
-611341e-05
-509045e-05
-375086e-05
-228949e-05
-876824e-06
+316631e-06
+136395e-05
+245998e-05
+358037e-05
+467640e-05
+569936e-05
+664925e-05
+742865e-05
+774528e-05
+740429e-05
+635698e-05
+445719e-05
+170494e-05
-155880e-05
-504174e-05
-850032e-05
-114231e-04
-133472e-04
-140779e-04
-134934e-04
-115936e-04
-847597e-05
-453026e-05
-292275e-06
+397007e-05
+774528e-05
+106193e-04
+123243e-04
+127383e-04
+120320e-04
+101565e-04
+728251e-05
+372650e-05
-730687e-07
-377522e-05
-713637e-05
-981556e-05
-115692e-04
-121781e-04
-115936e-04
-993734e-05
-747736e-05
-443283e-05
-109603e-05
+224077e-05
+526095e-05
+767221e-05
+930408e-05
+100104e-04
+976685e-05
+859775e-05
+667361e-05
+416492e-05
+131524e-05
-160751e-05
-426234e-05
-633262e-05
-767221e-05
-813498e-05
-772092e-05
-652747e-05
-455462e-05
-192414e-05
+974249e-06
+394571e-05
+679539e-05
+920665e-05
+110090e-04
+119589e-04
+119102e-04
+107411e-04
+845161e-05
+526095e-05
+148573e-05
-265483e-05
-677103e-05
-104001e-04
-130549e-04
-144189e-04
-144676e-04
-132254e-04
-108142e-04
-747736e-05
-365343e-05
+194850e-06
+377522e-05
+677103e-05
+889002e-05
+101322e-04
+103270e-04
+952329e-05
+786706e-05
+557758e-05
+282532e-05
-487125e-07
-270354e-05
-499303e-05
-650311e-05
-706331e-05
-674668e-05
-557758e-05
-370215e-05
-136395e-05
+998605e-06
+304453e-05
+462768e-05
+545580e-05
+545580e-05
+470075e-05
+328809e-05
+138831e-05
-633262e-06
-265483e-05
-457897e-05
-606470e-05
-703895e-05
-740429e-05
-711202e-05
-618648e-05
-460333e-05
-250869e-05
-243562e-06
+209464e-05
+438412e-05
+621084e-05
+742865e-05
+801320e-05
+789142e-05
+703895e-05
+565065e-05
+387264e-05
+175365e-05
-267919e-06
-207028e-05
-355601e-05
-453026e-05
-496867e-05
-482253e-05
-416492e-05
-314195e-05
-194850e-05
-755043e-06
+170494e-06
+779399e-06
+112039e-05
+116910e-05
+104732e-05
+925537e-06
+974249e-06
+126652e-05
+185107e-05
+263047e-05
+338552e-05
+399442e-05
+416492e-05
+372650e-05
+270354e-05
+112039e-05
-779399e-06
-282532e-05
-477382e-05
-621084e-05
-694153e-05
-689281e-05
-606470e-05
-445719e-05
-221642e-05
+219206e-06
+263047e-05
+484689e-05
+640569e-05
+716073e-05
+708766e-05
+618648e-05
+448155e-05
+209464e-05
-487125e-06
-304453e-05
-533401e-05
-694153e-05
-767221e-05
-740429e-05
-621084e-05
-423798e-05
-172929e-05
+755043e-06
+292275e-05
+460333e-05
+545580e-05
+550451e-05
+487125e-05
+372650e-05
+233820e-05
+998605e-06
+000000e+00
-730687e-06
-133959e-05
-175365e-05
-209464e-05
-245998e-05
-282532e-05
-316631e-05
-343423e-05
-358037e-05
-345858e-05
-299582e-05
-214335e-05
-974249e-06
+340987e-06
+177800e-05
+319067e-05
+433541e-05
+501738e-05
+511481e-05
+462768e-05
+355601e-05
+199721e-05
+219206e-06
-163187e-05
-338552e-05
-482253e-05
-574807e-05
-604034e-05
-567500e-05
-470075e-05
-328809e-05
-148573e-05
+389700e-06
+219206e-05
+397007e-05
+538273e-05
+621084e-05
+650311e-05
+628391e-05
+548015e-05
+411620e-05
+241127e-05
+657618e-06
-104732e-05
-255740e-05
-355601e-05
-389700e-05
-350730e-05
-241127e-05
-852468e-06
+925537e-06
+280097e-05
+445719e-05
+550451e-05
+577243e-05
+521223e-05
+387264e-05
+187543e-05
-365343e-06
-253305e-05
-448155e-05
-582114e-05
-638133e-05
-618648e-05
-528530e-05
-382393e-05
-199721e-05
-243562e-06
+121781e-05
+233820e-05
+284968e-05
+265483e-05
+182672e-05
+584549e-06
-852468e-06
-236255e-05
-367779e-05
-450590e-05
-472511e-05
-428670e-05
-331245e-05
-197285e-05
-560193e-06
+608906e-06
+138831e-05
+165622e-05
+141266e-05
+706331e-06
-170494e-06
-104732e-05
-175365e-05
-202157e-05
-180236e-05
-109603e-05
-146137e-06
+925537e-06
+204592e-05
+289839e-05
+338552e-05
+353165e-05
+331245e-05
+282532e-05
+216770e-05
+148573e-05
+925537e-06
+487125e-06
+219206e-06
+121781e-06
+146137e-06
+267919e-06
+438412e-06
+657618e-06
+925537e-06
+121781e-05
+148573e-05
+172929e-05
+197285e-05
+219206e-05
+233820e-05
+236255e-05
+224077e-05
+187543e-05
+126652e-05
+511481e-06
-340987e-06
-136395e-05
-253305e-05
-360472e-05
-445719e-05
-499303e-05
-513916e-05
-482253e-05
-401878e-05
-287404e-05
-153444e-05
-243562e-06
+876824e-06
+180236e-05
+233820e-05
+241127e-05
+211899e-05
+155880e-05
+828112e-06
+146137e-06
-414056e-06
-901181e-06
-124217e-05
-141266e-05
-146137e-05
-143702e-05
-143702e-05
-146137e-05
-151009e-05
-160751e-05
-172929e-05
-182672e-05
-189979e-05
-189979e-05
-175365e-05
-151009e-05
-114474e-05
-681974e-06
-219206e-06
+243562e-06
+803756e-06
+133959e-05
+175365e-05
+207028e-05
+224077e-05
+221642e-05
+202157e-05
+172929e-05
+141266e-05
+109603e-05
+828112e-06
+681974e-06
+633262e-06
+706331e-06
+925537e-06
+124217e-05
+155880e-05
+185107e-05
+211899e-05
+228949e-05
+231384e-05
+219206e-05
+192414e-05
+158315e-05
+116910e-05
+633262e-06
+974249e-07
-389700e-06
-852468e-06
-121781e-05
-141266e-05
-136395e-05
-998605e-06
-414056e-06
+292275e-06
+114474e-05
+209464e-05
+287404e-05
+331245e-05
+333680e-05
+287404e-05
+187543e-05
+414056e-06
-143702e-05
-358037e-05
-567500e-05
-757479e-05
-903616e-05
-981556e-05
-974249e-05
-871953e-05
-694153e-05
-450590e-05
-160751e-05
+136395e-05
+406749e-05
+611341e-05
+728251e-05
+740429e-05
+650311e-05
+470075e-05
+221642e-05
-365343e-06
-280097e-05
-484689e-05
-608906e-05
-643004e-05
-594292e-05
-465204e-05
-277661e-05
-779399e-06
+119346e-05
+297146e-05
+426234e-05
+499303e-05
+511481e-05
+470075e-05
+382393e-05
+265483e-05
+141266e-05
+292275e-06
-633262e-06
-131524e-05
-158315e-05
-138831e-05
-681974e-06
+438412e-06
+192414e-05
+367779e-05
+528530e-05
+645440e-05
+706331e-05
+694153e-05
+606470e-05
+438412e-05
+207028e-05
-340987e-06
-265483e-05
-472511e-05
-616213e-05
-684410e-05
-681974e-05
-613777e-05
-494431e-05
-348294e-05
-189979e-05
-438412e-06
+755043e-06
+168058e-05
+226513e-05
+250869e-05
+241127e-05
+202157e-05
+146137e-05
+779399e-06
+974249e-07
-487125e-06
-107167e-05
-148573e-05
-163187e-05
-160751e-05
-141266e-05
-104732e-05
-657618e-06
-365343e-06
-219206e-06
-243562e-06
-438412e-06
-803756e-06
-131524e-05
-182672e-05
-221642e-05
-243562e-05
-236255e-05
-194850e-05
-129088e-05
-487125e-06
+316631e-06
+107167e-05
+177800e-05
+228949e-05
+248434e-05
+238691e-05
+202157e-05
+146137e-05
+828112e-06
+194850e-06
-438412e-06
-104732e-05
-153444e-05
-192414e-05
-211899e-05
-202157e-05
-168058e-05
-112039e-05
-389700e-06
+462768e-06
+143702e-05
+245998e-05
+340987e-05
+421363e-05
+474946e-05
+494431e-05
+482253e-05
+433541e-05
+348294e-05
+226513e-05
+779399e-06
-779399e-06
-238691e-05
-394571e-05
-518788e-05
-594292e-05
-611341e-05
-562629e-05
-450590e-05
-287404e-05
-974249e-06
+949893e-06
+277661e-05
+428670e-05
+526095e-05
+560193e-05
+530966e-05
+450590e-05
+326373e-05
+172929e-05
+267919e-06
-104732e-05
-226513e-05
-304453e-05
-328809e-05
-309324e-05
-236255e-05
-129088e-05
-243562e-06
+706331e-06
+138831e-05
+158315e-05
+124217e-05
+438412e-06
-730687e-06
-211899e-05
-340987e-05
-438412e-05
-487125e-05
-479818e-05
-421363e-05
-323938e-05
-202157e-05
-779399e-06
+267919e-06
+109603e-05
+172929e-05
+219206e-05
+250869e-05
+270354e-05
+282532e-05
+287404e-05
+277661e-05
+245998e-05
+192414e-05
+119346e-05
+365343e-06
-511481e-06
-141266e-05
-224077e-05
-284968e-05
-309324e-05
-297146e-05
-250869e-05
-180236e-05
-925537e-06
-487125e-07
+681974e-06
+136395e-05
+192414e-05
+221642e-05
+226513e-05
+207028e-05
+172929e-05
+141266e-05
+116910e-05
+998605e-06
+901181e-06
+925537e-06
+107167e-05
+121781e-05
+129088e-05
+133959e-05
+131524e-05
+119346e-05
+998605e-06
+803756e-06
+608906e-06
+389700e-06
+194850e-06
-243562e-07
-365343e-06
-876824e-06
-143702e-05
-202157e-05
-250869e-05
-270354e-05
-258176e-05
-209464e-05
-133959e-05
-462768e-06
+414056e-06
+126652e-05
+199721e-05
+241127e-05
+243562e-05
+204592e-05
+143702e-05
+706331e-06
-730687e-07
-828112e-06
-158315e-05
-226513e-05
-280097e-05
-311760e-05
-328809e-05
-331245e-05
-309324e-05
-260612e-05
-189979e-05
-104732e-05
-219206e-06
+462768e-06
+974249e-06
+114474e-05
+828112e-06
+146137e-06
-901181e-06
-221642e-05
-338552e-05
-423798e-05
-457897e-05
-416492e-05
-304453e-05
-131524e-05
+755043e-06
+292275e-05
+491996e-05
+628391e-05
+681974e-05
+647876e-05
+533401e-05
+343423e-05
+114474e-05
-104732e-05
-297146e-05
-431105e-05
-482253e-05
-445719e-05
-326373e-05
-143702e-05
+706331e-06
+302017e-05
+518788e-05
+681974e-05
+781835e-05
+808627e-05
+762350e-05
+652747e-05
+494431e-05
+297146e-05
+925537e-06
-901181e-06
-248434e-05
-375086e-05
-453026e-05
-479818e-05
-467640e-05
-418927e-05
-345858e-05
-250869e-05
-138831e-05
-389700e-06
+462768e-06
+121781e-05
+170494e-05
+182672e-05
+158315e-05
+949893e-06
+487125e-07
-104732e-05
-226513e-05
-333680e-05
-411620e-05
-453026e-05
-450590e-05
-404313e-05
-323938e-05
-214335e-05
-852468e-06
+389700e-06
+153444e-05
+248434e-05
+299582e-05
+302017e-05
+253305e-05
+148573e-05
+194850e-06
-126652e-05
-280097e-05
-406749e-05
-482253e-05
-489560e-05
-433541e-05
-319067e-05
-163187e-05
+000000e+00
+158315e-05
+294710e-05
+387264e-05
+428670e-05
+411620e-05
+350730e-05
+253305e-05
+136395e-05
+340987e-06
-487125e-06
-114474e-05
-148573e-05
-138831e-05
-876824e-06
-170494e-06
+755043e-06
+185107e-05
+282532e-05
+362908e-05
+416492e-05
+433541e-05
+414056e-05
+362908e-05
+294710e-05
+211899e-05
+124217e-05
+462768e-06
-146137e-06
-657618e-06
-112039e-05
-143702e-05
-155880e-05
-148573e-05
-126652e-05
-876824e-06
-389700e-06
+487125e-07
+389700e-06
+608906e-06
+584549e-06
+267919e-06
-267919e-06
-102296e-05
-192414e-05
-275225e-05
-333680e-05
-360472e-05
-353165e-05
-316631e-05
-258176e-05
-185107e-05
-114474e-05
-633262e-06
-340987e-06
-243562e-06
-316631e-06
-487125e-06
-657618e-06
-755043e-06
-730687e-06
-560193e-06
-292275e-06
-243562e-07
+219206e-06
+462768e-06
+584549e-06
+511481e-06
+365343e-06
+170494e-06
-243562e-07
-146137e-06
-219206e-06
-194850e-06
-730687e-07
+121781e-06
+389700e-06
+633262e-06
+803756e-06
+876824e-06
+803756e-06
+608906e-06
+340987e-06
+121781e-06
+243562e-07
+730687e-07
+389700e-06
+102296e-05
+194850e-05
+299582e-05
+404313e-05
+487125e-05
+523659e-05
+509045e-05
+433541e-05
+302017e-05
+126652e-05
-657618e-06
-258176e-05
-433541e-05
-560193e-05
-618648e-05
-604034e-05
-518788e-05
-367779e-05
-168058e-05
+389700e-06
+228949e-05
+389700e-05
+479818e-05
+487125e-05
+411620e-05
+260612e-05
+755043e-06
-126652e-05
-321502e-05
-465204e-05
-540708e-05
-535837e-05
-450590e-05
-302017e-05
-114474e-05
+755043e-06
+248434e-05
+387264e-05
+462768e-05
+470075e-05
+409185e-05
+297146e-05
+155880e-05
+487125e-07
-148573e-05
-292275e-05
-409185e-05
-489560e-05
-523659e-05
-511481e-05
-450590e-05
-353165e-05
-221642e-05
-730687e-06
+730687e-06
+216770e-05
+336116e-05
+416492e-05
+453026e-05
+438412e-05
+377522e-05
+282532e-05
+160751e-05
+316631e-06
-974249e-06
-233820e-05
-350730e-05
-433541e-05
-474946e-05
-470075e-05
-411620e-05
-299582e-05
-146137e-05
+292275e-06
+214335e-05
+397007e-05
+543144e-05
+633262e-05
+662489e-05
+633262e-05
+543144e-05
+397007e-05
+219206e-05
+414056e-06
-126652e-05
-272790e-05
-377522e-05
-433541e-05
-433541e-05
-382393e-05
-292275e-05
-170494e-05
-414056e-06
+828112e-06
+199721e-05
+289839e-05
+348294e-05
+372650e-05
+358037e-05
+311760e-05
+241127e-05
+151009e-05
+535837e-06
-340987e-06
-114474e-05
-192414e-05
-255740e-05
-297146e-05
-319067e-05
-321502e-05
-304453e-05
-265483e-05
-199721e-05
-119346e-05
-414056e-06
+292275e-06
+876824e-06
+124217e-05
+129088e-05
+998605e-06
+438412e-06
-292275e-06
-114474e-05
-204592e-05
-280097e-05
-323938e-05
-333680e-05
-314195e-05
-263047e-05
-185107e-05
-925537e-06
-243562e-07
+803756e-06
+160751e-05
+226513e-05
+270354e-05
+292275e-05
+292275e-05
+277661e-05
+248434e-05
+207028e-05
+160751e-05
+109603e-05
+560193e-06
+730687e-07
-365343e-06
-828112e-06
-124217e-05
-148573e-05
-151009e-05
-126652e-05
-755043e-06
-974249e-07
+657618e-06
+151009e-05
+226513e-05
+275225e-05
+282532e-05
+245998e-05
+172929e-05
+730687e-06
-267919e-06
-119346e-05
-197285e-05
-236255e-05
-231384e-05
-187543e-05
-112039e-05
-267919e-06
+584549e-06
+131524e-05
+177800e-05
+185107e-05
+151009e-05
+828112e-06
+000000e+00
-901181e-06
-182672e-05
-250869e-05
-282532e-05
-267919e-05
-211899e-05
-126652e-05
-267919e-06
+730687e-06
+165622e-05
+231384e-05
+253305e-05
+228949e-05
+163187e-05
+681974e-06
-316631e-06
-126652e-05
-209464e-05
-258176e-05
-260612e-05
-214335e-05
-131524e-05
-340987e-06
+633262e-06
+151009e-05
+216770e-05
+238691e-05
+204592e-05
+131524e-05
+414056e-06
-584549e-06
-158315e-05
-233820e-05
-270354e-05
-260612e-05
-207028e-05
-121781e-05
-292275e-06
+657618e-06
+151009e-05
+209464e-05
+236255e-05
+221642e-05
+170494e-05
+949893e-06
+146137e-06
-657618e-06
-143702e-05
-204592e-05
-241127e-05
-248434e-05
-228949e-05
-189979e-05
-141266e-05
-876824e-06
-316631e-06
+170494e-06
+584549e-06
+998605e-06
+133959e-05
+151009e-05
+158315e-05
+155880e-05
+143702e-05
+124217e-05
+974249e-06
+730687e-06
+584549e-06
+560193e-06
+657618e-06
+925537e-06
+133959e-05
+175365e-05
+211899e-05
+233820e-05
+228949e-05
+194850e-05
+136395e-05
+608906e-06
-170494e-06
-949893e-06
-172929e-05
-233820e-05
-265483e-05
-267919e-05
-248434e-05
-207028e-05
-158315e-05
-109603e-05
-633262e-06
-292275e-06
-730687e-07
+243562e-07
+487125e-07
+487125e-07
+243562e-07
-243562e-07
-730687e-07
-146137e-06
-267919e-06
-438412e-06
-633262e-06
-755043e-06
-803756e-06
-803756e-06
-730687e-06
-560193e-06
-316631e-06
-121781e-06
-243562e-07
+000000e+00
-730687e-07
-292275e-06
-608906e-06
-949893e-06
-124217e-05
-136395e-05
-126652e-05
-974249e-06
-511481e-06
+000000e+00
+584549e-06
+124217e-05
+189979e-05
+248434e-05
+289839e-05
+314195e-05
+323938e-05
+321502e-05
+304453e-05
+265483e-05
+202157e-05
+129088e-05
+511481e-06
-267919e-06
-104732e-05
-172929e-05
-219206e-05
-238691e-05
-229253e-05
-197285e-05
-144311e-05
-782444e-06
-791577e-07
+551060e-06
+102296e-05
+129088e-05
+132133e-05
+111125e-05
+691108e-06
+130915e-06
-508436e-06
-115692e-05
-173538e-05
-217684e-05
-242040e-05
-243867e-05
-222555e-05
-179932e-05
-120868e-05
-517570e-06
+185716e-06
+818978e-06
+131524e-05
+162578e-05
+173538e-05
+165318e-05
+143093e-05
+111734e-05
+782444e-06
+471902e-06
+228340e-06
+700242e-07
-121781e-07
-243562e-07
+913359e-08
+669796e-07
+130915e-06
+191805e-06
+237473e-06
+255740e-06
+234429e-06
+158315e-06
+213117e-07
-179627e-06
-441457e-06
-742865e-06
-105645e-05
-133350e-05
-152226e-05
-159838e-05
-152835e-05
-131828e-05
-986427e-06
-578460e-06
-155271e-06
+228340e-06
+529748e-06
+715464e-06
+782444e-06
+751999e-06
+666752e-06
+569327e-06
+499303e-06
+499303e-06
+590639e-06
+764177e-06
+995561e-06
+124826e-05
+146746e-05
+159533e-05
+159533e-05
+143093e-05
+110212e-05
+618039e-06
+304453e-07
-596728e-06
-119650e-05
-169885e-05
-203679e-05
-217075e-05
-207637e-05
-175365e-05
-121477e-05
-502347e-06
+340987e-06
+124826e-05
+213117e-05
+289839e-05
+343727e-05
+364735e-05
+338552e-05
+260612e-05
+138831e-05
-730687e-07
-175365e-05
-345858e-05
-487125e-05
-584550e-05
-618648e-05
-582114e-05
-474946e-05
-316631e-05
-119346e-05
+901181e-06
+287404e-05
+460333e-05
+574807e-05
+618648e-05
+599163e-05
+518788e-05
+372650e-05
+180236e-05
-194850e-06
-214335e-05
-384828e-05
-501738e-05
-552886e-05
-530966e-05
-443283e-05
-302017e-05
-124217e-05
+511481e-06
+204592e-05
+323938e-05
+384828e-05
+384828e-05
+326373e-05
+216770e-05
+828112e-06
-462768e-06
-165622e-05
-263047e-05
-316631e-05
-323938e-05
-292275e-05
-216770e-05
-112039e-05
-974249e-07
+974249e-06
+209464e-05
+294710e-05
+350730e-05
+377522e-05
+362908e-05
+319067e-05
+245998e-05
+146137e-05
+438412e-06
-535837e-06
-151009e-05
-241127e-05
-304453e-05
-336116e-05
-340987e-05
-314195e-05
-253305e-05
-165622e-05
-657618e-06
+292275e-06
+116910e-05
+197285e-05
+250869e-05
+263047e-05
+241127e-05
+187543e-05
+112039e-05
+340987e-06
-414056e-06
-109603e-05
-155880e-05
-175365e-05
-168058e-05
-131524e-05
-803756e-06
-267919e-06
+170494e-06
+487125e-06
+681974e-06
+681974e-06
+462768e-06
+121781e-06
-219206e-06
-584549e-06
-901181e-06
-109603e-05
-114474e-05
-102296e-05
-755043e-06
-389700e-06
-243562e-07
+389700e-06
+901181e-06
+136395e-05
+182672e-05
+228949e-05
+263047e-05
+277661e-05
+270354e-05
+241127e-05
+187543e-05
+116910e-05
+389700e-06
-414056e-06
-121781e-05
-197285e-05
-255740e-05
-287404e-05
-294710e-05
-272790e-05
-221642e-05
-158315e-05
-901181e-06
-243562e-06
+316631e-06
+730687e-06
+925537e-06
+852468e-06
+487125e-06
-487125e-07
-730687e-06
-153444e-05
-221642e-05
-263047e-05
-267919e-05
-228949e-05
-153444e-05
-560193e-06
+487125e-06
+158315e-05
+258176e-05
+323938e-05
+350730e-05
+333680e-05
+275225e-05
+185107e-05
+730687e-06
-389700e-06
-146137e-05
-241127e-05
-302017e-05
-316631e-05
-282532e-05
-204592e-05
-901181e-06
+389700e-06
+172929e-05
+304453e-05
+411620e-05
+470075e-05
+472511e-05
+421363e-05
+314195e-05
+163187e-05
+000000e+00
-163187e-05
-321502e-05
-443283e-05
-509045e-05
-509045e-05
-445719e-05
-326373e-05
-158315e-05
+243562e-06
+202157e-05
+362908e-05
+467640e-05
+499303e-05
+460333e-05
+350730e-05
+185107e-05
+243562e-07
-182672e-05
-345858e-05
-455462e-05
-504174e-05
-482253e-05
-389700e-05
-243562e-05
-730687e-06
+104732e-05
+272790e-05
+409185e-05
+484689e-05
+487125e-05
+418927e-05
+287404e-05
+114474e-05
-706331e-06
-250869e-05
-411620e-05
-521223e-05
-557758e-05
-516352e-05
-401878e-05
-228949e-05
-292275e-06
+182672e-05
+384828e-05
+533401e-05
+606470e-05
+606470e-05
+530966e-05
+384828e-05
+185107e-05
-316631e-06
-238691e-05
-418927e-05
-548015e-05
-611341e-05
-601599e-05
-521223e-05
-384828e-05
-211899e-05
-292275e-06
+143702e-05
+292275e-05
+397007e-05
+443283e-05
+423798e-05
+350730e-05
+228949e-05
+803756e-06
-681974e-06
-209464e-05
-323938e-05
-397007e-05
-418927e-05
-384828e-05
-302017e-05
-175365e-05
-316631e-06
+116910e-05
+263047e-05
+392135e-05
+479818e-05
+513916e-05
+499303e-05
+438412e-05
+343423e-05
+219206e-05
+852468e-06
-316631e-06
-131524e-05
-219206e-05
-272790e-05
-282532e-05
-255740e-05
-192414e-05
-998605e-06
-243562e-07
+949893e-06
+189979e-05
+260612e-05
+289839e-05
+265483e-05
+192414e-05
+876824e-06
-340987e-06
-168058e-05
-294710e-05
-394571e-05
-453026e-05
-462768e-05
-423798e-05
-343423e-05
-233820e-05
-112039e-05
-730687e-07
+779399e-06
+141266e-05
+170494e-05
+165622e-05
+131524e-05
+730687e-06
+974249e-07
-487125e-06
-104732e-05
-141266e-05
-148573e-05
-129088e-05
-876824e-06
-316631e-06
+267919e-06
+852468e-06
+138831e-05
+175365e-05
+189979e-05
+180236e-05
+155880e-05
+114474e-05
+633262e-06
+194850e-06
-146137e-06
-438412e-06
-681974e-06
-730687e-06
-584549e-06
-316631e-06
+000000e+00
+389700e-06
+852468e-06
+124217e-05
+151009e-05
+163187e-05
+160751e-05
+141266e-05
+104732e-05
+584549e-06
+121781e-06
-340987e-06
-803756e-06
-116910e-05
-136395e-05
-133959e-05
-107167e-05
-633262e-06
-121781e-06
+487125e-06
+112039e-05
+163187e-05
+197285e-05
+199721e-05
+170494e-05
+116910e-05
+438412e-06
-316631e-06
-109603e-05
-180236e-05
-228949e-05
-248434e-05
-238691e-05
-204592e-05
-158315e-05
-109603e-05
-633262e-06
-292275e-06
-121781e-06
-730687e-07
-974249e-07
-146137e-06
-170494e-06
-146137e-06
-487125e-07
+487125e-07
+146137e-06
+170494e-06
+974249e-07
-730687e-07
-389700e-06
-779399e-06
-116910e-05
-146137e-05
-158315e-05
-153444e-05
-121781e-05
-706331e-06
-194850e-06
+365343e-06
+925537e-06
+133959e-05
+151009e-05
+143702e-05
+114474e-05
+657618e-06
+121781e-06
-438412e-06
-901181e-06
-114474e-05
-109603e-05
-681974e-06
-487125e-07
+803756e-06
+180236e-05
+265483e-05
+321502e-05
+343423e-05
+323938e-05
+265483e-05
+177800e-05
+730687e-06
-267919e-06
-112039e-05
-175365e-05
-209464e-05
-209464e-05
-175365e-05
-114474e-05
-389700e-06
+389700e-06
+116910e-05
+187543e-05
+228949e-05
+231384e-05
+192414e-05
+119346e-05
+292275e-06
-730687e-06
-175365e-05
-258176e-05
-299582e-05
-292275e-05
-236255e-05
-141266e-05
-365343e-06
+755043e-06
+187543e-05
+267919e-05
+304453e-05
+299582e-05
+245998e-05
+148573e-05
+365343e-06
-852468e-06
-214335e-05
-328809e-05
-414056e-05
-462768e-05
-474946e-05
-448155e-05
-379957e-05
-284968e-05
-170494e-05
-511481e-06
+584549e-06
+158315e-05
+236255e-05
+280097e-05
+284968e-05
+255740e-05
+194850e-05
+114474e-05
+316631e-06
-511481e-06
-126652e-05
-182672e-05
-211899e-05
-209464e-05
-175365e-05
-109603e-05
-267919e-06
+657618e-06
+168058e-05
+263047e-05
+338552e-05
+382393e-05
+390917e-05
+368997e-05
+315109e-05
+231689e-05
+128479e-05
+167449e-06
-882913e-06
-175060e-05
-234733e-05
-259089e-05
-245693e-05
-196981e-05
-120563e-05
-274008e-06
+694153e-06
+156184e-05
+221337e-05
+255436e-05
+254218e-05
+217684e-05
+151618e-05
+651529e-06
-322720e-06
-128479e-05
-213117e-05
-278879e-05
-318762e-05
-330940e-05
-315413e-05
-274616e-05
-212508e-05
-135177e-05
-499303e-06
+356210e-06
+114170e-05
+178714e-05
+223773e-05
+245693e-05
+243258e-05
+217075e-05
+172016e-05
+112648e-05
+444501e-06
-267919e-06
-952937e-06
-156184e-05
-205810e-05
-239300e-05
-253305e-05
-245998e-05
-216466e-05
-165622e-05
-983383e-06
-216162e-06
+000000e+00
+000000e+00
+000000e+00
+000000e+00
[ENDDATA]
