[FILEINFO]
File: D:\CMC thesis\AE software\TUNGSTEN\Vallen\T1.tra
SampleRate[Hz]: 10000000
SetsOnFile: 11
Samples: 2048
[SETINFO]
Set: 2
Index: 2
Time:  14 19:56:13 919.8435
Channel: 2
PreTriggerSamples: 100
Data: Amplitude [mV]
[DATA]
+000000e+00
+304453e-08
+304453e-08
+608906e-08
+608906e-08
+304453e-08
+000000e+00
+000000e+00
+000000e+00
+000000e+00
+000000e+00
-304453e-08
-304453e-08
+000000e+00
-304453e-08
-304453e-08
-304453e-08
-304453e-08
-304453e-08
-304453e-08
-913359e-08
-608906e-08
-608906e-08
-913359e-08
-913359e-08
-608906e-08
-304453e-08
-304453e-08
-608906e-08
-608906e-08
-608906e-08
-608906e-08
-304453e-08
-304453e-08
-304453e-08
+000000e+00
+000000e+00
+000000e+00
+000000e+00
+000000e+00
+000000e+00
+000000e+00
+000000e+00
+000000e+00
+000000e+00
+000000e+00
+000000e+00
+000000e+00
+000000e+00
+000000e+00
+000000e+00
+000000e+00
+000000e+00
+304453e-08
+000000e+00
+000000e+00
+000000e+00
-304453e-08
-304453e-08
+000000e+00
-304453e-08
-304453e-08
+000000e+00
+000000e+00
-304453e-08
-304453e-08
+000000e+00
+000000e+00
+000000e+00
-304453e-08
-304453e-08
+000000e+00
+000000e+00
+000000e+00
+000000e+00
-304453e-08
-304453e-08
-608906e-08
-608906e-08
-608906e-08
-608906e-08
-608906e-08
-608906e-08
-608906e-08
-304453e-08
+000000e+00
+304453e-08
+000000e+00
+000000e+00
+000000e+00
+000000e+00
-304453e-08
-304453e-08
-304453e-08
-608906e-08
-913359e-08
-121781e-07
-152226e-07
-274008e-07
-487125e-07
-791577e-07
-130915e-06
-210072e-06
-301408e-06
-389700e-06
-435368e-06
-398833e-06
-234429e-06
+913359e-07
+587594e-06
+122999e-05
+194545e-05
+262743e-05
+312064e-05
+323329e-05
+287404e-05
+199721e-05
+681974e-06
-974249e-06
-292275e-05
-494431e-05
-669796e-05
-803756e-05
-891438e-05
-906052e-05
-837854e-05
-694153e-05
-467640e-05
-168058e-05
+180236e-05
+560193e-05
+935279e-05
+125435e-04
+149060e-04
+162212e-04
+160995e-04
+144920e-04
+116179e-04
+767221e-05
+289839e-05
-216770e-05
-694153e-05
-109847e-04
-139805e-04
-156123e-04
-157098e-04
-143215e-04
-116423e-04
-806191e-05
-392135e-05
+267919e-06
+406749e-05
+706331e-05
+884131e-05
+930408e-05
+837854e-05
+621084e-05
+306888e-05
-608906e-06
-431105e-05
-757479e-05
-998605e-05
-112769e-04
-111552e-04
-954764e-05
-677103e-05
-306888e-05
+114474e-05
+540708e-05
+942586e-05
+126165e-04
+146868e-04
+154418e-04
+146624e-04
+125678e-04
+930408e-05
+516352e-05
+730687e-06
-360472e-05
-735558e-05
-101322e-04
-116666e-04
-117397e-04
-104001e-04
-798884e-05
-487125e-05
-141266e-05
+204592e-05
+506610e-05
+728251e-05
+857339e-05
+884131e-05
+811062e-05
+657618e-05
+440848e-05
+182672e-05
-755043e-06
-316631e-05
-526095e-05
-677103e-05
-757479e-05
-769657e-05
-708766e-05
-579678e-05
-401878e-05
-189979e-05
+974249e-07
+177800e-05
+302017e-05
+350730e-05
+323938e-05
+226513e-05
+828112e-06
-730687e-06
-226513e-05
-350730e-05
-423798e-05
-440848e-05
-397007e-05
-311760e-05
-202157e-05
-779399e-06
+340987e-06
+131524e-05
+216770e-05
+272790e-05
+294710e-05
+284968e-05
+248434e-05
+189979e-05
+126652e-05
+657618e-06
+170494e-06
+000000e+00
+974249e-07
+511481e-06
+136395e-05
+250869e-05
+372650e-05
+472511e-05
+526095e-05
+516352e-05
+428670e-05
+267919e-05
+633262e-06
-168058e-05
-394571e-05
-569936e-05
-677103e-05
-694153e-05
-616213e-05
-450590e-05
-219206e-05
+292275e-06
+272790e-05
+489560e-05
+640569e-05
+713637e-05
+711202e-05
+638133e-05
+506610e-05
+321502e-05
+107167e-05
-107167e-05
-319067e-05
-511481e-05
-655183e-05
-745301e-05
-779399e-05
-742865e-05
-640569e-05
-474946e-05
-263047e-05
-389700e-06
+177800e-05
+362908e-05
+479818e-05
+511481e-05
+465204e-05
+345858e-05
+168058e-05
-243562e-06
-209464e-05
-367779e-05
-467640e-05
-499303e-05
-462768e-05
-370215e-05
-233820e-05
-755043e-06
+755043e-06
+204592e-05
+297146e-05
+338552e-05
+331245e-05
+275225e-05
+177800e-05
+633262e-06
-487125e-06
-151009e-05
-221642e-05
-241127e-05
-204592e-05
-109603e-05
+194850e-06
+175365e-05
+343423e-05
+482253e-05
+572371e-05
+601599e-05
+565065e-05
+462768e-05
+314195e-05
+136395e-05
-365343e-06
-185107e-05
-309324e-05
-387264e-05
-411620e-05
-389700e-05
-336116e-05
-255740e-05
-168058e-05
-876824e-06
-292275e-06
-487125e-07
-730687e-07
-365343e-06
-925537e-06
-163187e-05
-236255e-05
-294710e-05
-319067e-05
-306888e-05
-248434e-05
-138831e-05
+000000e+00
+165622e-05
+348294e-05
+509045e-05
+621084e-05
+674668e-05
+662489e-05
+582114e-05
+433541e-05
+236255e-05
+292275e-06
-175365e-05
-350730e-05
-465204e-05
-511481e-05
-491996e-05
-411620e-05
-280097e-05
-119346e-05
+438412e-06
+199721e-05
+338552e-05
+438412e-05
+491996e-05
+491996e-05
+431105e-05
+319067e-05
+160751e-05
-267919e-06
-236255e-05
-457897e-05
-652747e-05
-815934e-05
-927972e-05
-969378e-05
-942586e-05
-832983e-05
-655183e-05
-426234e-05
-151009e-05
+136395e-05
+411620e-05
+652747e-05
+835419e-05
+942586e-05
+962071e-05
+898745e-05
+750172e-05
+533401e-05
+270354e-05
+000000e+00
-245998e-05
-453026e-05
-582114e-05
-621084e-05
-567500e-05
-428670e-05
-221642e-05
+146137e-06
+260612e-05
+491996e-05
+660054e-05
+755043e-05
+767221e-05
+691717e-05
+545580e-05
+338552e-05
+998605e-06
-136395e-05
-353165e-05
-518788e-05
-611341e-05
-635698e-05
-601599e-05
-516352e-05
-392135e-05
-245998e-05
-109603e-05
-487125e-07
+755043e-06
+131524e-05
+153444e-05
+148573e-05
+119346e-05
+681974e-06
+121781e-06
-462768e-06
-112039e-05
-170494e-05
-211899e-05
-236255e-05
-238691e-05
-216770e-05
-180236e-05
-136395e-05
-876824e-06
-414056e-06
-243562e-07
+340987e-06
+730687e-06
+116910e-05
+160751e-05
+202157e-05
+238691e-05
+260612e-05
+265483e-05
+248434e-05
+214335e-05
+172929e-05
+133959e-05
+109603e-05
+104732e-05
+119346e-05
+143702e-05
+168058e-05
+177800e-05
+153444e-05
+828112e-06
-267919e-06
-175365e-05
-348294e-05
-501738e-05
-606470e-05
-645440e-05
-608906e-05
-489560e-05
-299582e-05
-803756e-06
+141266e-05
+338552e-05
+472511e-05
+523659e-05
+489560e-05
+382393e-05
+228949e-05
+706331e-06
-706331e-06
-185107e-05
-250869e-05
-260612e-05
-216770e-05
-131524e-05
-316631e-06
+779399e-06
+189979e-05
+280097e-05
+336116e-05
+350730e-05
+323938e-05
+250869e-05
+136395e-05
+146137e-06
-107167e-05
-221642e-05
-294710e-05
-311760e-05
-272790e-05
-187543e-05
-730687e-06
+389700e-06
+129088e-05
+192414e-05
+211899e-05
+182672e-05
+124217e-05
+560193e-06
-487125e-07
-487125e-06
-779399e-06
-901181e-06
-949893e-06
-109603e-05
-143702e-05
-202157e-05
-275225e-05
-340987e-05
-387264e-05
-394571e-05
-348294e-05
-241127e-05
-852468e-06
+876824e-06
+265483e-05
+418927e-05
+509045e-05
+521223e-05
+455462e-05
+321502e-05
+143702e-05
-389700e-06
-211899e-05
-353165e-05
-440848e-05
-470075e-05
-440848e-05
-367779e-05
-263047e-05
-146137e-05
-438412e-06
+340987e-06
+925537e-06
+126652e-05
+129088e-05
+112039e-05
+901181e-06
+706331e-06
+608906e-06
+608906e-06
+706331e-06
+876824e-06
+107167e-05
+119346e-05
+119346e-05
+107167e-05
+876824e-06
+681974e-06
+535837e-06
+560193e-06
+755043e-06
+109603e-05
+158315e-05
+219206e-05
+275225e-05
+309324e-05
+326373e-05
+323938e-05
+299582e-05
+253305e-05
+189979e-05
+121781e-05
+560193e-06
+000000e+00
-511481e-06
-107167e-05
-158315e-05
-199721e-05
-233820e-05
-253305e-05
-258176e-05
-250869e-05
-236255e-05
-226513e-05
-226513e-05
-238691e-05
-270354e-05
-316631e-05
-367779e-05
-416492e-05
-445719e-05
-435977e-05
-382393e-05
-289839e-05
-155880e-05
-121781e-06
+126652e-05
+255740e-05
+343423e-05
+377522e-05
+348294e-05
+265483e-05
+148573e-05
+243562e-06
-876824e-06
-175365e-05
-219206e-05
-209464e-05
-146137e-05
-535837e-06
+535837e-06
+165622e-05
+260612e-05
+321502e-05
+343423e-05
+328809e-05
+277661e-05
+202157e-05
+119346e-05
+438412e-06
-121781e-06
-487125e-06
-681974e-06
-657618e-06
-462768e-06
-194850e-06
+974249e-07
+438412e-06
+828112e-06
+121781e-05
+160751e-05
+199721e-05
+231384e-05
+248434e-05
+243562e-05
+209464e-05
+151009e-05
+706331e-06
-267919e-06
-136395e-05
-248434e-05
-338552e-05
-392135e-05
-406749e-05
-379957e-05
-314195e-05
-211899e-05
-901181e-06
+243562e-06
+131524e-05
+224077e-05
+282532e-05
+299582e-05
+277661e-05
+214335e-05
+119346e-05
+146137e-06
-102296e-05
-224077e-05
-323938e-05
-392135e-05
-421363e-05
-406749e-05
-353165e-05
-270354e-05
-172929e-05
-755043e-06
-243562e-07
+414056e-06
+584549e-06
+414056e-06
+487125e-07
-462768e-06
-109603e-05
-163187e-05
-204592e-05
-226513e-05
-219206e-05
-187543e-05
-129088e-05
-511481e-06
+316631e-06
+119346e-05
+219206e-05
+311760e-05
+377522e-05
+416492e-05
+421363e-05
+392135e-05
+338552e-05
+267919e-05
+187543e-05
+112039e-05
+560193e-06
+194850e-06
+487125e-07
+121781e-06
+389700e-06
+755043e-06
+116910e-05
+155880e-05
+183890e-05
+197894e-05
+186630e-05
+152226e-05
+980338e-06
+307497e-06
-395789e-06
-102296e-05
-147964e-05
-169276e-05
-162578e-05
-128479e-05
-718509e-06
-182672e-07
+709375e-06
+133350e-05
+174451e-05
+188152e-05
+170189e-05
+121781e-05
+481036e-06
-426234e-06
-140962e-05
-235342e-05
-316022e-05
-373868e-05
-400964e-05
-393962e-05
-351339e-05
-275530e-05
-173234e-05
-529748e-06
+703286e-06
+179932e-05
+260612e-05
+289839e-05
+253305e-05
+151009e-05
+000000e+00
-197285e-05
-431105e-05
-655183e-05
-847597e-05
-979120e-05
-101809e-04
-954764e-05
-781835e-05
-518788e-05
-192414e-05
+160751e-05
+499303e-05
+794013e-05
+100348e-04
+109359e-04
+105706e-04
+910923e-05
+681974e-05
+401878e-05
+116910e-05
-138831e-05
-331245e-05
-435977e-05
-450590e-05
-372650e-05
-226513e-05
-414056e-06
+172929e-05
+394571e-05
+586985e-05
+740429e-05
+854904e-05
+915794e-05
+918230e-05
+854904e-05
+725816e-05
+545580e-05
+304453e-05
+267919e-06
-258176e-05
-530966e-05
-759914e-05
-923101e-05
-998605e-05
-976685e-05
-862211e-05
-684410e-05
-465204e-05
-231384e-05
-267919e-06
+129088e-05
+228949e-05
+255740e-05
+214335e-05
+121781e-05
+243562e-07
-129088e-05
-263047e-05
-377522e-05
-457897e-05
-499303e-05
-496867e-05
-448155e-05
-360472e-05
-233820e-05
-828112e-06
+755043e-06
+233820e-05
+379957e-05
+487125e-05
+540708e-05
+545580e-05
+501738e-05
+409185e-05
+289839e-05
+165622e-05
+535837e-06
-292275e-06
-828112e-06
-104732e-05
-925537e-06
-608906e-06
-219206e-06
+170494e-06
+487125e-06
+706331e-06
+755043e-06
+633262e-06
+438412e-06
+219206e-06
+243562e-07
-974249e-07
-170494e-06
-146137e-06
-487125e-07
+974249e-07
+340987e-06
+633262e-06
+949893e-06
+116910e-05
+124217e-05
+121781e-05
+998605e-06
+584549e-06
+121781e-06
-438412e-06
-109603e-05
-168058e-05
-216770e-05
-250869e-05
-267919e-05
-270354e-05
-258176e-05
-238691e-05
-214335e-05
-185107e-05
-155880e-05
-119346e-05
-706331e-06
-170494e-06
+438412e-06
+116910e-05
+192414e-05
+248434e-05
+267919e-05
+253305e-05
+199721e-05
+116910e-05
+316631e-06
-487125e-06
-114474e-05
-141266e-05
-112039e-05
-414056e-06
+584549e-06
+185107e-05
+302017e-05
+382393e-05
+409185e-05
+362908e-05
+258176e-05
+109603e-05
-584549e-06
-226513e-05
-372650e-05
-467640e-05
-501738e-05
-474946e-05
-389700e-05
-260612e-05
-116910e-05
+170494e-06
+131524e-05
+219206e-05
+260612e-05
+248434e-05
+189979e-05
+974249e-06
-974249e-07
-121781e-05
-236255e-05
-323938e-05
-367779e-05
-367779e-05
-319067e-05
-221642e-05
-901181e-06
+511481e-06
+197285e-05
+333680e-05
+431105e-05
+472511e-05
+460333e-05
+392135e-05
+280097e-05
+146137e-05
+146137e-06
-998605e-06
-194850e-05
-253305e-05
-275225e-05
-265483e-05
-231384e-05
-182672e-05
-126652e-05
-681974e-06
-121781e-06
+487125e-06
+119346e-05
+187543e-05
+236255e-05
+253305e-05
+233820e-05
+170494e-05
+730687e-06
-365343e-06
-146137e-05
-241127e-05
-292275e-05
-277661e-05
-197285e-05
-706331e-06
+852468e-06
+253305e-05
+401878e-05
+504174e-05
+538273e-05
+504174e-05
+409185e-05
+267919e-05
+112039e-05
-389700e-06
-175365e-05
-284968e-05
-358037e-05
-389700e-05
-382393e-05
-343423e-05
-272790e-05
-175365e-05
-681974e-06
+316631e-06
+124217e-05
+204592e-05
+253305e-05
+253305e-05
+204592e-05
+116910e-05
+243562e-07
-136395e-05
-287404e-05
-421363e-05
-526095e-05
-586985e-05
-594292e-05
-543144e-05
-438412e-05
-294710e-05
-129088e-05
+292275e-06
+170494e-05
+280097e-05
+343423e-05
+355601e-05
+314195e-05
+228949e-05
+121781e-05
+219206e-06
-633262e-06
-131524e-05
-168058e-05
-168058e-05
-136395e-05
-779399e-06
-121781e-06
+560193e-06
+126652e-05
+192414e-05
+250869e-05
+292275e-05
+316631e-05
+326373e-05
+323938e-05
+314195e-05
+289839e-05
+248434e-05
+192414e-05
+129088e-05
+657618e-06
+730687e-07
-438412e-06
-828112e-06
-102296e-05
-104732e-05
-876824e-06
-560193e-06
-219206e-06
+487125e-07
+146137e-06
+730687e-07
-170494e-06
-608906e-06
-119346e-05
-175365e-05
-207028e-05
-202157e-05
-163187e-05
-852468e-06
+170494e-06
+124217e-05
+231384e-05
+306888e-05
+331245e-05
+306888e-05
+224077e-05
+949893e-06
-487125e-06
-199721e-05
-340987e-05
-445719e-05
-501738e-05
-504174e-05
-457897e-05
-367779e-05
-241127e-05
-104732e-05
+121781e-06
+107167e-05
+170494e-05
+185107e-05
+155880e-05
+828112e-06
-170494e-06
-131524e-05
-258176e-05
-370215e-05
-448155e-05
-484689e-05
-472511e-05
-399442e-05
-272790e-05
-107167e-05
+755043e-06
+267919e-05
+457897e-05
+596728e-05
+674668e-05
+694153e-05
+650311e-05
+550451e-05
+404313e-05
+241127e-05
+998605e-06
+730687e-07
-365343e-06
-365343e-06
+487125e-07
+852468e-06
+192414e-05
+294710e-05
+375086e-05
+418927e-05
+409185e-05
+350730e-05
+250869e-05
+119346e-05
-170494e-06
-160751e-05
-299582e-05
-411620e-05
-489560e-05
-526095e-05
-521223e-05
-479818e-05
-406749e-05
-319067e-05
-221642e-05
-121781e-05
-414056e-06
+170494e-06
+560193e-06
+755043e-06
+681974e-06
+316631e-06
-243562e-06
-998605e-06
-192414e-05
-282532e-05
-362908e-05
-414056e-05
-421363e-05
-382393e-05
-294710e-05
-163187e-05
-121781e-06
+151009e-05
+311760e-05
+435977e-05
+509045e-05
+516352e-05
+460333e-05
+345858e-05
+185107e-05
+194850e-06
-133959e-05
-263047e-05
-336116e-05
-345858e-05
-292275e-05
-175365e-05
-243562e-06
+141266e-05
+309324e-05
+440848e-05
+511481e-05
+511481e-05
+440848e-05
+309324e-05
+138831e-05
-340987e-06
-194850e-05
-319067e-05
-379957e-05
-372650e-05
-294710e-05
-158315e-05
+000000e+00
+165622e-05
+321502e-05
+428670e-05
+472511e-05
+448155e-05
+358037e-05
+216770e-05
+584549e-06
-104732e-05
-260612e-05
-382393e-05
-455462e-05
-472511e-05
-433541e-05
-348294e-05
-224077e-05
-779399e-06
+633262e-06
+192414e-05
+294710e-05
+358037e-05
+377522e-05
+345858e-05
+267919e-05
+151009e-05
+194850e-06
-119346e-05
-267919e-05
-404313e-05
-506610e-05
-565065e-05
-572371e-05
-523659e-05
-426234e-05
-289839e-05
-124217e-05
+487125e-06
+214335e-05
+358037e-05
+453026e-05
+491996e-05
+474946e-05
+397007e-05
+270354e-05
+119346e-05
-292275e-06
-168058e-05
-280097e-05
-340987e-05
-350730e-05
-309324e-05
-219206e-05
-925537e-06
+414056e-06
+175365e-05
+297146e-05
+394571e-05
+453026e-05
+462768e-05
+431105e-05
+360472e-05
+260612e-05
+141266e-05
+267919e-06
-852468e-06
-192414e-05
-272790e-05
-321502e-05
-333680e-05
-314195e-05
-265483e-05
-197285e-05
-121781e-05
-535837e-06
-730687e-07
+170494e-06
+170494e-06
+000000e+00
-340987e-06
-803756e-06
-124217e-05
-153444e-05
-155880e-05
-121781e-05
-560193e-06
+243562e-06
+121781e-05
+231384e-05
+319067e-05
+372650e-05
+389700e-05
+353165e-05
+277661e-05
+175365e-05
+584549e-06
-462768e-06
-131524e-05
-199721e-05
-233820e-05
-226513e-05
-189979e-05
-136395e-05
-803756e-06
-316631e-06
+730687e-07
+340987e-06
+462768e-06
+438412e-06
+267919e-06
+000000e+00
-340987e-06
-779399e-06
-126652e-05
-168058e-05
-202157e-05
-219206e-05
-209464e-05
-177800e-05
-121781e-05
-462768e-06
+365343e-06
+129088e-05
+226513e-05
+304453e-05
+360472e-05
+384828e-05
+367779e-05
+321502e-05
+243562e-05
+138831e-05
+316631e-06
-779399e-06
-189979e-05
-284968e-05
-353165e-05
-389700e-05
-394571e-05
-365343e-05
-306888e-05
-216770e-05
-104732e-05
+730687e-07
+124217e-05
+238691e-05
+323938e-05
+370215e-05
+372650e-05
+326373e-05
+228949e-05
+949893e-06
-462768e-06
-187543e-05
-306888e-05
-382393e-05
-404313e-05
-367779e-05
-282532e-05
-153444e-05
-121781e-06
+124217e-05
+253305e-05
+353165e-05
+414056e-05
+433541e-05
+411620e-05
+353165e-05
+272790e-05
+175365e-05
+633262e-06
-560193e-06
-180236e-05
-297146e-05
-399442e-05
-470075e-05
-489560e-05
-457897e-05
-375086e-05
-243562e-05
-828112e-06
+803756e-06
+238691e-05
+377522e-05
+467640e-05
+499303e-05
+482253e-05
+416492e-05
+314195e-05
+192414e-05
+633262e-06
-511481e-06
-151009e-05
-238691e-05
-292275e-05
-304453e-05
-280097e-05
-216770e-05
-126652e-05
-316631e-06
+657618e-06
+155880e-05
+216770e-05
+233820e-05
+197285e-05
+116910e-05
+121781e-06
-109603e-05
-241127e-05
-350730e-05
-421363e-05
-445719e-05
-418927e-05
-350730e-05
-250869e-05
-136395e-05
-316631e-06
+560193e-06
+124217e-05
+158315e-05
+160751e-05
+136395e-05
+876824e-06
+292275e-06
-243562e-06
-706331e-06
-107167e-05
-116910e-05
-949893e-06
-487125e-06
+974249e-07
+876824e-06
+177800e-05
+260612e-05
+326373e-05
+367779e-05
+382393e-05
+362908e-05
+311760e-05
+231384e-05
+131524e-05
+365343e-06
-487125e-06
-124217e-05
-165622e-05
-170494e-05
-143702e-05
-803756e-06
-243562e-07
+828112e-06
+170494e-05
+231384e-05
+250869e-05
+224077e-05
+155880e-05
+560193e-06
-608906e-06
-187543e-05
-302017e-05
-387264e-05
-435977e-05
-433541e-05
-384828e-05
-297146e-05
-177800e-05
-487125e-06
+779399e-06
+202157e-05
+294710e-05
+340987e-05
+347685e-05
+307497e-05
+219206e-05
+925537e-06
-563238e-06
-208855e-05
-344641e-05
-444501e-05
-494431e-05
-488342e-05
-425930e-05
-316935e-05
-176278e-05
-234429e-06
+121172e-05
+239909e-05
+318762e-05
+351948e-05
+340683e-05
+290448e-05
+210681e-05
+114474e-05
+149182e-06
-758088e-06
-147051e-05
-192110e-05
-206419e-05
-187543e-05
-136395e-05
-566282e-06
+447546e-06
+155271e-05
+262134e-05
+350730e-05
+407662e-05
+424712e-05
+398224e-05
+330027e-05
+228644e-05
+108385e-05
-133959e-06
-119650e-05
-197590e-05
-237473e-05
-236560e-05
-198503e-05
-132437e-05
-511481e-06
+313586e-06
+101992e-05
+149486e-05
+166840e-05
+152835e-05
+108385e-05
+404922e-06
-411011e-06
-126043e-05
-204288e-05
-265787e-05
-304148e-05
-317240e-05
-305671e-05
-273399e-05
-226817e-05
-172320e-05
-115388e-05
-618039e-06
-130915e-06
+298364e-06
+654574e-06
+946848e-06
+116910e-05
+130001e-05
+133655e-05
+126348e-05
+108385e-05
+803756e-06
+444501e-06
+456679e-07
-340987e-06
-669796e-06
-892047e-06
-968160e-06
-879869e-06
-614995e-06
-176583e-06
+407967e-06
+108081e-05
+177192e-05
+240822e-05
+291057e-05
+319067e-05
+318762e-05
+287099e-05
+223468e-05
+132437e-05
+240518e-06
-885958e-06
-191196e-05
-269745e-05
-313586e-05
-318458e-05
-285272e-05
-220424e-05
-137004e-05
-505392e-06
+243562e-06
+748954e-06
+959027e-06
+858557e-06
+499303e-06
-243562e-07
-593683e-06
-109603e-05
-143702e-05
-154358e-05
-139135e-05
-100469e-05
-417100e-06
+304453e-06
+107472e-05
+181149e-05
+243258e-05
+287099e-05
+307497e-05
+300495e-05
+265787e-05
+204897e-05
+123608e-05
+304453e-06
-654574e-06
-152226e-05
-218597e-05
-256654e-05
-260612e-05
-228035e-05
-163187e-05
-742865e-06
+283141e-06
+130610e-05
+217684e-05
+277052e-05
+299886e-05
+281923e-05
+224382e-05
+132437e-05
+167449e-06
-109603e-05
-234124e-05
-343423e-05
-425625e-05
-471597e-05
-477382e-05
-441152e-05
-362908e-05
-249956e-05
-112343e-05
+380566e-06
+186934e-05
+318153e-05
+417709e-05
+474338e-05
+483167e-05
+442674e-05
+357123e-05
+237169e-05
+980338e-06
-438412e-06
-171103e-05
-268527e-05
-326069e-05
-339160e-05
-307802e-05
-239604e-05
-143702e-05
-328809e-06
+779399e-06
+175669e-05
+249042e-05
+290448e-05
+295319e-05
+262438e-05
+195459e-05
+102601e-05
-578460e-07
-117519e-05
-220728e-05
-302931e-05
-354992e-05
-373259e-05
-357123e-05
-311151e-05
-242344e-05
-159533e-05
-709375e-06
+173538e-06
+986427e-06
+169580e-05
+228644e-05
+273703e-05
+301408e-05
+308411e-05
+292579e-05
+252087e-05
+187847e-05
+105341e-05
+146137e-06
-709375e-06
-136090e-05
-168667e-05
-161969e-05
-116301e-05
-386655e-06
+563238e-06
+149486e-05
+222555e-05
+261221e-05
+256654e-05
+209159e-05
+125435e-05
+191805e-06
-925537e-06
-193936e-05
-272181e-05
-317240e-05
-326373e-05
-301408e-05
-246607e-05
-170189e-05
-818978e-06
+943804e-07
+943804e-06
+163796e-05
+211595e-05
+234429e-05
+231080e-05
+204897e-05
+161360e-05
+108385e-05
+554104e-06
+913359e-07
-264874e-06
-481036e-06
-584549e-06
-627173e-06
-645440e-06
-691108e-06
-782444e-06
-910314e-06
-104123e-05
-113256e-05
-113561e-05
-102601e-05
-815934e-06
-544971e-06
-255740e-06
-152226e-07
+118737e-06
+130915e-06
+213117e-07
-188761e-06
-441457e-06
-691108e-06
-882913e-06
-983383e-06
-977294e-06
-864646e-06
-666752e-06
-404922e-06
-121781e-06
+149182e-06
+365343e-06
+505392e-06
+554104e-06
+508436e-06
+398833e-06
+270963e-06
+179627e-06
+185716e-06
+340987e-06
+666752e-06
+116301e-05
+176278e-05
+239300e-05
+296842e-05
+337029e-05
+351339e-05
+335507e-05
+288621e-05
+212813e-05
+115997e-05
+882913e-07
-965116e-06
-187847e-05
-253914e-05
-286490e-05
-281619e-05
-239909e-05
-167145e-05
-748954e-06
+222251e-06
+108690e-05
+169885e-05
+195154e-05
+179932e-05
+125435e-05
+392744e-06
-660663e-06
-174756e-05
-270963e-05
-343423e-05
-385437e-05
-395484e-05
-375999e-05
-334289e-05
-278270e-05
-214335e-05
-148573e-05
-834201e-06
-200939e-06
+411011e-06
+995561e-06
+152835e-05
+197590e-05
+228644e-05
+242649e-05
+235647e-05
+207637e-05
+162273e-05
+105036e-05
+444501e-06
-103514e-06
-523659e-06
-764177e-06
-815934e-06
-685019e-06
-411011e-06
-365343e-07
+401878e-06
+870735e-06
+134568e-05
+181454e-05
+224991e-05
+261829e-05
+288012e-05
+298364e-05
+287404e-05
+252696e-05
+194241e-05
+115388e-05
+231384e-06
-724598e-06
-160447e-05
-230166e-05
-274008e-05
-289230e-05
-277357e-05
-241431e-05
-188761e-05
-127261e-05
-651529e-06
-913359e-07
+365343e-06
+688064e-06
+861602e-06
+876824e-06
+736776e-06
+453635e-06
+517570e-07
-432323e-06
-946848e-06
-141266e-05
-176278e-05
-194850e-05
-191501e-05
-165927e-05
-119650e-05
-575416e-06
+121781e-06
+818978e-06
+142788e-05
+187847e-05
+211290e-05
+209768e-05
+184194e-05
+138222e-05
+767221e-06
+761132e-07
-611950e-06
-122695e-05
-169580e-05
-196068e-05
-201243e-05
-183890e-05
-147051e-05
-971205e-06
-395789e-06
+185716e-06
+721553e-06
+115692e-05
+145833e-05
+161969e-05
+163491e-05
+152531e-05
+130610e-05
+100469e-05
+648485e-06
+264874e-06
-106559e-06
-426234e-06
-660663e-06
-767221e-06
-715464e-06
-496258e-06
-118737e-06
+365343e-06
+882913e-06
+135177e-05
+169580e-05
+182976e-05
+171407e-05
+135786e-05
+806800e-06
+137004e-06
-551060e-06
-115692e-05
-158011e-05
-177496e-05
-171711e-05
-142788e-05
-977294e-06
-453635e-06
+395789e-07
+395789e-06
+557149e-06
+481036e-06
+182672e-06
-283141e-06
-849423e-06
-139135e-05
-179627e-05
-198503e-05
-189065e-05
-152226e-05
-919448e-06
-170494e-06
+618039e-06
+132133e-05
+183585e-05
+210377e-05
+209464e-05
+181454e-05
+132741e-05
+694153e-06
-608906e-08
-672841e-06
-123608e-05
-163796e-05
-182976e-05
-179323e-05
-153140e-05
-106559e-05
-438412e-06
+286186e-06
+102601e-05
+170189e-05
+224077e-05
+258176e-05
+269136e-05
+255740e-05
+217988e-05
+158620e-05
+834201e-06
-152226e-07
-867691e-06
-164709e-05
-228035e-05
-268223e-05
-280097e-05
-262134e-05
-214335e-05
-142484e-05
-535837e-06
+417100e-06
+132133e-05
+207332e-05
+257872e-05
+278879e-05
+268527e-05
+227731e-05
+163187e-05
+828112e-06
-274008e-07
-831156e-06
-148573e-05
-192719e-05
-212508e-05
-208246e-05
-182367e-05
-141571e-05
-931626e-06
-429279e-06
+182672e-07
+368388e-06
+611950e-06
+745910e-06
+782444e-06
+739820e-06
+642396e-06
+496258e-06
+325765e-06
+143093e-06
-517570e-07
-249651e-06
-432323e-06
-581505e-06
-706331e-06
-785488e-06
-815934e-06
-794622e-06
-721553e-06
-605861e-06
-453635e-06
-261829e-06
-426234e-07
+176583e-06
+380566e-06
+548015e-06
+663707e-06
+700242e-06
+651529e-06
+523659e-06
+347076e-06
+152226e-06
-274008e-07
-155271e-06
-203983e-06
-170494e-06
-639351e-07
+913359e-07
+258785e-06
+401878e-06
+496258e-06
+532793e-06
+526703e-06
+493214e-06
+474946e-06
+502347e-06
+599772e-06
+770266e-06
+989472e-06
+121781e-05
+141266e-05
+152226e-05
+150400e-05
+133655e-05
+101383e-05
+557149e-06
+304453e-08
-602817e-06
-120563e-05
-175669e-05
-221337e-05
-255436e-05
-274921e-05
-279183e-05
-268527e-05
-242344e-05
-202461e-05
-151009e-05
-925537e-06
-322720e-06
+237473e-06
+672841e-06
+913359e-06
+910314e-06
+648485e-06
+164405e-06
-471902e-06
-115083e-05
-173234e-05
-208246e-05
-209159e-05
-171103e-05
-946848e-06
+118737e-06
+134568e-05
+256958e-05
+363212e-05
+438412e-05
+475555e-05
+472815e-05
+434454e-05
+369301e-05
+288012e-05
+201548e-05
+118128e-05
+438412e-06
-188761e-06
-691108e-06
-106559e-05
-130001e-05
-139439e-05
-134568e-05
-116910e-05
-901181e-06
-593683e-06
-319676e-06
-161360e-06
-188761e-06
-432323e-06
-864646e-06
-141875e-05
-200026e-05
-250565e-05
-281010e-05
-286186e-05
-265178e-05
-221337e-05
-161360e-05
-955982e-06
-331854e-06
+185716e-06
+563238e-06
+797666e-06
+898136e-06
+910314e-06
+858557e-06
+779399e-06
+688064e-06
+572371e-06
+423189e-06
+240518e-06
+243562e-07
-222251e-06
+000000e+00
+000000e+00
+000000e+00
+000000e+00
[ENDDATA]
