[FILEINFO]
File: D:\CMC thesis\AE software\TUNGSTEN\Vallen\T12.tra
SampleRate[Hz]: 10000000
SetsOnFile: 3
Samples: 2048
[SETINFO]
Set: 2
Index: 2
Time:  14 23:02:10 59.4771
Channel: 2
PreTriggerSamples: 100
Data: Amplitude [mV]
[DATA]
+000000e+00
+000000e+00
+304453e-08
+304453e-08
+304453e-08
+000000e+00
+000000e+00
+000000e+00
-304453e-08
-304453e-08
+000000e+00
+000000e+00
+000000e+00
+000000e+00
+000000e+00
+000000e+00
+000000e+00
+000000e+00
+000000e+00
+000000e+00
-304453e-08
-304453e-08
-304453e-08
-608906e-08
-913359e-08
-913359e-08
-608906e-08
-608906e-08
-608906e-08
-608906e-08
-304453e-08
-304453e-08
-304453e-08
-304453e-08
+000000e+00
-304453e-08
-304453e-08
-304453e-08
-304453e-08
-608906e-08
-608906e-08
-304453e-08
-304453e-08
+000000e+00
-304453e-08
-304453e-08
-304453e-08
+000000e+00
+000000e+00
+000000e+00
+000000e+00
+000000e+00
+000000e+00
+304453e-08
+000000e+00
+000000e+00
+000000e+00
+304453e-08
+000000e+00
+304453e-08
+304453e-08
+000000e+00
+000000e+00
+000000e+00
+000000e+00
+000000e+00
+304453e-08
+608906e-08
+608906e-08
+608906e-08
+304453e-08
+304453e-08
+304453e-08
+000000e+00
+000000e+00
+000000e+00
+000000e+00
-304453e-08
-304453e-08
-304453e-08
-304453e-08
-304453e-08
-304453e-08
-304453e-08
-304453e-08
-304453e-08
-304453e-08
-304453e-08
+000000e+00
+000000e+00
-304453e-08
-304453e-08
-304453e-08
-608906e-08
-913359e-08
-913359e-08
-121781e-07
-182672e-07
-304453e-07
-487125e-07
-791577e-07
-124826e-06
-182672e-06
-240518e-06
-280097e-06
-277052e-06
-197894e-06
-274008e-07
+246607e-06
+614995e-06
+104732e-05
+147051e-05
+179018e-05
+192414e-05
+180541e-05
+138831e-05
+666752e-06
-295319e-06
-139135e-05
-247825e-05
-342509e-05
-412534e-05
-451504e-05
-456375e-05
-426843e-05
-362908e-05
-270354e-05
-151009e-05
-121781e-06
+148573e-05
+333680e-05
+516352e-05
+681974e-05
+818369e-05
+901180e-05
+910923e-05
+837854e-05
+686846e-05
+460333e-05
+175365e-05
-126652e-05
-423798e-05
-686846e-05
-898745e-05
-104975e-04
-111064e-04
-107655e-04
-957200e-05
-764786e-05
-521223e-05
-236255e-05
+608906e-06
+343423e-05
+586985e-05
+762350e-05
+859775e-05
+867082e-05
+786706e-05
+638133e-05
+435977e-05
+204592e-05
-974249e-07
-202157e-05
-360472e-05
-465204e-05
-518788e-05
-518788e-05
-474946e-05
-387264e-05
-263047e-05
-119346e-05
+267919e-06
+172929e-05
+306888e-05
+404313e-05
+453026e-05
+438412e-05
+362908e-05
+238691e-05
+901181e-06
-560193e-06
-194850e-05
-306888e-05
-370215e-05
-384828e-05
-350730e-05
-277661e-05
-172929e-05
-560193e-06
+633262e-06
+182672e-05
+287404e-05
+377522e-05
+438412e-05
+460333e-05
+443283e-05
+379957e-05
+275225e-05
+138831e-05
-146137e-06
-177800e-05
-338552e-05
-470075e-05
-557758e-05
-591856e-05
-567500e-05
-494431e-05
-379957e-05
-236255e-05
-925537e-06
+340987e-06
+148573e-05
+245998e-05
+311760e-05
+350730e-05
+365343e-05
+350730e-05
+311760e-05
+243562e-05
+143702e-05
+340987e-06
-828112e-06
-209464e-05
-319067e-05
-397007e-05
-431105e-05
-411620e-05
-340987e-05
-219206e-05
-657618e-06
+104732e-05
+280097e-05
+438412e-05
+552886e-05
+606470e-05
+599163e-05
+526095e-05
+389700e-05
+204592e-05
+487125e-07
-199721e-05
-397007e-05
-555322e-05
-660054e-05
-699024e-05
-672232e-05
-577243e-05
-416492e-05
-204592e-05
+267919e-06
+260612e-05
+482253e-05
+650311e-05
+745301e-05
+764786e-05
+696588e-05
+552886e-05
+348294e-05
+109603e-05
-131524e-05
-355601e-05
-530966e-05
-633262e-05
-660054e-05
-623519e-05
-521223e-05
-367779e-05
-185107e-05
-730687e-07
+153444e-05
+284968e-05
+365343e-05
+399442e-05
+379957e-05
+319067e-05
+221642e-05
+104732e-05
+000000e+00
-102296e-05
-194850e-05
-258176e-05
-287404e-05
-280097e-05
-241127e-05
-177800e-05
-974249e-06
-170494e-06
+608906e-06
+133959e-05
+192414e-05
+231384e-05
+238691e-05
+219206e-05
+175365e-05
+109603e-05
+365343e-06
-316631e-06
-974249e-06
-151009e-05
-175365e-05
-170494e-05
-133959e-05
-730687e-06
-730687e-07
+608906e-06
+121781e-05
+155880e-05
+160751e-05
+138831e-05
+974249e-06
+462768e-06
+000000e+00
-340987e-06
-535837e-06
-584549e-06
-487125e-06
-316631e-06
-170494e-06
-730687e-07
-730687e-07
-170494e-06
-365343e-06
-657618e-06
-102296e-05
-141266e-05
-175365e-05
-207028e-05
-231384e-05
-241127e-05
-233820e-05
-204592e-05
-153444e-05
-803756e-06
+487125e-07
+998605e-06
+204592e-05
+294710e-05
+358037e-05
+387264e-05
+370215e-05
+311760e-05
+214335e-05
+949893e-06
-194850e-06
-121781e-05
-214335e-05
-275225e-05
-292275e-05
-272790e-05
-221642e-05
-155880e-05
-828112e-06
-170494e-06
+414056e-06
+102296e-05
+151009e-05
+192414e-05
+231384e-05
+253305e-05
+258176e-05
+248434e-05
+214335e-05
+155880e-05
+779399e-06
+000000e+00
-779399e-06
-158315e-05
-216770e-05
-248434e-05
-245998e-05
-207028e-05
-151009e-05
-876824e-06
-267919e-06
+170494e-06
+462768e-06
+633262e-06
+608906e-06
+462768e-06
+316631e-06
+146137e-06
-243562e-07
-146137e-06
-267919e-06
-438412e-06
-657618e-06
-852468e-06
-104732e-05
-124217e-05
-136395e-05
-136395e-05
-119346e-05
-925537e-06
-560193e-06
-121781e-06
+340987e-06
+852468e-06
+133959e-05
+172929e-05
+197285e-05
+199721e-05
+182672e-05
+153444e-05
+114474e-05
+755043e-06
+414056e-06
+121781e-06
-487125e-07
-146137e-06
-243562e-06
-389700e-06
-633262e-06
-925537e-06
-121781e-05
-146137e-05
-158315e-05
-155880e-05
-136395e-05
-974249e-06
-462768e-06
+000000e+00
+389700e-06
+681974e-06
+852468e-06
+876824e-06
+779399e-06
+633262e-06
+414056e-06
+170494e-06
-121781e-06
-560193e-06
-114474e-05
-175365e-05
-233820e-05
-275225e-05
-275225e-05
-226513e-05
-133959e-05
-170494e-06
+119346e-05
+265483e-05
+392135e-05
+467640e-05
+477382e-05
+426234e-05
+323938e-05
+192414e-05
+560193e-06
-657618e-06
-168058e-05
-248434e-05
-299582e-05
-321502e-05
-323938e-05
-316631e-05
-292275e-05
-238691e-05
-158315e-05
-560193e-06
+657618e-06
+204592e-05
+345858e-05
+457897e-05
+518788e-05
+518788e-05
+450590e-05
+316631e-05
+136395e-05
-535837e-06
-241127e-05
-414056e-05
-540708e-05
-606470e-05
-608906e-05
-548015e-05
-423798e-05
-253305e-05
-633262e-06
+146137e-05
+360472e-05
+535837e-05
+652747e-05
+699024e-05
+662489e-05
+540708e-05
+326373e-05
+560193e-06
-233820e-05
-509045e-05
-716073e-05
-830547e-05
-828112e-05
-708766e-05
-496867e-05
-219206e-05
+657618e-06
+323938e-05
+521223e-05
+618648e-05
+628391e-05
+560193e-05
+431105e-05
+275225e-05
+119346e-05
-730687e-07
-104732e-05
-182672e-05
-238691e-05
-275225e-05
-292275e-05
-289839e-05
-260612e-05
-209464e-05
-138831e-05
-511481e-06
+389700e-06
+129088e-05
+211899e-05
+267919e-05
+282532e-05
+258176e-05
+207028e-05
+146137e-05
+876824e-06
+389700e-06
+121781e-06
+243562e-07
+243562e-07
+730687e-07
+974249e-07
+000000e+00
-267919e-06
-730687e-06
-141266e-05
-224077e-05
-299582e-05
-355601e-05
-384828e-05
-372650e-05
-323938e-05
-228949e-05
-949893e-06
+462768e-06
+194850e-05
+336116e-05
+438412e-05
+484689e-05
+470075e-05
+384828e-05
+236255e-05
+560193e-06
-143702e-05
-340987e-05
-496867e-05
-591856e-05
-616213e-05
-560193e-05
-428670e-05
-241127e-05
-292275e-06
+194850e-05
+409185e-05
+567500e-05
+660054e-05
+686846e-05
+645440e-05
+540708e-05
+382393e-05
+189979e-05
+243562e-07
-165622e-05
-304453e-05
-392135e-05
-423798e-05
-392135e-05
-309324e-05
-189979e-05
-560193e-06
+803756e-06
+211899e-05
+309324e-05
+362908e-05
+372650e-05
+336116e-05
+258176e-05
+141266e-05
+974249e-07
-133959e-05
-287404e-05
-423798e-05
-530966e-05
-591856e-05
-594292e-05
-533401e-05
-416492e-05
-253305e-05
-706331e-06
+116910e-05
+292275e-05
+421363e-05
+489560e-05
+489560e-05
+421363e-05
+297146e-05
+141266e-05
-170494e-06
-165622e-05
-287404e-05
-360472e-05
-379957e-05
-345858e-05
-263047e-05
-143702e-05
-146137e-06
+114474e-05
+241127e-05
+338552e-05
+389700e-05
+392135e-05
+340987e-05
+243562e-05
+114474e-05
-194850e-06
-155880e-05
-272790e-05
-343423e-05
-372650e-05
-350730e-05
-280097e-05
-175365e-05
-560193e-06
+681974e-06
+187543e-05
+277661e-05
+333680e-05
+360472e-05
+350730e-05
+314195e-05
+255740e-05
+175365e-05
+852468e-06
-243562e-07
-876824e-06
-172929e-05
-243562e-05
-289839e-05
-306888e-05
-287404e-05
-228949e-05
-138831e-05
-389700e-06
+608906e-06
+155880e-05
+228949e-05
+255740e-05
+228949e-05
+155880e-05
+511481e-06
-730687e-06
-207028e-05
-319067e-05
-394571e-05
-426234e-05
-399442e-05
-319067e-05
-192414e-05
-414056e-06
+114474e-05
+265483e-05
+394571e-05
+474946e-05
+489560e-05
+445719e-05
+348294e-05
+204592e-05
+462768e-06
-102296e-05
-241127e-05
-340987e-05
-382393e-05
-370215e-05
-309324e-05
-209464e-05
-828112e-06
+438412e-06
+158315e-05
+255740e-05
+311760e-05
+326373e-05
+306888e-05
+245998e-05
+151009e-05
+414056e-06
-779399e-06
-209464e-05
-326373e-05
-409185e-05
-450590e-05
-433541e-05
-362908e-05
-241127e-05
-803756e-06
+925537e-06
+265483e-05
+418927e-05
+521223e-05
+555322e-05
+523659e-05
+428670e-05
+280097e-05
+104732e-05
-681974e-06
-231384e-05
-370215e-05
-460333e-05
-496867e-05
-482253e-05
-411620e-05
-297146e-05
-153444e-05
+000000e+00
+151009e-05
+284968e-05
+382393e-05
+431105e-05
+414056e-05
+343423e-05
+228949e-05
+901181e-06
-414056e-06
-160751e-05
-260612e-05
-314195e-05
-319067e-05
-292275e-05
-236255e-05
-168058e-05
-102296e-05
-414056e-06
+000000e+00
+292275e-06
+584549e-06
+828112e-06
+104732e-05
+126652e-05
+146137e-05
+153444e-05
+143702e-05
+114474e-05
+633262e-06
+730687e-07
-511481e-06
-109603e-05
-151009e-05
-168058e-05
-163187e-05
-138831e-05
-998605e-06
-584549e-06
-243562e-06
-487125e-07
+487125e-07
+974249e-07
+121781e-06
+194850e-06
+389700e-06
+706331e-06
+112039e-05
+155880e-05
+197285e-05
+226513e-05
+228949e-05
+204592e-05
+160751e-05
+102296e-05
+389700e-06
-146137e-06
-608906e-06
-925537e-06
-102296e-05
-925537e-06
-681974e-06
-340987e-06
-487125e-07
+146137e-06
+292275e-06
+340987e-06
+243562e-06
+487125e-07
-170494e-06
-438412e-06
-755043e-06
-109603e-05
-141266e-05
-170494e-05
-204592e-05
-233820e-05
-248434e-05
-248434e-05
-228949e-05
-189979e-05
-131524e-05
-584549e-06
+146137e-06
+876824e-06
+151009e-05
+194850e-05
+214335e-05
+202157e-05
+175365e-05
+143702e-05
+109603e-05
+852468e-06
+730687e-06
+657618e-06
+560193e-06
+389700e-06
+146137e-06
-219206e-06
-755043e-06
-136395e-05
-189979e-05
-221642e-05
-214335e-05
-170494e-05
-925537e-06
+487125e-07
+114474e-05
+233820e-05
+323329e-05
+374173e-05
+388482e-05
+352556e-05
+272790e-05
+160447e-05
+298364e-06
-101078e-05
-216162e-05
-301408e-05
-346163e-05
-347381e-05
-305671e-05
-225600e-05
-119041e-05
+000000e+00
+117214e-05
+217379e-05
+287708e-05
+319676e-05
+310237e-05
+259698e-05
+172625e-05
+596728e-06
-672841e-06
-196068e-05
-312978e-05
-405531e-05
-464291e-05
-482862e-05
-458202e-05
-390917e-05
-286490e-05
-154967e-05
-100469e-06
+133046e-05
+259089e-05
+354383e-05
+408576e-05
+417709e-05
+381175e-05
+305975e-05
+202157e-05
+834201e-06
-337943e-06
-136090e-05
-210986e-05
-250260e-05
-249651e-05
-210072e-05
-137004e-05
-398833e-06
+694153e-06
+176887e-05
+269136e-05
+333985e-05
+362299e-05
+350425e-05
+298973e-05
+214335e-05
+106863e-05
-852468e-07
-115692e-05
-202766e-05
-258480e-05
-277052e-05
-257872e-05
-206115e-05
-131828e-05
-465813e-06
+380566e-06
+111125e-05
+163491e-05
+189674e-05
+188761e-05
+163187e-05
+115997e-05
+544971e-06
-137004e-06
-809845e-06
-139744e-05
-183585e-05
-209464e-05
-215553e-05
-203679e-05
-177800e-05
-143397e-05
-108081e-05
-782444e-06
-575416e-06
-477991e-06
-465813e-06
-484080e-06
-481036e-06
-411011e-06
-228340e-06
+578460e-07
+398833e-06
+739820e-06
+101383e-05
+117214e-05
+119650e-05
+108690e-05
+879869e-06
+630217e-06
+401878e-06
+216162e-06
+852468e-07
-913359e-08
-943804e-07
-207028e-06
-359254e-06
-514525e-06
-627173e-06
-648485e-06
-514525e-06
-194850e-06
+292275e-06
+882913e-06
+148877e-05
+201243e-05
+235951e-05
+248738e-05
+239909e-05
+212813e-05
+173234e-05
+128175e-05
+800711e-06
+307497e-06
-191805e-06
-724598e-06
-127870e-05
-182063e-05
-228035e-05
-256349e-05
-256654e-05
-222860e-05
-155271e-05
-611950e-06
+423189e-06
+135177e-05
+196981e-05
+211290e-05
+172320e-05
+852468e-06
-353165e-06
-166536e-05
-281619e-05
-359559e-05
-386046e-05
-354992e-05
-273399e-05
-156184e-05
-231384e-06
+105950e-05
+214639e-05
+290752e-05
+330027e-05
+333985e-05
+307802e-05
+259394e-05
+195763e-05
+124826e-05
+517570e-06
-191805e-06
-834201e-06
-137004e-05
-176583e-05
-199112e-05
-203070e-05
-187847e-05
-155271e-05
-110212e-05
-560193e-06
+213117e-07
+587594e-06
+108690e-05
+147660e-05
+171407e-05
+176583e-05
+161056e-05
+126043e-05
+733731e-06
+974249e-07
-541926e-06
-109299e-05
-145833e-05
-155880e-05
-137613e-05
-928581e-06
-307497e-06
+365343e-06
+968160e-06
+138831e-05
+156184e-05
+148573e-05
+119346e-05
+761132e-06
+280097e-06
-167449e-06
-532793e-06
-800711e-06
-998605e-06
-114474e-05
-124826e-05
-130915e-05
-131219e-05
-121477e-05
-977294e-06
-587594e-06
-608906e-07
+532793e-06
+109603e-05
+152531e-05
+173538e-05
+168667e-05
+138831e-05
+919448e-06
+389700e-06
-882913e-07
-401878e-06
-499303e-06
-389700e-06
-137004e-06
+152226e-06
+356210e-06
+383611e-06
+182672e-06
-237473e-06
-803756e-06
-137917e-05
-183281e-05
-204897e-05
-194850e-05
-153140e-05
-864646e-06
-761132e-07
+691108e-06
+128175e-05
+159229e-05
+158011e-05
+125435e-05
+700242e-06
+517570e-07
-548015e-06
-986427e-06
-116301e-05
-105645e-05
-700242e-06
-182672e-06
+395789e-06
+922492e-06
+131828e-05
+153749e-05
+157098e-05
+145528e-05
+123608e-05
+971205e-06
+700242e-06
+438412e-06
+173538e-06
-112648e-06
-432323e-06
-785488e-06
-114170e-05
-144920e-05
-162882e-05
-161664e-05
-136699e-05
-861602e-06
-143093e-06
+678930e-06
+148573e-05
+214335e-05
+253305e-05
+259394e-05
+231080e-05
+174756e-05
+100469e-05
+197894e-06
-544971e-06
-112952e-05
-151922e-05
-171103e-05
-175060e-05
-170798e-05
-164100e-05
-158315e-05
-153749e-05
-148573e-05
-138222e-05
-118128e-05
-855513e-06
-417100e-06
+791577e-07
+557149e-06
+922492e-06
+107472e-05
+955982e-06
+575416e-06
-304453e-08
-678930e-06
-130001e-05
-173234e-05
-185716e-05
-161056e-05
-101078e-05
-121781e-06
+934670e-06
+199721e-05
+291057e-05
+354992e-05
+383611e-05
+374477e-05
+331245e-05
+260003e-05
+169885e-05
+727642e-06
-207028e-06
-102905e-05
-166536e-05
-207941e-05
-226513e-05
-223164e-05
-200330e-05
-163491e-05
-116910e-05
-663707e-06
-152226e-06
+319676e-06
+712420e-06
+100469e-05
+115997e-05
+117214e-05
+102905e-05
+727642e-06
+286186e-06
-237473e-06
-788533e-06
-129697e-05
-167449e-05
-186325e-05
-182367e-05
-156793e-05
-114779e-05
-642396e-06
-137004e-06
+286186e-06
+560193e-06
+675885e-06
+648485e-06
+529748e-06
+389700e-06
+283141e-06
+234429e-06
+243562e-06
+286186e-06
+316631e-06
+295319e-06
+194850e-06
+243562e-07
-182672e-06
-368388e-06
-462768e-06
-417100e-06
-207028e-06
+164405e-06
+654574e-06
+119650e-05
+169580e-05
+207941e-05
+229557e-05
+229862e-05
+208855e-05
+169885e-05
+117214e-05
+544971e-06
-130915e-06
-818978e-06
-147051e-05
-203983e-05
-249042e-05
-275225e-05
-278879e-05
-256654e-05
-206419e-05
-133046e-05
-444501e-06
+496258e-06
+135786e-05
+201548e-05
+236560e-05
+235951e-05
+200026e-05
+134264e-05
+493214e-06
-414056e-06
-124521e-05
-189674e-05
-228949e-05
-239604e-05
-222555e-05
-183890e-05
-132437e-05
-755043e-06
-216162e-06
+225295e-06
+538882e-06
+715464e-06
+767221e-06
+742865e-06
+681974e-06
+621084e-06
+590639e-06
+602817e-06
+645440e-06
+694153e-06
+721553e-06
+694153e-06
+584549e-06
+386655e-06
+115692e-06
-194850e-06
-477991e-06
-675885e-06
-742865e-06
-639351e-06
-365343e-06
+487125e-07
+541926e-06
+104123e-05
+146137e-05
+173843e-05
+182367e-05
+170189e-05
+140353e-05
+980338e-06
+496258e-06
+913359e-08
-435368e-06
-806800e-06
-109299e-05
-130001e-05
-143397e-05
-151922e-05
-154662e-05
-151313e-05
-140048e-05
-119346e-05
-876824e-06
-456679e-06
+395789e-07
+572371e-06
+108994e-05
+153444e-05
+184498e-05
+198503e-05
+193328e-05
+167449e-05
+122390e-05
+636306e-06
-456679e-07
-739820e-06
-135482e-05
-183585e-05
-213421e-05
-221946e-05
-209464e-05
-179323e-05
-137004e-05
-885958e-06
-389700e-06
+669796e-07
+462768e-06
+788533e-06
+103514e-05
+120563e-05
+129088e-05
+125435e-05
+109299e-05
+797666e-06
+374477e-06
-121781e-06
-605861e-06
-986427e-06
-118128e-05
-112648e-05
-806800e-06
-270963e-06
+380566e-06
+102296e-05
+153140e-05
+180541e-05
+181149e-05
+157402e-05
+116605e-05
+685019e-06
+234429e-06
-140048e-06
-441457e-06
-703286e-06
-995561e-06
-136090e-05
-180236e-05
-228035e-05
-269136e-05
-288621e-05
-273703e-05
-216466e-05
-117823e-05
+106559e-06
+151009e-05
+279792e-05
+374477e-05
+418927e-05
+407358e-05
+345858e-05
+246911e-05
+131524e-05
+216162e-06
-660663e-06
-121172e-05
-142788e-05
-136699e-05
-114474e-05
-867691e-06
-627173e-06
-481036e-06
-432323e-06
-429279e-06
-414056e-06
-325765e-06
-133959e-06
+155271e-06
+502347e-06
+840290e-06
+107167e-05
+112343e-05
+931626e-06
+462768e-06
-249651e-06
-113256e-05
-206419e-05
-288621e-05
-344336e-05
-360777e-05
-329418e-05
-250565e-05
-132437e-05
+943804e-07
+152835e-05
+273703e-05
+351948e-05
+374477e-05
+336725e-05
+245693e-05
+117823e-05
-240518e-06
-155271e-05
-254523e-05
-305671e-05
-303540e-05
-252696e-05
-165013e-05
-566282e-06
+532793e-06
+147051e-05
+212508e-05
+244171e-05
+242953e-05
+214030e-05
+167754e-05
+114170e-05
+630217e-06
+240518e-06
+304453e-07
+152226e-07
+194850e-06
+520614e-06
+913359e-06
+129392e-05
+155880e-05
+161969e-05
+141875e-05
+943804e-06
+222251e-06
-657618e-06
-156489e-05
-233515e-05
-283446e-05
-296233e-05
-269136e-05
-204897e-05
-115083e-05
-161360e-06
+745910e-06
+142179e-05
+175974e-05
+172016e-05
+135482e-05
+764177e-06
+882913e-07
-541926e-06
-103210e-05
-132437e-05
-142179e-05
-137308e-05
-124521e-05
-109299e-05
-943804e-06
-812889e-06
-675885e-06
-487125e-06
-207028e-06
+176583e-06
+645440e-06
+113561e-05
+154358e-05
+179018e-05
+179018e-05
+150704e-05
+955982e-06
+210072e-06
-618039e-06
-137917e-05
-194850e-05
-223164e-05
-217379e-05
-179323e-05
-117519e-05
-432323e-06
+319676e-06
+959027e-06
+140048e-05
+162578e-05
+165013e-05
+152531e-05
+131828e-05
+109907e-05
+907270e-06
+748954e-06
+608906e-06
+450590e-06
+243562e-06
-456679e-07
-404922e-06
-782444e-06
-109907e-05
-126957e-05
-121172e-05
-870735e-06
-249651e-06
+575416e-06
+147355e-05
+228949e-05
+285577e-05
+303844e-05
+276139e-05
+203983e-05
+968160e-06
-292275e-06
-153749e-05
-257872e-05
-326373e-05
-349207e-05
-325156e-05
-262743e-05
-174451e-05
-764177e-06
+152226e-06
+889002e-06
+136395e-05
+156793e-05
+152531e-05
+130001e-05
+962071e-06
+581505e-06
+200939e-06
-152226e-06
-474946e-06
-758088e-06
-101078e-05
-121172e-05
-133959e-05
-137917e-05
-129697e-05
-107776e-05
-727642e-06
-280097e-06
+216162e-06
+694153e-06
+108690e-05
+133655e-05
+141266e-05
+131219e-05
+106559e-05
+730687e-06
+374477e-06
+608906e-07
-167449e-06
-274008e-06
-264874e-06
-167449e-06
-304453e-07
+974249e-07
+182672e-06
+182672e-06
+943804e-07
-608906e-07
-267919e-06
-487125e-06
-672841e-06
-812889e-06
-882913e-06
-876824e-06
-797666e-06
-645440e-06
-435368e-06
-179627e-06
+127870e-06
+465813e-06
+815934e-06
+115388e-05
+145224e-05
+167754e-05
+178105e-05
+172016e-05
+147355e-05
+103818e-05
+441457e-06
-261829e-06
-980338e-06
-160751e-05
-204288e-05
-218597e-05
-198503e-05
-145833e-05
-645440e-06
+337943e-06
+133959e-05
+221033e-05
+280706e-05
+303844e-05
+286490e-05
+231080e-05
+147051e-05
+444501e-06
-642396e-06
-165318e-05
-248434e-05
-307497e-05
-338856e-05
-340987e-05
-314195e-05
-261221e-05
-185107e-05
-913359e-06
+133959e-06
+119650e-05
+216162e-05
+290752e-05
+331854e-05
+330636e-05
+283446e-05
+192719e-05
+666752e-06
-806800e-06
-229557e-05
-360777e-05
-456070e-05
-500825e-05
-488647e-05
-409185e-05
-270354e-05
-998605e-06
+803756e-06
+270354e-05
+448155e-05
+574807e-05
+645440e-05
+655183e-05
+604034e-05
+494431e-05
+328809e-05
+131524e-05
-633262e-06
-243562e-05
-397007e-05
-501738e-05
-543144e-05
-523659e-05
-450590e-05
-338552e-05
-202157e-05
-608906e-06
+681974e-06
+187543e-05
+277661e-05
+328809e-05
+345858e-05
+328809e-05
+282532e-05
+207028e-05
+114474e-05
+243562e-06
-657618e-06
-155880e-05
-236255e-05
-289839e-05
-309324e-05
-302017e-05
-263047e-05
-194850e-05
-112039e-05
-316631e-06
+438412e-06
+116910e-05
+170494e-05
+199721e-05
+207028e-05
+189979e-05
+158315e-05
+119346e-05
+755043e-06
+316631e-06
-487125e-07
-340987e-06
-657618e-06
-901181e-06
-107167e-05
-121781e-05
-121781e-05
-107167e-05
-828112e-06
-535837e-06
-194850e-06
+121781e-06
+365343e-06
+560193e-06
+657618e-06
+657618e-06
+511481e-06
+292275e-06
+974249e-07
-974249e-07
-243562e-06
-365343e-06
-438412e-06
-487125e-06
-535837e-06
-560193e-06
-608906e-06
-657618e-06
-681974e-06
-657618e-06
-584549e-06
-438412e-06
-219206e-06
+243562e-07
+292275e-06
+608906e-06
+925537e-06
+112039e-05
+116910e-05
+104732e-05
+779399e-06
+389700e-06
-243562e-07
-462768e-06
-925537e-06
-129088e-05
-151009e-05
-153444e-05
-133959e-05
-925537e-06
-389700e-06
+146137e-06
+755043e-06
+141266e-05
+202157e-05
+250869e-05
+272790e-05
+270354e-05
+241127e-05
+182672e-05
+998605e-06
+121781e-06
-779399e-06
-170494e-05
-245998e-05
-289839e-05
-297146e-05
-263047e-05
-189979e-05
-901181e-06
+121781e-06
+107167e-05
+197285e-05
+258176e-05
+275225e-05
+248434e-05
+182672e-05
+876824e-06
-146137e-06
-119346e-05
-219206e-05
-289839e-05
-323938e-05
-321502e-05
-282532e-05
-211899e-05
-121781e-05
-292275e-06
+584549e-06
+133959e-05
+189979e-05
+221642e-05
+219206e-05
+185107e-05
+131524e-05
+657618e-06
+000000e+00
-681974e-06
-136395e-05
-185107e-05
-216770e-05
-226513e-05
-199721e-05
-148573e-05
-803756e-06
+000000e+00
+803756e-06
+158315e-05
+224077e-05
+263047e-05
+258176e-05
+214335e-05
+141266e-05
+511481e-06
-389700e-06
-126652e-05
-204592e-05
-253305e-05
-260612e-05
-228949e-05
-170494e-05
-925537e-06
-730687e-07
+755043e-06
+146137e-05
+199721e-05
+231384e-05
+228949e-05
+194850e-05
+138831e-05
+730687e-06
+974249e-07
-438412e-06
-852468e-06
-109603e-05
-109603e-05
-876824e-06
-535837e-06
-146137e-06
+219206e-06
+535837e-06
+755043e-06
+828112e-06
+779399e-06
+657618e-06
+487125e-06
+340987e-06
+243562e-06
+146137e-06
+730687e-07
+243562e-07
-730687e-07
-292275e-06
-633262e-06
-104732e-05
-143702e-05
-175365e-05
-192414e-05
-185107e-05
-155880e-05
-104732e-05
-389700e-06
+267919e-06
+876824e-06
+136395e-05
+160751e-05
+158315e-05
+129088e-05
+730687e-06
+730687e-07
-633262e-06
-138831e-05
-204592e-05
-250869e-05
-270354e-05
-265483e-05
-238691e-05
-189979e-05
-121781e-05
-438412e-06
+316631e-06
+109603e-05
+189979e-05
+258176e-05
+297146e-05
+304453e-05
+277661e-05
+209464e-05
+119346e-05
+243562e-06
-755043e-06
-165622e-05
-225295e-05
-249042e-05
-232298e-05
-171407e-05
-761132e-06
+386655e-06
+152835e-05
+249042e-05
+312978e-05
+333680e-05
+308715e-05
+244476e-05
+153749e-05
+532793e-06
-407967e-06
-113865e-05
-157098e-05
-168971e-05
-153140e-05
-117214e-05
-706331e-06
-237473e-06
+170494e-06
+487125e-06
+688064e-06
+776355e-06
+779399e-06
+712420e-06
+578460e-06
+377522e-06
+112648e-06
-207028e-06
-563238e-06
-913359e-06
-121172e-05
-141571e-05
-149486e-05
-141875e-05
-120563e-05
-889002e-06
-526703e-06
-179627e-06
+100469e-06
+261829e-06
+277052e-06
+161360e-06
-487125e-07
-313586e-06
-572371e-06
-764177e-06
-849423e-06
-806800e-06
-636306e-06
-359254e-06
-213117e-07
+325765e-06
+624128e-06
+815934e-06
+867691e-06
+764177e-06
+517570e-06
+170494e-06
-219206e-06
-581505e-06
-855513e-06
-995561e-06
-977294e-06
-806800e-06
-526703e-06
-179627e-06
+179627e-06
+511481e-06
+782444e-06
+974249e-06
+109603e-05
+116605e-05
+121172e-05
+123912e-05
+124217e-05
+121172e-05
+113865e-05
+100165e-05
+800711e-06
+551060e-06
+289230e-06
+608906e-07
-974249e-07
-146137e-06
-852468e-07
+791577e-07
+310542e-06
+554104e-06
+745910e-06
+828112e-06
+767221e-06
+557149e-06
+216162e-06
-219206e-06
-700242e-06
-117823e-05
-160751e-05
-193936e-05
-214639e-05
-221337e-05
-211595e-05
-186325e-05
-147051e-05
-974249e-06
-411011e-06
+158315e-06
+669796e-06
+107167e-05
+131219e-05
+137004e-05
+124826e-05
+986427e-06
+624128e-06
+222251e-06
-173538e-06
-514525e-06
-773310e-06
-940759e-06
-100774e-05
-971205e-06
-837245e-06
-599772e-06
-249651e-06
+197894e-06
+727642e-06
+127870e-05
+178105e-05
+215857e-05
+231689e-05
+219511e-05
+176887e-05
+106559e-05
+155271e-06
-843334e-06
-178714e-05
-254523e-05
-300799e-05
-310237e-05
-282532e-05
-220728e-05
-132741e-05
-295319e-06
+770266e-06
+174451e-05
+252391e-05
+302626e-05
+319676e-05
+301713e-05
+249956e-05
+169276e-05
+700242e-06
-356210e-06
-134568e-05
-214030e-05
-263047e-05
-275225e-05
-250565e-05
-193328e-05
-112952e-05
-225295e-06
+654574e-06
+140048e-05
+192414e-05
+218597e-05
+218597e-05
+194241e-05
+149791e-05
+913359e-06
+246607e-06
-447546e-06
-110212e-05
-165013e-05
-201852e-05
-215553e-05
-202157e-05
-160447e-05
-934670e-06
-913359e-07
+831156e-06
+168971e-05
+234124e-05
+267005e-05
+260307e-05
+214335e-05
+133046e-05
+283141e-06
-846379e-06
-189065e-05
-269441e-05
-314500e-05
-320284e-05
-286795e-05
-219815e-05
-130306e-05
+000000e+00
+000000e+00
+000000e+00
+000000e+00
[ENDDATA]
