[FILEINFO]
File: D:\CMC thesis\AE software\TUNGSTEN\Vallen\T13.tra
SampleRate[Hz]: 10000000
SetsOnFile: 10
Samples: 2048
[SETINFO]
Set: 7
Index: 7
Time:  14 23:17:24 272.0691
Channel: 1
PreTriggerSamples: 100
Data: Amplitude [mV]
[DATA]
+000000e+00
-304453e-08
-304453e-08
-304453e-08
-304453e-08
-304453e-08
-608906e-08
-608906e-08
-304453e-08
-304453e-08
-304453e-08
-304453e-08
+000000e+00
+000000e+00
+000000e+00
+304453e-08
+304453e-08
+304453e-08
+000000e+00
-304453e-08
-304453e-08
-304453e-08
-608906e-08
-608906e-08
-304453e-08
-304453e-08
-304453e-08
-304453e-08
+304453e-08
+608906e-08
+304453e-08
+304453e-08
+304453e-08
+304453e-08
+304453e-08
+000000e+00
+000000e+00
+000000e+00
+000000e+00
-304453e-08
-304453e-08
-304453e-08
-304453e-08
-304453e-08
-304453e-08
-304453e-08
+000000e+00
+000000e+00
+000000e+00
+000000e+00
+000000e+00
+000000e+00
+000000e+00
+000000e+00
+304453e-08
+304453e-08
+304453e-08
+304453e-08
+608906e-08
+304453e-08
+304453e-08
+304453e-08
+608906e-08
+304453e-08
+000000e+00
+304453e-08
+304453e-08
+000000e+00
+000000e+00
+000000e+00
+000000e+00
+000000e+00
+000000e+00
+000000e+00
-304453e-08
-304453e-08
-304453e-08
-304453e-08
-304453e-08
-304453e-08
-304453e-08
+000000e+00
+304453e-08
+304453e-08
+304453e-08
+000000e+00
-304453e-08
+000000e+00
+000000e+00
-304453e-08
-608906e-08
-608906e-08
-608906e-08
-608906e-08
-608906e-08
-913359e-08
-913359e-08
-152226e-07
-274008e-07
-426234e-07
-730687e-07
-118737e-06
-179627e-06
-249651e-06
-313586e-06
-344032e-06
-298364e-06
-146137e-06
+146137e-06
+587594e-06
+114779e-05
+176583e-05
+233211e-05
+271572e-05
+279183e-05
+243867e-05
+155880e-05
+316631e-06
-116910e-05
-287404e-05
-462768e-05
-623519e-05
-745301e-05
-825676e-05
-857339e-05
-818369e-05
-701459e-05
-494431e-05
-194850e-05
+170494e-05
+582114e-05
+101565e-04
+140535e-04
+169763e-04
+185351e-04
+184377e-04
+166109e-04
+130793e-04
+823241e-05
+258176e-05
-331245e-05
-884131e-05
-133472e-04
-164405e-04
-179993e-04
-179505e-04
-164405e-04
-138100e-04
-102540e-04
-623519e-05
-226513e-05
+133959e-05
+421363e-05
+611341e-05
+684410e-05
+645440e-05
+504174e-05
+287404e-05
+511481e-06
-163187e-05
-321502e-05
-382393e-05
-323938e-05
-153444e-05
+949893e-06
+397007e-05
+701459e-05
+957200e-05
+112769e-04
+117884e-04
+110090e-04
+898745e-05
+596728e-05
+214335e-05
-202157e-05
-596728e-05
-940150e-05
-118371e-04
-129332e-04
-127627e-04
-111795e-04
-825676e-05
-443283e-05
-121781e-06
+423798e-05
+820805e-05
+113013e-04
+132498e-04
+139561e-04
+132985e-04
+114718e-04
+867082e-05
+506610e-05
+112039e-05
-287404e-05
-655183e-05
-964507e-05
-118615e-04
-129332e-04
-128844e-04
-116910e-04
-937715e-05
-628391e-05
-277661e-05
+706331e-06
+375086e-05
+586985e-05
+669796e-05
+630826e-05
+467640e-05
+214335e-05
-730687e-06
-355601e-05
-584550e-05
-725816e-05
-764786e-05
-701459e-05
-562629e-05
-367779e-05
-146137e-05
+657618e-06
+270354e-05
+460333e-05
+606470e-05
+716073e-05
+791577e-05
+815934e-05
+776964e-05
+674668e-05
+501738e-05
+267919e-05
+121781e-06
-228949e-05
-426234e-05
-543144e-05
-552886e-05
-450590e-05
-255740e-05
-121781e-06
+250869e-05
+494431e-05
+669796e-05
+757479e-05
+755043e-05
+667361e-05
+506610e-05
+289839e-05
+560193e-06
-172929e-05
-387264e-05
-562629e-05
-684410e-05
-745301e-05
-740429e-05
-662489e-05
-501738e-05
-270354e-05
-243562e-07
+292275e-05
+577243e-05
+801320e-05
+935279e-05
+949893e-05
+825676e-05
+569936e-05
+202157e-05
-245998e-05
-713637e-05
-114474e-04
-148817e-04
-169519e-04
-172929e-04
-158072e-04
-127140e-04
-835419e-05
-316631e-05
+209464e-05
+667361e-05
+101322e-04
+120563e-04
+124460e-04
+115449e-04
+952329e-05
+694153e-05
+431105e-05
+199721e-05
+365343e-06
-511481e-06
-779399e-06
-633262e-06
-292275e-06
+000000e+00
+146137e-06
+121781e-06
-487125e-07
-340987e-06
-730687e-06
-112039e-05
-146137e-05
-170494e-05
-194850e-05
-219206e-05
-238691e-05
-248434e-05
-243562e-05
-211899e-05
-138831e-05
-365343e-06
+102296e-05
+277661e-05
+465204e-05
+633262e-05
+757479e-05
+820805e-05
+798884e-05
+684410e-05
+474946e-05
+187543e-05
-136395e-05
-460333e-05
-742865e-05
-947457e-05
-105219e-04
-103027e-04
-889002e-05
-662489e-05
-379957e-05
-876824e-06
+175365e-05
+379957e-05
+494431e-05
+511481e-05
+445719e-05
+323938e-05
+175365e-05
+414056e-06
-462768e-06
-779399e-06
-511481e-06
+219206e-06
+124217e-05
+233820e-05
+311760e-05
+331245e-05
+292275e-05
+187543e-05
+365343e-06
-138831e-05
-323938e-05
-484689e-05
-596728e-05
-652747e-05
-655183e-05
-613777e-05
-533401e-05
-418927e-05
-289839e-05
-153444e-05
-146137e-06
+131524e-05
+287404e-05
+438412e-05
+567500e-05
+660054e-05
+699024e-05
+667361e-05
+572371e-05
+418927e-05
+231384e-05
+511481e-06
-949893e-06
-177800e-05
-180236e-05
-107167e-05
+194850e-06
+172929e-05
+311760e-05
+394571e-05
+399442e-05
+321502e-05
+170494e-05
-121781e-06
-192414e-05
-343423e-05
-438412e-05
-470075e-05
-431105e-05
-350730e-05
-255740e-05
-163187e-05
-852468e-06
-243562e-06
+267919e-06
+828112e-06
+148573e-05
+226513e-05
+294710e-05
+321502e-05
+289839e-05
+175365e-05
-243562e-06
-292275e-05
-589421e-05
-857339e-05
-104732e-04
-110090e-04
-981556e-05
-701459e-05
-289839e-05
+197285e-05
+679539e-05
+107898e-04
+134203e-04
+143702e-04
+134934e-04
+110577e-04
+747736e-05
+311760e-05
-141266e-05
-562629e-05
-937715e-05
-123486e-04
-144676e-04
-156367e-04
-157585e-04
-147842e-04
-125922e-04
-915794e-05
-453026e-05
+925537e-06
+677103e-05
+125191e-04
+174634e-04
+210194e-04
+227244e-04
+222372e-04
+196311e-04
+151496e-04
+935279e-05
+302017e-05
-321502e-05
-864646e-05
-125922e-04
-148086e-04
-151739e-04
-137369e-04
-109603e-04
-733122e-05
-331245e-05
+487125e-06
+358037e-05
+562629e-05
+645440e-05
+616213e-05
+484689e-05
+275225e-05
+414056e-06
-187543e-05
-387264e-05
-526095e-05
-594292e-05
-589421e-05
-521223e-05
-394571e-05
-221642e-05
-267919e-06
+180236e-05
+384828e-05
+555322e-05
+669796e-05
+706331e-05
+655183e-05
+516352e-05
+289839e-05
+121781e-06
-272790e-05
-526095e-05
-696588e-05
-757479e-05
-706331e-05
-555322e-05
-328809e-05
-852468e-06
+124217e-05
+265483e-05
+311760e-05
+272790e-05
+177800e-05
+657618e-06
-170494e-06
-389700e-06
+000000e+00
+102296e-05
+245998e-05
+384828e-05
+472511e-05
+477382e-05
+384828e-05
+209464e-05
+000000e+00
-211899e-05
-389700e-05
-482253e-05
-474946e-05
-372650e-05
-194850e-05
+730687e-07
+197285e-05
+340987e-05
+414056e-05
+409185e-05
+336116e-05
+224077e-05
+104732e-05
+170494e-06
-292275e-06
-414056e-06
-219206e-06
+487125e-07
+194850e-06
+146137e-06
-292275e-06
-119346e-05
-245998e-05
-389700e-05
-513916e-05
-589421e-05
-604034e-05
-545580e-05
-416492e-05
-245998e-05
-706331e-06
+876824e-06
+207028e-05
+265483e-05
+255740e-05
+192414e-05
+109603e-05
+389700e-06
+487125e-07
+194850e-06
+876824e-06
+197285e-05
+306888e-05
+387264e-05
+404313e-05
+340987e-05
+202157e-05
+487125e-07
-216770e-05
-438412e-05
-606470e-05
-684410e-05
-667361e-05
-548015e-05
-333680e-05
-633262e-06
+238691e-05
+540708e-05
+796449e-05
+986427e-05
+108872e-04
+109116e-04
+988863e-05
+781835e-05
+487125e-05
+138831e-05
-243562e-05
-618648e-05
-942586e-05
-117153e-04
-125922e-04
-120563e-04
-100104e-04
-667361e-05
-250869e-05
+204592e-05
+628391e-05
+976685e-05
+120563e-04
+128844e-04
+123243e-04
+103514e-04
+718509e-05
+316631e-05
-114474e-05
-526095e-05
-889002e-05
-115449e-04
-129088e-04
-129332e-04
-116910e-04
-923101e-05
-591856e-05
-216770e-05
+153444e-05
+479818e-05
+742865e-05
+906052e-05
+962071e-05
+915794e-05
+767221e-05
+538273e-05
+245998e-05
-755043e-06
-394571e-05
-677103e-05
-891438e-05
-101809e-04
-102053e-04
-893874e-05
-660054e-05
-340987e-05
+170494e-06
+365343e-05
+660054e-05
+854904e-05
+927972e-05
+867082e-05
+701459e-05
+455462e-05
+163187e-05
-112039e-05
-340987e-05
-499303e-05
-567500e-05
-545580e-05
-448155e-05
-302017e-05
-136395e-05
+170494e-06
+148573e-05
+250869e-05
+309324e-05
+338552e-05
+353165e-05
+360472e-05
+375086e-05
+397007e-05
+418927e-05
+431105e-05
+418927e-05
+375086e-05
+297146e-05
+187543e-05
+633262e-06
-608906e-06
-168058e-05
-245998e-05
-289839e-05
-299582e-05
-287404e-05
-275225e-05
-282532e-05
-311760e-05
-377522e-05
-472511e-05
-567500e-05
-635698e-05
-657618e-05
-618648e-05
-494431e-05
-289839e-05
-414056e-06
+236255e-05
+511481e-05
+735558e-05
+881695e-05
+927972e-05
+869517e-05
+720944e-05
+509045e-05
+250869e-05
-974249e-07
-238691e-05
-433541e-05
-572371e-05
-643004e-05
-655183e-05
-618648e-05
-535837e-05
-414056e-05
-270354e-05
-109603e-05
+535837e-06
+209464e-05
+350730e-05
+455462e-05
+506610e-05
+491996e-05
+404313e-05
+253305e-05
+657618e-06
-141266e-05
-340987e-05
-496867e-05
-582114e-05
-577243e-05
-474946e-05
-289839e-05
-535837e-06
+209464e-05
+472511e-05
+691717e-05
+847597e-05
+923101e-05
+915794e-05
+837854e-05
+699024e-05
+518788e-05
+304453e-05
+876824e-06
-124217e-05
-333680e-05
-516352e-05
-657618e-05
-750172e-05
-789142e-05
-767221e-05
-684410e-05
-545580e-05
-355601e-05
-138831e-05
+584549e-06
+224077e-05
+338552e-05
+372650e-05
+336116e-05
+233820e-05
+852468e-06
-755043e-06
-226513e-05
-345858e-05
-418927e-05
-431105e-05
-379957e-05
-284968e-05
-158315e-05
-170494e-06
+121781e-05
+250869e-05
+360472e-05
+438412e-05
+479818e-05
+487125e-05
+457897e-05
+384828e-05
+275225e-05
+131524e-05
-414056e-06
-233820e-05
-443283e-05
-633262e-05
-772092e-05
-840290e-05
-808627e-05
-664925e-05
-404313e-05
-584549e-06
+338552e-05
+740429e-05
+108142e-04
+131767e-04
+140779e-04
+133716e-04
+111552e-04
+767221e-05
+323938e-05
-146137e-05
-582114e-05
-945022e-05
-118128e-04
-126652e-04
-121294e-04
-102053e-04
-713637e-05
-333680e-05
+730687e-06
+457897e-05
+791577e-05
+104488e-04
+118858e-04
+120563e-04
+110090e-04
+884131e-05
+579678e-05
+211899e-05
-180236e-05
-560193e-05
-896309e-05
-114961e-04
-129088e-04
-131037e-04
-121538e-04
-100104e-04
-696588e-05
-338552e-05
+340987e-06
+375086e-05
+638133e-05
+786706e-05
+808627e-05
+703895e-05
+482253e-05
+180236e-05
-136395e-05
-428670e-05
-640569e-05
-730687e-05
-689281e-05
-509045e-05
-211899e-05
+146137e-05
+516352e-05
+845161e-05
+107655e-04
+117884e-04
+113013e-04
+935279e-05
+633262e-05
+253305e-05
-153444e-05
-533401e-05
-862211e-05
-110577e-04
-122755e-04
-121781e-04
-108629e-04
-847597e-05
-526095e-05
-158315e-05
+228949e-05
+596728e-05
+898745e-05
+111795e-04
+122268e-04
+120807e-04
+107655e-04
+842726e-05
+543144e-05
+204592e-05
-126652e-05
-411620e-05
-623519e-05
-740429e-05
-759914e-05
-684410e-05
-521223e-05
-294710e-05
-487125e-06
+192414e-05
+406749e-05
+557758e-05
+618648e-05
+582114e-05
+445719e-05
+221642e-05
-560193e-06
-367779e-05
-672232e-05
-935279e-05
-112526e-04
-119833e-04
-114474e-04
-957200e-05
-662489e-05
-289839e-05
+119346e-05
+511481e-05
+850032e-05
+108142e-04
+117397e-04
+112526e-04
+940150e-05
+652747e-05
+306888e-05
-462768e-06
-358037e-05
-589421e-05
-708766e-05
-720944e-05
-635698e-05
-462768e-05
-241127e-05
-219206e-06
+185107e-05
+358037e-05
+470075e-05
+526095e-05
+528530e-05
+487125e-05
+411620e-05
+314195e-05
+207028e-05
+925537e-06
-146137e-06
-114474e-05
-211899e-05
-289839e-05
-345858e-05
-375086e-05
-362908e-05
-316631e-05
-233820e-05
-121781e-05
+243562e-07
+136395e-05
+263047e-05
+367779e-05
+433541e-05
+448155e-05
+404313e-05
+314195e-05
+189979e-05
+511481e-06
-828112e-06
-209464e-05
-302017e-05
-358037e-05
-379957e-05
-360472e-05
-316631e-05
-255740e-05
-187543e-05
-131524e-05
-949893e-06
-803756e-06
-852468e-06
-109603e-05
-143702e-05
-168058e-05
-175365e-05
-163187e-05
-129088e-05
-803756e-06
-243562e-06
+389700e-06
+102296e-05
+153444e-05
+197285e-05
+228949e-05
+245998e-05
+255740e-05
+255740e-05
+250869e-05
+236255e-05
+199721e-05
+148573e-05
+828112e-06
+487125e-07
-779399e-06
-160751e-05
-228949e-05
-270354e-05
-265483e-05
-211899e-05
-119346e-05
-243562e-07
+133959e-05
+277661e-05
+401878e-05
+482253e-05
+506610e-05
+479818e-05
+389700e-05
+255740e-05
+102296e-05
-511481e-06
-187543e-05
-294710e-05
-348294e-05
-340987e-05
-280097e-05
-175365e-05
-438412e-06
+102296e-05
+245998e-05
+353165e-05
+411620e-05
+404313e-05
+319067e-05
+165622e-05
-340987e-06
-263047e-05
-499303e-05
-701459e-05
-842726e-05
-898745e-05
-852468e-05
-713637e-05
-489560e-05
-209464e-05
+828112e-06
+358037e-05
+574807e-05
+706331e-05
+737994e-05
+669796e-05
+516352e-05
+289839e-05
+340987e-06
-221642e-05
-460333e-05
-643004e-05
-752607e-05
-784271e-05
-730687e-05
-591856e-05
-372650e-05
-104732e-05
+197285e-05
+509045e-05
+784271e-05
+993734e-05
+110821e-04
+111552e-04
+101078e-04
+808627e-05
+533401e-05
+209464e-05
-116910e-05
-409185e-05
-643004e-05
-794013e-05
-852468e-05
-815934e-05
-694153e-05
-494431e-05
-238691e-05
+316631e-06
+302017e-05
+540708e-05
+711202e-05
+801320e-05
+798884e-05
+701459e-05
+521223e-05
+277661e-05
+487125e-07
-258176e-05
-487125e-05
-647876e-05
-725816e-05
-720944e-05
-645440e-05
-516352e-05
-350730e-05
-175365e-05
-194850e-06
+109603e-05
+224077e-05
+309324e-05
+365343e-05
+401878e-05
+406749e-05
+377522e-05
+321502e-05
+224077e-05
+925537e-06
-560193e-06
-226513e-05
-401878e-05
-560193e-05
-674668e-05
-730687e-05
-723380e-05
-643004e-05
-489560e-05
-282532e-05
-608906e-06
+160751e-05
+362908e-05
+504174e-05
+574807e-05
+582114e-05
+533401e-05
+443283e-05
+338552e-05
+241127e-05
+165622e-05
+124217e-05
+114474e-05
+133959e-05
+163187e-05
+192414e-05
+209464e-05
+192414e-05
+153444e-05
+949893e-06
+219206e-06
-511481e-06
-124217e-05
-192414e-05
-248434e-05
-289839e-05
-316631e-05
-333680e-05
-343423e-05
-340987e-05
-323938e-05
-284968e-05
-214335e-05
-119346e-05
-487125e-07
+138831e-05
+297146e-05
+450590e-05
+577243e-05
+652747e-05
+667361e-05
+616213e-05
+494431e-05
+302017e-05
+706331e-06
-175365e-05
-414056e-05
-599163e-05
-703895e-05
-720944e-05
-650311e-05
-494431e-05
-277661e-05
-462768e-06
+175365e-05
+353165e-05
+448155e-05
+448155e-05
+358037e-05
+189979e-05
-170494e-06
-231384e-05
-440848e-05
-606470e-05
-703895e-05
-730687e-05
-681974e-05
-565065e-05
-394571e-05
-185107e-05
+414056e-06
+270354e-05
+484689e-05
+655183e-05
+767221e-05
+813498e-05
+784271e-05
+684410e-05
+523659e-05
+309324e-05
+779399e-06
-136395e-05
-316631e-05
-435977e-05
-477382e-05
-438412e-05
-333680e-05
-180236e-05
-974249e-07
+160751e-05
+319067e-05
+438412e-05
+511481e-05
+533401e-05
+504174e-05
+428670e-05
+306888e-05
+148573e-05
-219206e-06
-199721e-05
-372650e-05
-501738e-05
-572371e-05
-577243e-05
-504174e-05
-358037e-05
-153444e-05
+730687e-06
+297146e-05
+491996e-05
+613777e-05
+647876e-05
+594292e-05
+443283e-05
+209464e-05
-608906e-06
-345858e-05
-611341e-05
-818369e-05
-947457e-05
-976685e-05
-910923e-05
-759914e-05
-540708e-05
-282532e-05
-170494e-06
+224077e-05
+421363e-05
+552886e-05
+606470e-05
+589421e-05
+518788e-05
+409185e-05
+284968e-05
+163187e-05
+511481e-06
-365343e-06
-112039e-05
-187543e-05
-258176e-05
-314195e-05
-348294e-05
-350730e-05
-304453e-05
-197285e-05
-365343e-06
+175365e-05
+414056e-05
+625955e-05
+786706e-05
+871953e-05
+850032e-05
+728251e-05
+530966e-05
+272790e-05
+487125e-07
-238691e-05
-443283e-05
-577243e-05
-633262e-05
-625955e-05
-572371e-05
-482253e-05
-367779e-05
-243562e-05
-114474e-05
+487125e-07
+121781e-05
+245998e-05
+355601e-05
+438412e-05
+484689e-05
+482253e-05
+426234e-05
+311760e-05
+141266e-05
-560193e-06
-270354e-05
-489560e-05
-669796e-05
-791577e-05
-845161e-05
-815934e-05
-701459e-05
-509045e-05
-255740e-05
+219206e-06
+304453e-05
+552886e-05
+728251e-05
+823241e-05
+813498e-05
+706331e-05
+526095e-05
+287404e-05
+365343e-06
-192414e-05
-379957e-05
-489560e-05
-513916e-05
-460333e-05
-345858e-05
-187543e-05
-170494e-06
+141266e-05
+272790e-05
+362908e-05
+404313e-05
+382393e-05
+311760e-05
+202157e-05
+657618e-06
-706331e-06
-192414e-05
-282532e-05
-326373e-05
-323938e-05
-270354e-05
-168058e-05
-414056e-06
+949893e-06
+231384e-05
+343423e-05
+411620e-05
+431105e-05
+392135e-05
+304453e-05
+185107e-05
+462768e-06
-974249e-06
-236255e-05
-350730e-05
-423798e-05
-445719e-05
-409185e-05
-321502e-05
-197285e-05
-535837e-06
+901181e-06
+219206e-05
+304453e-05
+328809e-05
+294710e-05
+199721e-05
+608906e-06
-998605e-06
-258176e-05
-389700e-05
-470075e-05
-479818e-05
-414056e-05
-284968e-05
-116910e-05
+706331e-06
+260612e-05
+435977e-05
+562629e-05
+618648e-05
+611341e-05
+540708e-05
+399442e-05
+202157e-05
-219206e-06
-255740e-05
-482253e-05
-664925e-05
-776964e-05
-806191e-05
-747736e-05
-599163e-05
-367779e-05
-901181e-06
+199721e-05
+472511e-05
+679539e-05
+801320e-05
+830547e-05
+764786e-05
+625955e-05
+428670e-05
+197285e-05
-219206e-06
-211899e-05
-360472e-05
-448155e-05
-472511e-05
-431105e-05
-338552e-05
-204592e-05
-511481e-06
+102296e-05
+248434e-05
+362908e-05
+428670e-05
+435977e-05
+379957e-05
+275225e-05
+131524e-05
-267919e-06
-187543e-05
-340987e-05
-465204e-05
-550451e-05
-582114e-05
-560193e-05
-482253e-05
-355601e-05
-187543e-05
+243562e-07
+199721e-05
+389700e-05
+535837e-05
+613777e-05
+611341e-05
+526095e-05
+360472e-05
+133959e-05
-107167e-05
-331245e-05
-513916e-05
-621084e-05
-645440e-05
-591856e-05
-470075e-05
-299582e-05
-112039e-05
+560193e-06
+197285e-05
+302017e-05
+360472e-05
+375086e-05
+348294e-05
+297146e-05
+224077e-05
+136395e-05
+487125e-06
-316631e-06
-104732e-05
-165622e-05
-197285e-05
-197285e-05
-165622e-05
-974249e-06
-121781e-06
+828112e-06
+185107e-05
+272790e-05
+336116e-05
+372650e-05
+382393e-05
+355601e-05
+304453e-05
+241127e-05
+165622e-05
+876824e-06
+194850e-06
-316631e-06
-681974e-06
-852468e-06
-779399e-06
-535837e-06
-243562e-06
-243562e-07
+487125e-07
-487125e-07
-438412e-06
-119346e-05
-221642e-05
-331245e-05
-433541e-05
-513916e-05
-557758e-05
-560193e-05
-516352e-05
-426234e-05
-304453e-05
-163187e-05
-194850e-06
+121781e-05
+263047e-05
+392135e-05
+491996e-05
+545580e-05
+550451e-05
+504174e-05
+397007e-05
+241127e-05
+633262e-06
-124217e-05
-304453e-05
-448155e-05
-526095e-05
-526095e-05
-450590e-05
-309324e-05
-121781e-05
+755043e-06
+260612e-05
+418927e-05
+516352e-05
+545580e-05
+513916e-05
+426234e-05
+299582e-05
+153444e-05
+121781e-06
-119346e-05
-241127e-05
-338552e-05
-409185e-05
-450590e-05
-453026e-05
-418927e-05
-348294e-05
-233820e-05
-901181e-06
+706331e-06
+245998e-05
+418927e-05
+560193e-05
+647876e-05
+677103e-05
+643004e-05
+548015e-05
+399442e-05
+209464e-05
+146137e-06
-165622e-05
-321502e-05
-433541e-05
-491996e-05
-496867e-05
-450590e-05
-365343e-05
-263047e-05
-155880e-05
-584549e-06
+121781e-06
+608906e-06
+852468e-06
+852468e-06
+755043e-06
+560193e-06
+389700e-06
+267919e-06
+194850e-06
+194850e-06
+146137e-06
+243562e-07
-219206e-06
-633262e-06
-119346e-05
-175365e-05
-214335e-05
-224077e-05
-192414e-05
-124217e-05
-340987e-06
+730687e-06
+187543e-05
+280097e-05
+338552e-05
+353165e-05
+323938e-05
+260612e-05
+168058e-05
+633262e-06
-316631e-06
-109603e-05
-168058e-05
-202157e-05
-216770e-05
-214335e-05
-192414e-05
-155880e-05
-109603e-05
-487125e-06
+194850e-06
+974249e-06
+182672e-05
+258176e-05
+311760e-05
+336116e-05
+326373e-05
+272790e-05
+180236e-05
+608906e-06
-803756e-06
-228949e-05
-365343e-05
-472511e-05
-535837e-05
-545580e-05
-499303e-05
-397007e-05
-258176e-05
-102296e-05
+535837e-06
+194850e-05
+314195e-05
+399442e-05
+443283e-05
+440848e-05
+401878e-05
+336116e-05
+245998e-05
+143702e-05
+438412e-06
-535837e-06
-151009e-05
-245998e-05
-319067e-05
-362908e-05
-377522e-05
-343423e-05
-258176e-05
-131524e-05
+243562e-06
+199721e-05
+375086e-05
+513916e-05
+591856e-05
+596728e-05
+523659e-05
+382393e-05
+187543e-05
-219206e-06
-219206e-05
-394571e-05
-516352e-05
-574807e-05
-572371e-05
-513916e-05
-404313e-05
-263047e-05
-112039e-05
+414056e-06
+199721e-05
+353165e-05
+482253e-05
+572371e-05
+611341e-05
+596728e-05
+518788e-05
+370215e-05
+160751e-05
-706331e-06
-309324e-05
-533401e-05
-694153e-05
-772092e-05
-759914e-05
-660054e-05
-477382e-05
-231384e-05
+243562e-06
+258176e-05
+450590e-05
+560193e-05
+572371e-05
+496867e-05
+345858e-05
+141266e-05
-681974e-06
-255740e-05
-399442e-05
-465204e-05
-445719e-05
-348294e-05
-187543e-05
+243562e-07
+197285e-05
+377522e-05
+504174e-05
+565065e-05
+555322e-05
+479818e-05
+353165e-05
+189979e-05
+243562e-06
-133959e-05
-277661e-05
-392135e-05
-470075e-05
-499303e-05
-484689e-05
-418927e-05
-299582e-05
-138831e-05
+487125e-06
+250869e-05
+448155e-05
+596728e-05
+667361e-05
+650311e-05
+535837e-05
+321502e-05
+487125e-06
-243562e-05
-518788e-05
-725816e-05
-837854e-05
-835419e-05
-716073e-05
-499303e-05
-219206e-05
+828112e-06
+375086e-05
+618648e-05
+781835e-05
+857339e-05
+837854e-05
+733122e-05
+562629e-05
+331245e-05
+706331e-06
-189979e-05
-443283e-05
-652747e-05
-796449e-05
-869517e-05
-852468e-05
-745301e-05
-562629e-05
-314195e-05
-365343e-06
+243562e-05
+504174e-05
+699024e-05
+811062e-05
+832983e-05
+762350e-05
+621084e-05
+416492e-05
+165622e-05
-730687e-06
-282532e-05
-455462e-05
-565065e-05
-606470e-05
-579678e-05
-504174e-05
-389700e-05
-260612e-05
-141266e-05
-414056e-06
+292275e-06
+730687e-06
+925537e-06
+925537e-06
+828112e-06
+681974e-06
+560193e-06
+560193e-06
+657618e-06
+901181e-06
+129088e-05
+172929e-05
+224077e-05
+277661e-05
+316631e-05
+343423e-05
+353165e-05
+331245e-05
+280097e-05
+202157e-05
+104732e-05
+121781e-06
-706331e-06
-136395e-05
-168058e-05
-168058e-05
-141266e-05
-974249e-06
-560193e-06
-316631e-06
-340987e-06
-706331e-06
-138831e-05
-233820e-05
-323938e-05
-387264e-05
-411620e-05
-379957e-05
-297146e-05
-168058e-05
-194850e-06
+126652e-05
+258176e-05
+350730e-05
+389700e-05
+367779e-05
+297146e-05
+192414e-05
+657618e-06
-608906e-06
-180236e-05
-282532e-05
-358037e-05
-397007e-05
-394571e-05
-350730e-05
-263047e-05
-141266e-05
+243562e-07
+160751e-05
+316631e-05
+448155e-05
+538273e-05
+569936e-05
+538273e-05
+445719e-05
+299582e-05
+114474e-05
-828112e-06
-282532e-05
-472511e-05
-611341e-05
-684410e-05
-691717e-05
-621084e-05
-467640e-05
-241127e-05
+219206e-06
+302017e-05
+565065e-05
+762350e-05
+879260e-05
+891438e-05
+796449e-05
+618648e-05
+377522e-05
+109603e-05
-146137e-05
-360472e-05
-506610e-05
-574807e-05
-562629e-05
-482253e-05
-355601e-05
-204592e-05
-560193e-06
+779399e-06
+187543e-05
+260612e-05
+287404e-05
+270354e-05
+214335e-05
+126652e-05
+340987e-06
-584549e-06
-146137e-05
-209464e-05
-238691e-05
-233820e-05
-189979e-05
-114474e-05
-292275e-06
+633262e-06
+153444e-05
+221642e-05
+255740e-05
+248434e-05
+194850e-05
+974249e-06
-219206e-06
-163187e-05
-321502e-05
-470075e-05
-584550e-05
-645440e-05
-645440e-05
-577243e-05
-435977e-05
-231384e-05
+243562e-07
+248434e-05
+482253e-05
+660054e-05
+757479e-05
+767221e-05
+689281e-05
+540708e-05
+338552e-05
+112039e-05
-876824e-06
-248434e-05
-358037e-05
-392135e-05
-358037e-05
-275225e-05
-155880e-05
-243562e-06
+998605e-06
+214335e-05
+297146e-05
+336116e-05
+336116e-05
+297146e-05
+214335e-05
+998605e-06
-219206e-06
-155880e-05
-287404e-05
-394571e-05
-462768e-05
-474946e-05
-431105e-05
-333680e-05
-187543e-05
-121781e-06
+175365e-05
+358037e-05
+504174e-05
+589421e-05
+606470e-05
+552886e-05
+426234e-05
+245998e-05
+414056e-06
-177800e-05
-387264e-05
-550451e-05
-652747e-05
-679539e-05
-633262e-05
-521223e-05
-348294e-05
-143702e-05
+560193e-06
+231384e-05
+372650e-05
+455462e-05
+470075e-05
+421363e-05
+321502e-05
+189979e-05
+511481e-06
-803756e-06
-199721e-05
-284968e-05
-328809e-05
-331245e-05
-284968e-05
-189979e-05
-633262e-06
+901181e-06
+253305e-05
+401878e-05
+513916e-05
+565065e-05
+548015e-05
+457897e-05
+306888e-05
+114474e-05
-852468e-06
-270354e-05
-428670e-05
-530966e-05
-567500e-05
-543144e-05
-465204e-05
-350730e-05
-214335e-05
-706331e-06
+657618e-06
+194850e-05
+302017e-05
+379957e-05
+428670e-05
+435977e-05
+389700e-05
+302017e-05
+182672e-05
+414056e-06
-104732e-05
-248434e-05
-362908e-05
-435977e-05
-457897e-05
-421363e-05
-338552e-05
-221642e-05
-876824e-06
+389700e-06
+158315e-05
+263047e-05
+333680e-05
+370215e-05
+370215e-05
+333680e-05
+267919e-05
+172929e-05
+657618e-06
-340987e-06
-129088e-05
-207028e-05
-258176e-05
-275225e-05
-255740e-05
-211899e-05
-155880e-05
-949893e-06
-365343e-06
+730687e-07
+462768e-06
+876824e-06
+129088e-05
+175365e-05
+224077e-05
+270354e-05
+299582e-05
+302017e-05
+272790e-05
+204592e-05
+102296e-05
-121781e-06
-124217e-05
-233820e-05
-316631e-05
-358037e-05
-362908e-05
-331245e-05
-272790e-05
-199721e-05
-121781e-05
-511481e-06
+000000e+00
+438412e-06
+876824e-06
+126652e-05
+158315e-05
+189979e-05
+221642e-05
+238691e-05
+245998e-05
+238691e-05
+211899e-05
+175365e-05
+129088e-05
+730687e-06
+219206e-06
-170494e-06
-535837e-06
-901181e-06
-121781e-05
-148573e-05
-168058e-05
-185107e-05
-202157e-05
-221642e-05
-248434e-05
-277661e-05
-304453e-05
-321502e-05
-321502e-05
-302017e-05
-245998e-05
-146137e-05
-194850e-06
+133959e-05
+304453e-05
+462768e-05
+579678e-05
+633262e-05
+623519e-05
+538273e-05
+382393e-05
+177800e-05
-438412e-06
-253305e-05
-435977e-05
-565065e-05
-618648e-05
-594292e-05
+000000e+00
+000000e+00
+000000e+00
+000000e+00
[ENDDATA]
