[FILEINFO]
File: D:\CMC thesis\AE software\TUNGSTEN\Vallen\T13.tra
SampleRate[Hz]: 10000000
SetsOnFile: 10
Samples: 2048
[SETINFO]
Set: 8
Index: 8
Time:  14 23:17:24 272.0731
Channel: 2
PreTriggerSamples: 100
Data: Amplitude [mV]
[DATA]
+000000e+00
+000000e+00
-304453e-08
-608906e-08
-304453e-08
-608906e-08
-913359e-08
-913359e-08
-913359e-08
-913359e-08
-608906e-08
-608906e-08
-608906e-08
-304453e-08
+000000e+00
+000000e+00
+304453e-08
+304453e-08
+304453e-08
+000000e+00
+000000e+00
+000000e+00
+000000e+00
+000000e+00
+000000e+00
+000000e+00
+304453e-08
+304453e-08
+304453e-08
+608906e-08
+608906e-08
+608906e-08
+304453e-08
+304453e-08
+304453e-08
+304453e-08
+304453e-08
+000000e+00
+000000e+00
+000000e+00
+000000e+00
+000000e+00
-304453e-08
-304453e-08
-304453e-08
-608906e-08
-608906e-08
-304453e-08
-304453e-08
-304453e-08
-304453e-08
-304453e-08
-304453e-08
-304453e-08
-608906e-08
-608906e-08
-608906e-08
-608906e-08
-913359e-08
-608906e-08
-304453e-08
-304453e-08
-304453e-08
-304453e-08
-304453e-08
+000000e+00
-304453e-08
-304453e-08
-304453e-08
-304453e-08
+000000e+00
+304453e-08
+304453e-08
+304453e-08
+608906e-08
+608906e-08
+608906e-08
+304453e-08
+000000e+00
+000000e+00
+000000e+00
-304453e-08
+000000e+00
-304453e-08
-304453e-08
+000000e+00
+000000e+00
+000000e+00
+304453e-08
+304453e-08
+304453e-08
+000000e+00
+000000e+00
+000000e+00
-304453e-08
-608906e-08
-913359e-08
-152226e-07
-243562e-07
-426234e-07
-669796e-07
-103514e-06
-158315e-06
-225295e-06
-289230e-06
-331854e-06
-313586e-06
-207028e-06
+913359e-08
+368388e-06
+855513e-06
+143093e-05
+201852e-05
+250869e-05
+279183e-05
+272485e-05
+214335e-05
+114474e-05
-121781e-06
-175365e-05
-360472e-05
-538273e-05
-691717e-05
-806191e-05
-871953e-05
-867082e-05
-781835e-05
-623519e-05
-384828e-05
-779399e-06
+292275e-05
+701459e-05
+109116e-04
+143458e-04
+169276e-04
+182185e-04
+179749e-04
+160751e-04
+126165e-04
+784271e-05
+216770e-05
-382393e-05
-964507e-05
-145894e-04
-180723e-04
-198990e-04
-199478e-04
-182672e-04
-149304e-04
-103514e-04
-521223e-05
-243562e-07
+474946e-05
+859775e-05
+111064e-04
+120076e-04
+112282e-04
+898745e-05
+572371e-05
+192414e-05
-194850e-05
-533401e-05
-786706e-05
-927972e-05
-942586e-05
-830547e-05
-608906e-05
-309324e-05
+389700e-06
+401878e-05
+742865e-05
+103027e-04
+123243e-04
+133959e-04
+135177e-04
+126652e-04
+107655e-04
+789142e-05
+440848e-05
+560193e-06
-340987e-05
-713637e-05
-102783e-04
-124217e-04
-133229e-04
-130793e-04
-116910e-04
-913359e-05
-582114e-05
-219206e-05
+143702e-05
+470075e-05
+742865e-05
+932844e-05
+103027e-04
+103027e-04
+940150e-05
+772092e-05
+545580e-05
+277661e-05
-730687e-07
-280097e-05
-523659e-05
-708766e-05
-825676e-05
-867082e-05
-830547e-05
-735558e-05
-608906e-05
-465204e-05
-326373e-05
-209464e-05
-119346e-05
-608906e-06
-243562e-06
+000000e+00
+219206e-06
+535837e-06
+102296e-05
+151009e-05
+192414e-05
+221642e-05
+226513e-05
+204592e-05
+163187e-05
+116910e-05
+852468e-06
+828112e-06
+114474e-05
+187543e-05
+287404e-05
+399442e-05
+491996e-05
+535837e-05
+526095e-05
+460333e-05
+343423e-05
+189979e-05
+365343e-06
-974249e-06
-209464e-05
-284968e-05
-328809e-05
-355601e-05
-379957e-05
-416492e-05
-462768e-05
-511481e-05
-545580e-05
-545580e-05
-487125e-05
-348294e-05
-133959e-05
+141266e-05
+448155e-05
+745301e-05
+986427e-05
+113256e-04
+115936e-04
+105462e-04
+835419e-05
+540708e-05
+202157e-05
-133959e-05
-431105e-05
-664925e-05
-825676e-05
-915794e-05
-940150e-05
-918230e-05
-850032e-05
-752607e-05
-638133e-05
-494431e-05
-323938e-05
-138831e-05
+365343e-06
+199721e-05
+336116e-05
+416492e-05
+438412e-05
+392135e-05
+294710e-05
+172929e-05
+535837e-06
-340987e-06
-779399e-06
-706331e-06
-194850e-06
+730687e-06
+194850e-05
+306888e-05
+392135e-05
+435977e-05
+423798e-05
+365343e-05
+280097e-05
+180236e-05
+803756e-06
+487125e-07
-487125e-06
-876824e-06
-112039e-05
-126652e-05
-141266e-05
-163187e-05
-199721e-05
-245998e-05
-284968e-05
-309324e-05
-311760e-05
-282532e-05
-211899e-05
-107167e-05
+974249e-07
+131524e-05
+248434e-05
+328809e-05
+358037e-05
+333680e-05
+245998e-05
+109603e-05
-462768e-06
-211899e-05
-367779e-05
-489560e-05
-565065e-05
-591856e-05
-572371e-05
-509045e-05
-406749e-05
-280097e-05
-133959e-05
+146137e-06
+170494e-05
+340987e-05
+494431e-05
+621084e-05
+720944e-05
+776964e-05
+779399e-05
+725816e-05
+616213e-05
+455462e-05
+253305e-05
+462768e-06
-153444e-05
-333680e-05
-465204e-05
-545580e-05
-569936e-05
-540708e-05
-470075e-05
-365343e-05
-228949e-05
-755043e-06
+755043e-06
+231384e-05
+389700e-05
+526095e-05
+613777e-05
+647876e-05
+625955e-05
+533401e-05
+362908e-05
+131524e-05
-133959e-05
-409185e-05
-662489e-05
-869517e-05
-101322e-04
-107411e-04
-103758e-04
-913359e-05
-728251e-05
-494431e-05
-224077e-05
+535837e-06
+331245e-05
+586985e-05
+796449e-05
+947457e-05
+101809e-04
+998605e-05
+889002e-05
+703895e-05
+453026e-05
+165622e-05
-119346e-05
-375086e-05
-577243e-05
-706331e-05
-755043e-05
-723380e-05
-623519e-05
-465204e-05
-263047e-05
-535837e-06
+155880e-05
+358037e-05
+523659e-05
+635698e-05
+691717e-05
+691717e-05
+630826e-05
+511481e-05
+331245e-05
+109603e-05
-131524e-05
-375086e-05
-591856e-05
-764786e-05
-879260e-05
-923101e-05
-879260e-05
-757479e-05
-579678e-05
-353165e-05
-107167e-05
+136395e-05
+358037e-05
+523659e-05
+616213e-05
+640569e-05
+606470e-05
+521223e-05
+401878e-05
+275225e-05
+163187e-05
+779399e-06
+267919e-06
+243562e-07
-487125e-07
-974249e-07
-194850e-06
-365343e-06
-608906e-06
-803756e-06
-852468e-06
-681974e-06
-267919e-06
+340987e-06
+112039e-05
+197285e-05
+260612e-05
+282532e-05
+253305e-05
+175365e-05
+633262e-06
-706331e-06
-214335e-05
-345858e-05
-450590e-05
-521223e-05
-550451e-05
-538273e-05
-491996e-05
-409185e-05
-297146e-05
-168058e-05
-316631e-06
+102296e-05
+236255e-05
+348294e-05
+421363e-05
+445719e-05
+411620e-05
+331245e-05
+211899e-05
+755043e-06
-438412e-06
-148573e-05
-228949e-05
-265483e-05
-260612e-05
-221642e-05
-160751e-05
-901181e-06
-267919e-06
+316631e-06
+949893e-06
+148573e-05
+194850e-05
+224077e-05
+226513e-05
+197285e-05
+131524e-05
+462768e-06
-584549e-06
-170494e-05
-263047e-05
-309324e-05
-294710e-05
-214335e-05
-755043e-06
+104732e-05
+309324e-05
+496867e-05
+635698e-05
+725816e-05
+759914e-05
+735558e-05
+669796e-05
+572371e-05
+440848e-05
+275225e-05
+901181e-06
-121781e-05
-365343e-05
-616213e-05
-859775e-05
-107167e-04
-120563e-04
-124460e-04
-118128e-04
-101078e-04
-759914e-05
-460333e-05
-143702e-05
+155880e-05
+416492e-05
+606470e-05
+720944e-05
+769657e-05
+755043e-05
+684410e-05
+569936e-05
+416492e-05
+224077e-05
+194850e-06
-202157e-05
-431105e-05
-623519e-05
-759914e-05
-828112e-05
-811062e-05
-706331e-05
-523659e-05
-282532e-05
-194850e-06
+238691e-05
+465204e-05
+621084e-05
+701459e-05
+711202e-05
+655183e-05
+550451e-05
+409185e-05
+253305e-05
+107167e-05
-730687e-07
-925537e-06
-148573e-05
-168058e-05
-153444e-05
-104732e-05
-365343e-06
+365343e-06
+109603e-05
+177800e-05
+228949e-05
+255740e-05
+260612e-05
+248434e-05
+226513e-05
+199721e-05
+170494e-05
+143702e-05
+112039e-05
+755043e-06
+365343e-06
-487125e-07
-487125e-06
-998605e-06
-146137e-05
-185107e-05
-221642e-05
-255740e-05
-287404e-05
-316631e-05
-350730e-05
-382393e-05
-404313e-05
-406749e-05
-375086e-05
-314195e-05
-221642e-05
-102296e-05
+170494e-06
+129088e-05
+231384e-05
+299582e-05
+321502e-05
+306888e-05
+255740e-05
+175365e-05
+828112e-06
-243562e-07
-779399e-06
-143702e-05
-192414e-05
-226513e-05
-241127e-05
-238691e-05
-219206e-05
-180236e-05
-126652e-05
-633262e-06
-243562e-07
+487125e-06
+876824e-06
+998605e-06
+779399e-06
+267919e-06
-438412e-06
-126652e-05
-202157e-05
-245998e-05
-238691e-05
-172929e-05
-633262e-06
+828112e-06
+255740e-05
+431105e-05
+574807e-05
+669796e-05
+718509e-05
+708766e-05
+645440e-05
+540708e-05
+394571e-05
+224077e-05
+560193e-06
-974249e-06
-236255e-05
-338552e-05
-382393e-05
-372650e-05
-314195e-05
-211899e-05
-852468e-06
+316631e-06
+126652e-05
+187543e-05
+189979e-05
+136395e-05
+462768e-06
-730687e-06
-214335e-05
-343423e-05
-448155e-05
-526095e-05
-565065e-05
-562629e-05
-518788e-05
-443283e-05
-343423e-05
-219206e-05
-828112e-06
+487125e-06
+172929e-05
+275225e-05
+340987e-05
+365343e-05
+340987e-05
+277661e-05
+182672e-05
+633262e-06
-584549e-06
-175365e-05
-282532e-05
-362908e-05
-409185e-05
-414056e-05
-367779e-05
-275225e-05
-141266e-05
+194850e-06
+197285e-05
+375086e-05
+518788e-05
+604034e-05
+628391e-05
+601599e-05
+526095e-05
+416492e-05
+299582e-05
+199721e-05
+133959e-05
+107167e-05
+107167e-05
+119346e-05
+121781e-05
+998605e-06
+511481e-06
-243562e-06
-126652e-05
-248434e-05
-358037e-05
-438412e-05
-484689e-05
-487125e-05
-448155e-05
-372650e-05
-275225e-05
-163187e-05
-487125e-06
+633262e-06
+177800e-05
+282532e-05
+375086e-05
+443283e-05
+470075e-05
+455462e-05
+387264e-05
+265483e-05
+109603e-05
-608906e-06
-231384e-05
-382393e-05
-482253e-05
-513916e-05
-479818e-05
-387264e-05
-248434e-05
-974249e-06
+316631e-06
+136395e-05
+211899e-05
+245998e-05
+236255e-05
+185107e-05
+104732e-05
+974249e-07
-107167e-05
-250869e-05
-401878e-05
-548015e-05
-664925e-05
-730687e-05
-735558e-05
-664925e-05
-499303e-05
-245998e-05
+560193e-06
+387264e-05
+706331e-05
+966942e-05
+114231e-04
+120076e-04
+113987e-04
+969378e-05
+718509e-05
+421363e-05
+114474e-05
-168058e-05
-397007e-05
-548015e-05
-613777e-05
-599163e-05
-513916e-05
-367779e-05
-180236e-05
+170494e-06
+207028e-05
+382393e-05
+504174e-05
+555322e-05
+538273e-05
+443283e-05
+272790e-05
+633262e-06
-172929e-05
-416492e-05
-623519e-05
-779399e-05
-867082e-05
-862211e-05
-772092e-05
-618648e-05
-416492e-05
-185107e-05
+365343e-06
+224077e-05
+370215e-05
+450590e-05
+462768e-05
+414056e-05
+321502e-05
+202157e-05
+779399e-06
-267919e-06
-116910e-05
-192414e-05
-241127e-05
-263047e-05
-258176e-05
-224077e-05
-165622e-05
-779399e-06
+340987e-06
+172929e-05
+333680e-05
+482253e-05
+591856e-05
+647876e-05
+645440e-05
+584550e-05
+465204e-05
+302017e-05
+133959e-05
+243562e-07
-901181e-06
-146137e-05
-158315e-05
-141266e-05
-114474e-05
-102296e-05
-119346e-05
-168058e-05
-243562e-05
-321502e-05
-384828e-05
-418927e-05
-404313e-05
-343423e-05
-238691e-05
-109603e-05
+146137e-06
+131524e-05
+236255e-05
+304453e-05
+336116e-05
+336116e-05
+309324e-05
+260612e-05
+185107e-05
+949893e-06
+000000e+00
-104732e-05
-224077e-05
-336116e-05
-426234e-05
-489560e-05
-513916e-05
-496867e-05
-440848e-05
-355601e-05
-243562e-05
-121781e-05
-170494e-06
+706331e-06
+136395e-05
+172929e-05
+180236e-05
+160751e-05
+121781e-05
+706331e-06
+219206e-06
-170494e-06
-389700e-06
-340987e-06
-243562e-07
+681974e-06
+182672e-05
+321502e-05
+465204e-05
+584550e-05
+664925e-05
+696588e-05
+662489e-05
+572371e-05
+423798e-05
+228949e-05
+267919e-06
-172929e-05
-355601e-05
-499303e-05
-594292e-05
-640569e-05
-640569e-05
-596728e-05
-513916e-05
-389700e-05
-236255e-05
-730687e-06
+901181e-06
+245998e-05
+384828e-05
+477382e-05
+506610e-05
+482253e-05
+399442e-05
+275225e-05
+136395e-05
+730687e-07
-104732e-05
-197285e-05
-253305e-05
-277661e-05
-275225e-05
-253305e-05
-224077e-05
-192414e-05
-163187e-05
-136395e-05
-112039e-05
-949893e-06
-901181e-06
-974249e-06
-119346e-05
-151009e-05
-192414e-05
-236255e-05
-263047e-05
-265483e-05
-233820e-05
-170494e-05
-803756e-06
+194850e-06
+126652e-05
+236255e-05
+319067e-05
+367779e-05
+379957e-05
+345858e-05
+272790e-05
+175365e-05
+657618e-06
-316631e-06
-107167e-05
-146137e-05
-124217e-05
-487125e-06
+755043e-06
+245998e-05
+438412e-05
+601599e-05
+703895e-05
+735558e-05
+677103e-05
+535837e-05
+321502e-05
+755043e-06
-163187e-05
-372650e-05
-518788e-05
-594292e-05
-599163e-05
-543144e-05
-448155e-05
-336116e-05
-221642e-05
-114474e-05
-267919e-06
+462768e-06
+121781e-05
+199721e-05
+275225e-05
+333680e-05
+365343e-05
+358037e-05
+304453e-05
+194850e-05
+438412e-06
-133959e-05
-328809e-05
-501738e-05
-625955e-05
-689281e-05
-686846e-05
-621084e-05
-504174e-05
-358037e-05
-207028e-05
-779399e-06
+243562e-07
+365343e-06
+316631e-06
+000000e+00
-487125e-06
-102296e-05
-143702e-05
-158315e-05
-138831e-05
-901181e-06
-243562e-06
+560193e-06
+146137e-05
+233820e-05
+309324e-05
+365343e-05
+404313e-05
+423798e-05
+428670e-05
+421363e-05
+399442e-05
+367779e-05
+331245e-05
+282532e-05
+216770e-05
+143702e-05
+681974e-06
+000000e+00
-560193e-06
-998605e-06
-116910e-05
-974249e-06
-462768e-06
+219206e-06
+107167e-05
+199721e-05
+277661e-05
+326373e-05
+338552e-05
+323938e-05
+282532e-05
+219206e-05
+148573e-05
+779399e-06
+170494e-06
-365343e-06
-102296e-05
-175365e-05
-253305e-05
-331245e-05
-401878e-05
-462768e-05
-499303e-05
-511481e-05
-499303e-05
-465204e-05
-416492e-05
-362908e-05
-316631e-05
-280097e-05
-250869e-05
-228949e-05
-207028e-05
-182672e-05
-160751e-05
-136395e-05
-102296e-05
-730687e-06
-511481e-06
-267919e-06
-730687e-07
+194850e-06
+681974e-06
+133959e-05
+219206e-05
+309324e-05
+394571e-05
+460333e-05
+487125e-05
+479818e-05
+431105e-05
+348294e-05
+245998e-05
+136395e-05
+414056e-06
-243562e-06
-681974e-06
-876824e-06
-779399e-06
-487125e-06
-730687e-07
+389700e-06
+901181e-06
+136395e-05
+163187e-05
+175365e-05
+170494e-05
+148573e-05
+116910e-05
+755043e-06
+365343e-06
+974249e-07
-730687e-07
-170494e-06
-194850e-06
-194850e-06
-194850e-06
-267919e-06
-438412e-06
-681974e-06
-102296e-05
-136395e-05
-158315e-05
-170494e-05
-177800e-05
-172929e-05
-155880e-05
-133959e-05
-107167e-05
-852468e-06
-706331e-06
-584549e-06
-511481e-06
-438412e-06
-340987e-06
-194850e-06
+000000e+00
+219206e-06
+462768e-06
+584549e-06
+462768e-06
+121781e-06
-487125e-06
-138831e-05
-243562e-05
-338552e-05
-404313e-05
-426234e-05
-389700e-05
-299582e-05
-163187e-05
-730687e-07
+153444e-05
+304453e-05
+414056e-05
+472511e-05
+477382e-05
+433541e-05
+350730e-05
+241127e-05
+124217e-05
+219206e-06
-706331e-06
-143702e-05
-194850e-05
-221642e-05
-209464e-05
-170494e-05
-107167e-05
-292275e-06
+608906e-06
+163187e-05
+258176e-05
+338552e-05
+397007e-05
+426234e-05
+423798e-05
+392135e-05
+331245e-05
+241127e-05
+133959e-05
+243562e-06
-925537e-06
-214335e-05
-316631e-05
-387264e-05
-423798e-05
-411620e-05
-353165e-05
-258176e-05
-138831e-05
-243562e-06
+730687e-06
+138831e-05
+163187e-05
+143702e-05
+803756e-06
-243562e-07
-949893e-06
-185107e-05
-245998e-05
-272790e-05
-260612e-05
-207028e-05
-124217e-05
-340987e-06
+535837e-06
+136395e-05
+204592e-05
+241127e-05
+241127e-05
+211899e-05
+158315e-05
+901181e-06
+219206e-06
-389700e-06
-925537e-06
-131524e-05
-148573e-05
-146137e-05
-133959e-05
-112039e-05
-901181e-06
-730687e-06
-560193e-06
-414056e-06
-292275e-06
-194850e-06
-730687e-07
+243562e-07
+121781e-06
+219206e-06
+292275e-06
+365343e-06
+438412e-06
+560193e-06
+730687e-06
+974249e-06
+121781e-05
+136395e-05
+144615e-05
+137004e-05
+100469e-05
+374477e-06
-468857e-06
-142788e-05
-237169e-05
-314500e-05
-360168e-05
-363821e-05
-321502e-05
-237473e-05
-121781e-05
+112648e-06
+144006e-05
+262134e-05
+355601e-05
+417709e-05
+446023e-05
+442979e-05
+413751e-05
+364430e-05
+299886e-05
+224077e-05
+139439e-05
+490169e-06
-426234e-06
-130306e-05
-207637e-05
-266092e-05
-297146e-05
-296537e-05
-263047e-05
-199417e-05
-113865e-05
-194850e-06
+691108e-06
+137917e-05
+176583e-05
+178105e-05
+140962e-05
+709375e-06
-231384e-06
-127870e-05
-227731e-05
-306280e-05
-351034e-05
-354079e-05
-310542e-05
-222860e-05
-100165e-05
+429279e-06
+190892e-05
+324851e-05
+428670e-05
+491082e-05
+506610e-05
+475860e-05
+401573e-05
+281619e-05
+136395e-05
-487125e-07
-148573e-05
-289839e-05
-416492e-05
-526095e-05
-604034e-05
-647876e-05
-657618e-05
-625955e-05
-548015e-05
-418927e-05
-250869e-05
-706331e-06
+119346e-05
+311760e-05
+472511e-05
+577243e-05
+618648e-05
+599163e-05
+521223e-05
+387264e-05
+216770e-05
+438412e-06
-124217e-05
-272790e-05
-382393e-05
-440848e-05
-435977e-05
-370215e-05
-250869e-05
-974249e-06
+681974e-06
+233820e-05
+389700e-05
+504174e-05
+560193e-05
+557758e-05
+496867e-05
+382393e-05
+228949e-05
+730687e-06
-706331e-06
-199721e-05
-287404e-05
-323938e-05
-316631e-05
-263047e-05
-170494e-05
-633262e-06
+389700e-06
+131524e-05
+207028e-05
+253305e-05
+258176e-05
+221642e-05
+163187e-05
+901181e-06
+170494e-06
-438412e-06
-925537e-06
-119346e-05
-121781e-05
-102296e-05
-730687e-06
-438412e-06
-243562e-06
-194850e-06
-292275e-06
-584549e-06
-998605e-06
-143702e-05
-192414e-05
-243562e-05
-284968e-05
-311760e-05
-331245e-05
-345858e-05
-350730e-05
-343423e-05
-319067e-05
-270354e-05
-192414e-05
-901181e-06
+146137e-06
+121781e-05
+231384e-05
+306888e-05
+340987e-05
+333680e-05
+280097e-05
+189979e-05
+852468e-06
-487125e-07
-755043e-06
-121781e-05
-129088e-05
-998605e-06
-462768e-06
+121781e-06
+681974e-06
+116910e-05
+146137e-05
+155880e-05
+153444e-05
+148573e-05
+146137e-05
+151009e-05
+168058e-05
+199721e-05
+236255e-05
+265483e-05
+287404e-05
+299582e-05
+297146e-05
+282532e-05
+260612e-05
+231384e-05
+194850e-05
+153444e-05
+102296e-05
+438412e-06
-170494e-06
-901181e-06
-172929e-05
-253305e-05
-316631e-05
-360472e-05
-384828e-05
-375086e-05
-338552e-05
-284968e-05
-211899e-05
-133959e-05
-681974e-06
-219206e-06
+000000e+00
+243562e-07
-170494e-06
-608906e-06
-116910e-05
-170494e-05
-211899e-05
-231384e-05
-221642e-05
-187543e-05
-136395e-05
-779399e-06
-316631e-06
-730687e-07
+243562e-07
+243562e-07
-243562e-07
-730687e-07
-730687e-07
+243562e-07
+243562e-06
+560193e-06
+828112e-06
+901181e-06
+730687e-06
+316631e-06
-219206e-06
-852468e-06
-146137e-05
-177800e-05
-172929e-05
-126652e-05
-487125e-06
+511481e-06
+168058e-05
+280097e-05
+367779e-05
+416492e-05
+416492e-05
+367779e-05
+287404e-05
+189979e-05
+876824e-06
+487125e-07
-487125e-06
-706331e-06
-560193e-06
-121781e-06
+560193e-06
+138831e-05
+224077e-05
+289839e-05
+319067e-05
+319067e-05
+287404e-05
+221642e-05
+133959e-05
+438412e-06
-414056e-06
-126652e-05
-209464e-05
-277661e-05
-323938e-05
-350730e-05
-360472e-05
-348294e-05
-316631e-05
-255740e-05
-170494e-05
-828112e-06
-243562e-07
+657618e-06
+116910e-05
+138831e-05
+126652e-05
+852468e-06
+292275e-06
-267919e-06
-828112e-06
-131524e-05
-165622e-05
-187543e-05
-199721e-05
-209464e-05
-221642e-05
-233820e-05
-241127e-05
-238691e-05
-214335e-05
-163187e-05
-876824e-06
-243562e-07
+852468e-06
+170494e-05
+233820e-05
+258176e-05
+236255e-05
+175365e-05
+828112e-06
-194850e-06
-116910e-05
-202157e-05
-260612e-05
-280097e-05
-250869e-05
-185107e-05
-949893e-06
+487125e-07
+104732e-05
+207028e-05
+289839e-05
+348294e-05
+384828e-05
+392135e-05
+375086e-05
+340987e-05
+304453e-05
+267919e-05
+233820e-05
+211899e-05
+200330e-05
+193936e-05
+190283e-05
+185107e-05
+173843e-05
+153444e-05
+123912e-05
+852468e-06
+389700e-06
-127870e-06
-709375e-06
-131524e-05
-197285e-05
-270354e-05
-340987e-05
-406749e-05
-457897e-05
-482253e-05
-470075e-05
-416492e-05
-316631e-05
-172929e-05
-170494e-06
+138831e-05
+282532e-05
+387264e-05
+433541e-05
+404313e-05
+314195e-05
+180236e-05
+292275e-06
-121781e-05
-265483e-05
-382393e-05
-460333e-05
-491996e-05
-484689e-05
-440848e-05
-360472e-05
-250869e-05
-121781e-05
+974249e-07
+141266e-05
+263047e-05
+353165e-05
+397007e-05
+382393e-05
+319067e-05
+211899e-05
+803756e-06
-414056e-06
-151009e-05
-238691e-05
-280097e-05
-270354e-05
-219206e-05
-141266e-05
-511481e-06
+316631e-06
+104732e-05
+165622e-05
+204592e-05
+219206e-05
+207028e-05
+172929e-05
+126652e-05
+706331e-06
+170494e-06
-243562e-06
-584549e-06
-706331e-06
-487125e-06
+000000e+00
+755043e-06
+175365e-05
+272790e-05
+348294e-05
+392135e-05
+389700e-05
+338552e-05
+245998e-05
+126652e-05
+974249e-07
-102296e-05
-202157e-05
-267919e-05
-292275e-05
-280097e-05
-236255e-05
-165622e-05
-876824e-06
-170494e-06
+438412e-06
+925537e-06
+116910e-05
+119346e-05
+998605e-06
+608906e-06
+170494e-06
-243562e-06
-657618e-06
-112039e-05
-151009e-05
-177800e-05
-199721e-05
-216770e-05
-228949e-05
-224077e-05
-199721e-05
-163187e-05
-104732e-05
-316631e-06
+511481e-06
+141266e-05
+226513e-05
+284968e-05
+297146e-05
+263047e-05
+182672e-05
+657618e-06
-755043e-06
-228949e-05
-370215e-05
-472511e-05
-530966e-05
-540708e-05
-496867e-05
-409185e-05
-294710e-05
-165622e-05
-462768e-06
+438412e-06
+116910e-05
+165622e-05
+187543e-05
+192414e-05
+189979e-05
+189979e-05
+199721e-05
+221642e-05
+258176e-05
+302017e-05
+340987e-05
+375086e-05
+389700e-05
+379957e-05
+340987e-05
+277661e-05
+194850e-05
+949893e-06
+730687e-07
-657618e-06
-133959e-05
-185107e-05
-214335e-05
-221642e-05
-207028e-05
-180236e-05
-148573e-05
-104732e-05
-487125e-06
+974249e-07
+803756e-06
+172929e-05
+270354e-05
+362908e-05
+438412e-05
+479818e-05
+479818e-05
+428670e-05
+331245e-05
+197285e-05
+438412e-06
-116910e-05
-275225e-05
-414056e-05
-516352e-05
-574807e-05
-591856e-05
-569936e-05
-513916e-05
-431105e-05
-336116e-05
-233820e-05
-141266e-05
-730687e-06
-267919e-06
-974249e-07
-194850e-06
-535837e-06
-998605e-06
-146137e-05
-185107e-05
-202157e-05
-187543e-05
-143702e-05
-779399e-06
-487125e-07
+657618e-06
+131524e-05
+182672e-05
+211899e-05
+214335e-05
+197285e-05
+170494e-05
+148573e-05
+133959e-05
+119346e-05
+114474e-05
+116910e-05
+116910e-05
+116910e-05
+119346e-05
+124217e-05
+124217e-05
+124217e-05
+126652e-05
+124217e-05
+116910e-05
+949893e-06
+608906e-06
+219206e-06
-194850e-06
-608906e-06
-107167e-05
-138831e-05
-143702e-05
-126652e-05
-803756e-06
-194850e-06
+535837e-06
+148573e-05
+248434e-05
+340987e-05
+414056e-05
+453026e-05
+457897e-05
+421363e-05
+340987e-05
+224077e-05
+828112e-06
-608906e-06
-204592e-05
-336116e-05
-433541e-05
-487125e-05
-494431e-05
-462768e-05
-397007e-05
-306888e-05
-209464e-05
-121781e-05
-584549e-06
-219206e-06
-974249e-07
-121781e-06
-243562e-06
-414056e-06
-584549e-06
-706331e-06
-730687e-06
-730687e-06
-755043e-06
-803756e-06
-876824e-06
-974249e-06
-102296e-05
-974249e-06
-852468e-06
-608906e-06
-267919e-06
+243562e-07
+292275e-06
+487125e-06
+487125e-06
+316631e-06
+487125e-07
-267919e-06
-633262e-06
-925537e-06
-102296e-05
-949893e-06
-730687e-06
-340987e-06
+121781e-06
+681974e-06
+133959e-05
+202157e-05
+267919e-05
+319067e-05
+358037e-05
+377522e-05
+367779e-05
+333680e-05
+282532e-05
+207028e-05
+119346e-05
+389700e-06
-267919e-06
-779399e-06
-114474e-05
-124217e-05
-104732e-05
-633262e-06
-121781e-06
+462768e-06
+114474e-05
+175365e-05
+216770e-05
+236255e-05
+221642e-05
+175365e-05
+102296e-05
+170494e-06
-730687e-06
-168058e-05
-248434e-05
-299582e-05
-311760e-05
-287404e-05
-233820e-05
-160751e-05
-876824e-06
-292275e-06
+730687e-07
+219206e-06
+194850e-06
+487125e-07
-146137e-06
-389700e-06
-657618e-06
-852468e-06
-102296e-05
-119346e-05
-133959e-05
-148573e-05
-160751e-05
-165622e-05
-163187e-05
-151009e-05
-124217e-05
-852468e-06
-462768e-06
-170494e-06
-243562e-07
-243562e-07
-146137e-06
-389700e-06
-681974e-06
-901181e-06
-998605e-06
-925537e-06
-657618e-06
-292275e-06
+974249e-07
+584549e-06
+116910e-05
+170494e-05
+221642e-05
+267919e-05
+297146e-05
+309324e-05
+309324e-05
+289839e-05
+248434e-05
+187543e-05
+112039e-05
+389700e-06
-170494e-06
-560193e-06
-755043e-06
-608906e-06
-219206e-06
+292275e-06
+901181e-06
+143702e-05
+175365e-05
+172929e-05
+136395e-05
+730687e-06
-730687e-07
-974249e-06
-187543e-05
-253305e-05
-282532e-05
-272790e-05
-224077e-05
-146137e-05
-608906e-06
+170494e-06
+876824e-06
+141266e-05
+168058e-05
+170494e-05
+148573e-05
+109603e-05
+633262e-06
+194850e-06
-146137e-06
-414056e-06
-657618e-06
-852468e-06
-974249e-06
-107167e-05
-114474e-05
-119346e-05
-126652e-05
-136395e-05
-148573e-05
-160751e-05
-168058e-05
-172929e-05
-172929e-05
-160751e-05
-136395e-05
-101992e-05
-590639e-06
-112648e-06
+340987e-06
+715464e-06
+977294e-06
+110821e-05
+113256e-05
+110516e-05
+104427e-05
+977294e-06
+922492e-06
+861602e-06
+761132e-06
+593683e-06
+325765e-06
-304453e-07
-447546e-06
-882913e-06
-125130e-05
-148573e-05
-153140e-05
-135786e-05
-971205e-06
-401878e-06
+274008e-06
+965116e-06
+158620e-05
+205810e-05
+232602e-05
+235647e-05
+215857e-05
+177800e-05
+128784e-05
+758088e-06
+270963e-06
-103514e-06
-334898e-06
-407967e-06
-334898e-06
-158315e-06
+761132e-07
+334898e-06
+590639e-06
+825067e-06
+103818e-05
+123912e-05
+142179e-05
+158620e-05
+172016e-05
+178105e-05
+173843e-05
+155880e-05
+121477e-05
+691108e-06
+152226e-07
-758088e-06
-156184e-05
-230471e-05
-288621e-05
-322720e-05
-327896e-05
-303540e-05
-252087e-05
-180845e-05
-100165e-05
-213117e-06
+450590e-06
+910314e-06
+111734e-05
+107776e-05
+831156e-06
+420145e-06
-791577e-07
-599772e-06
-110516e-05
-157707e-05
-200634e-05
-238082e-05
-267919e-05
-287708e-05
-292579e-05
-278879e-05
-242344e-05
-181758e-05
-102905e-05
-133959e-06
+764177e-06
+154662e-05
+210986e-05
+239604e-05
+238996e-05
+213421e-05
+171711e-05
+123912e-05
+785488e-06
+438412e-06
+234429e-06
+179627e-06
+255740e-06
+423189e-06
+633262e-06
+864646e-06
+108081e-05
+126652e-05
+141571e-05
+150400e-05
+000000e+00
+000000e+00
+000000e+00
+000000e+00
[ENDDATA]
