[FILEINFO]
File: D:\CMC thesis\AE software\TUNGSTEN\Vallen\T15.tra
SampleRate[Hz]: 10000000
SetsOnFile: 12
Samples: 2048
[SETINFO]
Set: 3
Index: 3
Time:  14 23:51:53 33.4257
Channel: 1
PreTriggerSamples: 100
Data: Amplitude [mV]
[DATA]
+304453e-08
+304453e-08
+304453e-08
+608906e-08
+608906e-08
+304453e-08
+304453e-08
+000000e+00
+000000e+00
+304453e-08
+000000e+00
+000000e+00
+000000e+00
+000000e+00
-304453e-08
-608906e-08
-608906e-08
-304453e-08
-304453e-08
-608906e-08
-608906e-08
-304453e-08
+000000e+00
+000000e+00
-304453e-08
-304453e-08
+000000e+00
+000000e+00
+000000e+00
+000000e+00
+304453e-08
+000000e+00
+000000e+00
+000000e+00
-304453e-08
-304453e-08
-304453e-08
-304453e-08
-304453e-08
-304453e-08
-304453e-08
-304453e-08
-304453e-08
+000000e+00
+000000e+00
+304453e-08
+304453e-08
+304453e-08
+304453e-08
+304453e-08
+000000e+00
+000000e+00
+000000e+00
+000000e+00
-304453e-08
+000000e+00
+000000e+00
-304453e-08
-304453e-08
-304453e-08
-304453e-08
-304453e-08
-304453e-08
-304453e-08
-304453e-08
+000000e+00
+000000e+00
+000000e+00
+000000e+00
+000000e+00
+000000e+00
+000000e+00
+304453e-08
+000000e+00
+000000e+00
+000000e+00
+000000e+00
+000000e+00
+000000e+00
+000000e+00
+000000e+00
-304453e-08
-304453e-08
-304453e-08
-304453e-08
-304453e-08
-304453e-08
-608906e-08
-608906e-08
-608906e-08
-304453e-08
-304453e-08
-304453e-08
-304453e-08
-304453e-08
-608906e-08
-913359e-08
-121781e-07
-213117e-07
-395789e-07
-669796e-07
-115692e-06
-182672e-06
-261829e-06
-340987e-06
-386655e-06
-347076e-06
-179627e-06
+152226e-06
+685019e-06
+139439e-05
+221033e-05
+307193e-05
+372650e-05
+394571e-05
+353165e-05
+233820e-05
+438412e-06
-221642e-05
-548015e-05
-903616e-05
-122999e-04
-147112e-04
-158072e-04
-150034e-04
-120807e-04
-694153e-05
+170494e-06
+850032e-05
+172442e-04
+251843e-04
+311029e-04
+341474e-04
+335629e-04
+290813e-04
+209707e-04
+986427e-05
-319067e-05
-167084e-04
-290570e-04
-388238e-04
-447911e-04
-458628e-04
-417222e-04
-327104e-04
-196798e-04
-392135e-05
+125922e-04
+276687e-04
+395058e-04
+463499e-04
+470562e-04
+414299e-04
+300556e-04
+143215e-04
-370215e-05
-215065e-04
-365343e-04
-466422e-04
-502956e-04
-469345e-04
-368997e-04
-215309e-04
-299582e-05
+160995e-04
+330514e-04
+455949e-04
+520005e-04
+514160e-04
+440848e-04
+312003e-04
+146137e-04
-340987e-05
-202887e-04
-337821e-04
-423068e-04
-449129e-04
-415030e-04
-328322e-04
-202644e-04
-560193e-05
+925537e-05
+223103e-04
+320041e-04
+373137e-04
+377278e-04
+334411e-04
+250626e-04
+138343e-04
+119346e-05
-112526e-04
-218475e-04
-292762e-04
-325886e-04
-314195e-04
-259394e-04
-169032e-04
-557758e-05
+638133e-05
+170006e-04
+245267e-04
+278148e-04
+264022e-04
+204105e-04
+107411e-04
-974249e-06
-128844e-04
-229679e-04
-295685e-04
-317362e-04
-291057e-04
-221155e-04
-119102e-04
-730687e-07
+115692e-04
+210925e-04
+271816e-04
+290570e-04
+264996e-04
+200695e-04
+108872e-04
+365343e-06
-986427e-05
-182428e-04
-236255e-04
-253305e-04
-233333e-04
-179505e-04
-100104e-04
-657618e-06
+874389e-05
+169276e-04
+228949e-04
+258907e-04
+257445e-04
+225295e-04
+167814e-04
+947457e-05
+153444e-05
-601599e-05
-122268e-04
-164405e-04
-182915e-04
-178288e-04
-152226e-04
-110821e-04
-604034e-05
-608906e-06
+457897e-05
+915794e-05
+126896e-04
+149547e-04
+158803e-04
+153201e-04
+133229e-04
+996170e-05
+548015e-05
+316631e-06
-511481e-05
-102783e-04
-145650e-04
-175121e-04
-187543e-04
-181697e-04
-159533e-04
-125435e-04
-840290e-05
-397007e-05
+974249e-07
+358037e-05
+638133e-05
+837854e-05
+974249e-05
+105950e-04
+109116e-04
+105462e-04
+930408e-05
+701459e-05
+355601e-05
-901181e-06
-591856e-05
-107898e-04
-145894e-04
-165135e-04
-158803e-04
-124947e-04
-674668e-05
+462768e-06
+781835e-05
+139318e-04
+175608e-04
+180236e-04
+151496e-04
+954764e-05
+236255e-05
-506610e-05
-112282e-04
-149547e-04
-155636e-04
-130549e-04
-791577e-05
-121781e-05
+582114e-05
+119346e-04
+160508e-04
+177070e-04
+168058e-04
+137369e-04
+906052e-05
+353165e-05
-187543e-05
-647876e-05
-993734e-05
-118858e-04
-121781e-04
-108629e-04
-823241e-05
-462768e-05
-340987e-06
+421363e-05
+857339e-05
+119833e-04
+139805e-04
+140779e-04
+118371e-04
+730687e-05
+657618e-06
-750172e-05
-159290e-04
-233089e-04
-284237e-04
-300556e-04
-274495e-04
-205567e-04
-998605e-05
+294710e-05
+163430e-04
+280340e-04
+360959e-04
+392135e-04
+367779e-04
+289352e-04
+168302e-04
+231384e-05
-124460e-04
-253548e-04
-346833e-04
-394084e-04
-391892e-04
-343423e-04
-258663e-04
-150521e-04
-323938e-05
+828112e-05
+184133e-04
+263534e-04
+315657e-04
+338795e-04
+331732e-04
+294954e-04
+231628e-04
+147599e-04
+501738e-05
-521223e-05
-147599e-04
-224564e-04
-274251e-04
-290326e-04
-271328e-04
-220180e-04
-143458e-04
-511481e-05
+450590e-05
+132985e-04
+202644e-04
+246485e-04
+261099e-04
+247216e-04
+206054e-04
+141753e-04
+613777e-05
-263047e-05
-112039e-04
-186569e-04
-240640e-04
-267919e-04
-264265e-04
-228705e-04
-164648e-04
-798884e-05
+141266e-05
+104732e-04
+179018e-04
+227000e-04
+242588e-04
+224808e-04
+177800e-04
+108629e-04
+289839e-05
-496867e-05
-117641e-04
-166840e-04
-192414e-04
-193632e-04
-173903e-04
-138100e-04
-906052e-05
-375086e-05
+143702e-05
+608906e-05
+991298e-05
+125435e-04
+137856e-04
+136638e-04
+121781e-04
+932844e-05
+528530e-05
+487125e-06
-462768e-05
-949893e-05
-133472e-04
-155880e-04
-158559e-04
-139074e-04
-976685e-05
-394571e-05
+275225e-05
+940150e-05
+150521e-04
+187787e-04
+198990e-04
+182915e-04
+141266e-04
+803756e-05
+998605e-06
-589421e-05
-114961e-04
-150278e-04
-160751e-04
-146381e-04
-112526e-04
-652747e-05
-126652e-05
+375086e-05
+789142e-05
+107655e-04
+122755e-04
+125678e-04
+118615e-04
+102053e-04
+776964e-05
+470075e-05
+116910e-05
-270354e-05
-660054e-05
-101078e-04
-126165e-04
-136638e-04
-130793e-04
-105706e-04
-638133e-05
-121781e-05
+416492e-05
+884131e-05
+117153e-04
+123243e-04
+105462e-04
+652747e-05
+104732e-05
-487125e-05
-101565e-04
-137613e-04
-150034e-04
-137613e-04
-102540e-04
-521223e-05
+340987e-06
+545580e-05
+935279e-05
+113256e-04
+111308e-04
+903616e-05
+552886e-05
+141266e-05
-260612e-05
-579678e-05
-759914e-05
-796449e-05
-694153e-05
-462768e-05
-155880e-05
+172929e-05
+491996e-05
+757479e-05
+945022e-05
+104245e-04
+104245e-04
+954764e-05
+779399e-05
+516352e-05
+182672e-05
-202157e-05
-604034e-05
-988863e-05
-129575e-04
-146381e-04
-145650e-04
-124460e-04
-825676e-05
-243562e-05
+426234e-05
+108385e-04
+162212e-04
+195093e-04
+200695e-04
+177800e-04
+129332e-04
+630826e-05
-107167e-05
-815934e-05
-139074e-04
-176339e-04
-191684e-04
-185838e-04
-161969e-04
-125678e-04
-823241e-05
-362908e-05
+779399e-06
+474946e-05
+811062e-05
+106680e-04
+122025e-04
+125678e-04
+117153e-04
+942586e-05
+579678e-05
+116910e-05
-401878e-05
-908487e-05
-131524e-04
-155636e-04
-159046e-04
-139318e-04
-974249e-05
-382393e-05
+289839e-05
+947457e-05
+150521e-04
+187543e-04
+200208e-04
+187299e-04
+149791e-04
+940150e-05
+284968e-05
-389700e-05
-991298e-05
-143945e-04
-168545e-04
-170981e-04
-151739e-04
-115205e-04
-672232e-05
-136395e-05
+397007e-05
+874389e-05
+124704e-04
+150278e-04
+163917e-04
+164892e-04
+153444e-04
+131767e-04
+101322e-04
+628391e-05
+177800e-05
-319067e-05
-825676e-05
-129332e-04
-167327e-04
-191440e-04
-197285e-04
-182428e-04
-146624e-04
-923101e-05
-255740e-05
+448155e-05
+109359e-04
+158803e-04
+186082e-04
+186812e-04
+160751e-04
+111552e-04
+448155e-05
-297146e-05
-101809e-04
-163917e-04
-208246e-04
-229436e-04
-224808e-04
-195581e-04
-146381e-04
-815934e-05
-803756e-06
+655183e-05
+131280e-04
+182185e-04
+214335e-04
+224321e-04
+210681e-04
+176096e-04
+123730e-04
+584550e-05
-119346e-05
-798884e-05
-137856e-04
-179018e-04
-199234e-04
-195824e-04
-168789e-04
-121050e-04
-572371e-05
+158315e-05
+884131e-05
+151739e-04
+198990e-04
+224077e-04
+223103e-04
+195581e-04
+145650e-04
+794013e-05
+438412e-06
-696588e-05
-132498e-04
-176096e-04
-195581e-04
-188761e-04
-156123e-04
-102540e-04
-358037e-05
+358037e-05
+101322e-04
+152226e-04
+180967e-04
+182915e-04
+158315e-04
+109359e-04
+431105e-05
-304453e-05
-100591e-04
-158315e-04
-194363e-04
-203131e-04
-184133e-04
-140292e-04
-781835e-05
-730687e-06
+608906e-05
+116179e-04
+151252e-04
+161482e-04
+145650e-04
+108142e-04
+552886e-05
-487125e-06
-633262e-05
-111308e-04
-142727e-04
-153931e-04
-143458e-04
-114231e-04
-708766e-05
-187543e-05
+362908e-05
+874389e-05
+127627e-04
+151983e-04
+157585e-04
+142240e-04
+107898e-04
+579678e-05
-267919e-06
-655183e-05
-122268e-04
-164405e-04
-184133e-04
-178531e-04
-147112e-04
-932844e-05
-250869e-05
+484689e-05
+116179e-04
+168302e-04
+199234e-04
+205567e-04
+188030e-04
+150521e-04
+100104e-04
+443283e-05
-974249e-06
-562629e-05
-927972e-05
-116423e-04
-125678e-04
-122999e-04
-109359e-04
-852468e-05
-535837e-05
-170494e-05
+221642e-05
+599163e-05
+910923e-05
+111064e-04
+114961e-04
+100835e-04
+689281e-05
+228949e-05
-309324e-05
-835419e-05
-124704e-04
-147842e-04
-147842e-04
-123730e-04
-789142e-05
-207028e-05
+411620e-05
+964507e-05
+134446e-04
+149060e-04
+138343e-04
+105462e-04
+562629e-05
-170494e-06
-589421e-05
-107655e-04
-141997e-04
-158315e-04
-157098e-04
-140048e-04
-110821e-04
-742865e-05
-331245e-05
+974249e-06
+523659e-05
+920665e-05
+125191e-04
+150034e-04
+163187e-04
+160508e-04
+139561e-04
+998605e-05
+440848e-05
-214335e-05
-884131e-05
-146624e-04
-185351e-04
-197529e-04
-178775e-04
-129332e-04
-550451e-05
+331245e-05
+121781e-04
+197042e-04
+245511e-04
+259394e-04
+237473e-04
+182428e-04
+102783e-04
+104732e-05
-815934e-05
-159290e-04
-213361e-04
-238204e-04
-231628e-04
-197042e-04
-140779e-04
-699024e-05
+706331e-06
+803756e-05
+141753e-04
+185107e-04
+207272e-04
+205810e-04
+181210e-04
+136395e-04
+757479e-05
+633262e-06
-633262e-05
-125191e-04
-172199e-04
-198747e-04
-202887e-04
-185351e-04
-149060e-04
-100104e-04
-462768e-05
+560193e-06
+494431e-05
+808627e-05
+981556e-05
+102296e-04
+949893e-05
+794013e-05
+594292e-05
+375086e-05
+155880e-05
-438412e-06
-224077e-05
-392135e-05
-538273e-05
-645440e-05
-699024e-05
-679539e-05
-565065e-05
-350730e-05
-462768e-06
+331245e-05
+728251e-05
+107898e-04
+132498e-04
+141510e-04
+132741e-04
+105219e-04
+616213e-05
+803756e-06
-484689e-05
-100104e-04
-138587e-04
-157828e-04
-156367e-04
-134934e-04
-949893e-05
-416492e-05
+175365e-05
+757479e-05
+127140e-04
+166109e-04
+188517e-04
+192658e-04
+177070e-04
+141266e-04
+871953e-05
+187543e-05
-582114e-05
-136151e-04
-205567e-04
-256471e-04
-280584e-04
-272546e-04
-230410e-04
-156854e-04
-584550e-05
+523659e-05
+159046e-04
+246241e-04
+301530e-04
+315657e-04
+284481e-04
+212873e-04
+109847e-04
-109603e-05
-131280e-04
-234550e-04
-305914e-04
-336360e-04
-322720e-04
-266214e-04
-175365e-04
-611341e-05
+623519e-05
+178531e-04
+273033e-04
+334655e-04
+356332e-04
+334411e-04
+272059e-04
+177070e-04
+599163e-05
-647876e-05
-181697e-04
-274251e-04
-330027e-04
-342205e-04
-308350e-04
-232602e-04
-123973e-04
+219206e-06
+127383e-04
+234063e-04
+306888e-04
+335142e-04
+313952e-04
+246485e-04
+143945e-04
+209464e-05
-104245e-04
-212143e-04
-288378e-04
-322720e-04
-311273e-04
-256715e-04
-167814e-04
-577243e-05
+591856e-05
+166109e-04
+248190e-04
+296659e-04
+306645e-04
+276930e-04
+212873e-04
+122755e-04
+172929e-05
-893874e-05
-184620e-04
-256471e-04
-295928e-04
-298120e-04
-262073e-04
-192658e-04
-983992e-05
+852468e-06
+112526e-04
+198990e-04
+255497e-04
+273520e-04
+251113e-04
+191196e-04
+102783e-04
-730687e-07
-102296e-04
-185107e-04
-236986e-04
-250626e-04
-223590e-04
-161725e-04
-747736e-05
+236255e-05
+115936e-04
+189004e-04
+232846e-04
+241127e-04
+213604e-04
+156611e-04
+786706e-05
-901181e-06
-935279e-05
-164892e-04
-215065e-04
-237473e-04
-229192e-04
-191196e-04
-127627e-04
-450590e-05
+477382e-05
+140048e-04
+219693e-04
+276687e-04
+302017e-04
+289352e-04
+238691e-04
+155149e-04
+482253e-05
-689281e-05
-179262e-04
-265239e-04
-313708e-04
-318336e-04
-278392e-04
-199478e-04
-940150e-05
+204592e-05
+125678e-04
+206541e-04
+251600e-04
+256471e-04
+223347e-04
+159533e-04
+764786e-05
-114474e-05
-903616e-05
-150278e-04
-184133e-04
-189979e-04
-170250e-04
-130306e-04
-779399e-05
-219206e-05
+302017e-05
+716073e-05
+979120e-05
+108142e-04
+102296e-04
+828112e-05
+535837e-05
+185107e-05
-177800e-05
-509045e-05
-774528e-05
-942586e-05
-988863e-05
-906052e-05
-708766e-05
-411620e-05
-487125e-06
+338552e-05
+694153e-05
+959635e-05
+110577e-04
+110577e-04
+959635e-05
+696588e-05
+350730e-05
-121781e-06
-331245e-05
-562629e-05
-664925e-05
-643004e-05
-513916e-05
-306888e-05
-852468e-06
+107167e-05
+243562e-05
+297146e-05
+275225e-05
+204592e-05
+124217e-05
+706331e-06
+657618e-06
+119346e-05
+224077e-05
+343423e-05
+438412e-05
+479818e-05
+440848e-05
+316631e-05
+119346e-05
-114474e-05
-353165e-05
-560193e-05
-696588e-05
-745301e-05
-701459e-05
-577243e-05
-384828e-05
-153444e-05
+730687e-06
+267919e-05
+414056e-05
+487125e-05
+470075e-05
+370215e-05
+207028e-05
+146137e-06
-180236e-05
-358037e-05
-484689e-05
-535837e-05
-506610e-05
-401878e-05
-243562e-05
-633262e-06
+121781e-05
+289839e-05
+414056e-05
+472511e-05
+460333e-05
+379957e-05
+241127e-05
+706331e-06
-121781e-05
-316631e-05
-479818e-05
-586985e-05
-613777e-05
-543144e-05
-375086e-05
-124217e-05
+182672e-05
+506610e-05
+796449e-05
+998605e-05
+106437e-04
+974249e-05
+735558e-05
+367779e-05
-657618e-06
-499303e-05
-874389e-05
-113256e-04
-123486e-04
-116179e-04
-927972e-05
-574807e-05
-160751e-05
+267919e-05
+657618e-05
+957200e-05
+113500e-04
+117884e-04
+108872e-04
+874389e-05
+567500e-05
+199721e-05
-172929e-05
-509045e-05
-774528e-05
-927972e-05
-952329e-05
-837854e-05
-601599e-05
-275225e-05
+803756e-06
+404313e-05
+647876e-05
+759914e-05
+716073e-05
+523659e-05
+209464e-05
-170494e-05
-545580e-05
-859775e-05
-105462e-04
-108142e-04
-925537e-05
-621084e-05
-211899e-05
+253305e-05
+699024e-05
+105219e-04
+125678e-04
+129332e-04
+117397e-04
+906052e-05
+528530e-05
+109603e-05
-299582e-05
-645440e-05
-889002e-05
-101565e-04
-101078e-04
-884131e-05
-672232e-05
-404313e-05
-116910e-05
+155880e-05
+382393e-05
+535837e-05
+604034e-05
+582114e-05
+487125e-05
+336116e-05
+155880e-05
-974249e-07
-133959e-05
-204592e-05
-199721e-05
-126652e-05
-974249e-07
+131524e-05
+260612e-05
+340987e-05
+340987e-05
+248434e-05
+779399e-06
-151009e-05
-399442e-05
-611341e-05
-737994e-05
-747736e-05
-633262e-05
-397007e-05
-803756e-06
+275225e-05
+611341e-05
+852468e-05
+974249e-05
+954764e-05
+784271e-05
+487125e-05
+124217e-05
-258176e-05
-608906e-05
-867082e-05
-101078e-04
-101565e-04
-886567e-05
-655183e-05
-340987e-05
+121781e-06
+362908e-05
+669796e-05
+898745e-05
+103027e-04
+104001e-04
+923101e-05
+691717e-05
+358037e-05
-414056e-06
-460333e-05
-852468e-05
-114961e-04
-130549e-04
-129575e-04
-109603e-04
-725816e-05
-238691e-05
+309324e-05
+828112e-05
+122025e-04
+142971e-04
+142240e-04
+119589e-04
+786706e-05
+253305e-05
-321502e-05
-840290e-05
-121050e-04
-139561e-04
-138100e-04
-117397e-04
-815934e-05
-353165e-05
+133959e-05
+577243e-05
+937715e-05
+116666e-04
+124460e-04
+117884e-04
+974249e-05
+657618e-05
+265483e-05
-151009e-05
-545580e-05
-884131e-05
-112282e-04
-122268e-04
-116179e-04
-945022e-05
-604034e-05
-182672e-05
+282532e-05
+723380e-05
+106924e-04
+127383e-04
+131767e-04
+120320e-04
+937715e-05
+560193e-05
+133959e-05
-292275e-05
-657618e-05
-908487e-05
-102540e-04
-991298e-05
-815934e-05
-526095e-05
-172929e-05
+197285e-05
+538273e-05
+796449e-05
+937715e-05
+949893e-05
+828112e-05
+584550e-05
+250869e-05
-126652e-05
-504174e-05
-840290e-05
-109116e-04
-122025e-04
-121050e-04
-105706e-04
-776964e-05
-404313e-05
+243562e-06
+453026e-05
+830547e-05
+110090e-04
+121781e-04
+115936e-04
+930408e-05
+560193e-05
+107167e-05
-372650e-05
-801320e-05
-111308e-04
-126165e-04
-122755e-04
-101809e-04
-667361e-05
-243562e-05
+189979e-05
+572371e-05
+857339e-05
+102540e-04
+106924e-04
+993734e-05
+835419e-05
+628391e-05
+392135e-05
+138831e-05
-102296e-05
-323938e-05
-528530e-05
-696588e-05
-813498e-05
-862211e-05
-823241e-05
-694153e-05
-467640e-05
-163187e-05
+177800e-05
+523659e-05
+820805e-05
+102783e-04
+111064e-04
+104732e-04
+850032e-05
+548015e-05
+180236e-05
-207028e-05
-565065e-05
-842726e-05
-101565e-04
-106437e-04
-976685e-05
-776964e-05
-494431e-05
-170494e-05
+153444e-05
+455462e-05
+689281e-05
+832983e-05
+879260e-05
+820805e-05
+681974e-05
+470075e-05
+209464e-05
-535837e-06
-302017e-05
-511481e-05
-645440e-05
-696588e-05
-660054e-05
-538273e-05
-345858e-05
-116910e-05
+107167e-05
+299582e-05
+431105e-05
+477382e-05
+426234e-05
+294710e-05
+107167e-05
-102296e-05
-297146e-05
-455462e-05
-548015e-05
-562629e-05
-509045e-05
-399442e-05
-260612e-05
-116910e-05
+170494e-06
+141266e-05
+263047e-05
+382393e-05
+499303e-05
+604034e-05
+691717e-05
+745301e-05
+735558e-05
+645440e-05
+455462e-05
+172929e-05
-158315e-05
-509045e-05
-830547e-05
-106437e-04
-115205e-04
-105219e-04
-789142e-05
-389700e-05
+925537e-06
+579678e-05
+100348e-04
+128114e-04
+136638e-04
+125922e-04
+964507e-05
+523659e-05
+170494e-06
-479818e-05
-898745e-05
-116910e-04
-125678e-04
-117153e-04
-923101e-05
-552886e-05
-131524e-05
+289839e-05
+650311e-05
+903616e-05
+102783e-04
+100104e-04
+837854e-05
+557758e-05
+192414e-05
-219206e-05
-628391e-05
-986427e-05
-124217e-04
-135664e-04
-131280e-04
-109116e-04
-708766e-05
-219206e-05
+321502e-05
+832983e-05
+122025e-04
+143215e-04
+142971e-04
+120563e-04
+801320e-05
+277661e-05
-277661e-05
-762350e-05
-110334e-04
-124217e-04
-115692e-04
-876824e-05
-445719e-05
+511481e-06
+530966e-05
+930408e-05
+118371e-04
+127140e-04
+120807e-04
+100104e-04
+689281e-05
+326373e-05
-365343e-06
-362908e-05
-621084e-05
-791577e-05
-871953e-05
-854904e-05
-757479e-05
-596728e-05
-387264e-05
-155880e-05
+608906e-06
+245998e-05
+392135e-05
+470075e-05
+474946e-05
+409185e-05
+284968e-05
+121781e-05
-511481e-06
-202157e-05
-316631e-05
-377522e-05
-372650e-05
-302017e-05
-187543e-05
-535837e-06
+755043e-06
+172929e-05
+211899e-05
+182672e-05
+925537e-06
-365343e-06
-185107e-05
-321502e-05
-414056e-05
-448155e-05
-406749e-05
-302017e-05
-158315e-05
-487125e-07
+138831e-05
+255740e-05
+316631e-05
+326373e-05
+299582e-05
+241127e-05
+170494e-05
+104732e-05
+560193e-06
+267919e-06
+146137e-06
+194850e-06
+316631e-06
+511481e-06
+779399e-06
+112039e-05
+151009e-05
+189979e-05
+226513e-05
+255740e-05
+270354e-05
+260612e-05
+228949e-05
+182672e-05
+124217e-05
+608906e-06
+730687e-07
-316631e-06
-608906e-06
-803756e-06
-974249e-06
-121781e-05
-153444e-05
-192414e-05
-236255e-05
-272790e-05
-289839e-05
-275225e-05
-219206e-05
-126652e-05
-974249e-07
+124217e-05
+258176e-05
+362908e-05
+421363e-05
+409185e-05
+321502e-05
+165622e-05
-389700e-06
-263047e-05
-487125e-05
-672232e-05
-786706e-05
-813498e-05
-750172e-05
-604034e-05
-389700e-05
-141266e-05
+102296e-05
+309324e-05
+455462e-05
+526095e-05
+518788e-05
+443283e-05
+328809e-05
+202157e-05
+803756e-06
-243562e-07
-462768e-06
-657618e-06
-608906e-06
-462768e-06
-365343e-06
-365343e-06
-462768e-06
-633262e-06
-730687e-06
-657618e-06
-438412e-06
-121781e-06
+267919e-06
+706331e-06
+998605e-06
+102296e-05
+803756e-06
+365343e-06
-974249e-07
-414056e-06
-511481e-06
-267919e-06
+365343e-06
+151009e-05
+299582e-05
+450590e-05
+579678e-05
+655183e-05
+662489e-05
+594292e-05
+443283e-05
+226513e-05
-170494e-06
-258176e-05
-470075e-05
-616213e-05
-672232e-05
-640569e-05
-526095e-05
-350730e-05
-153444e-05
+267919e-06
+170494e-05
+258176e-05
+270354e-05
+207028e-05
+876824e-06
-608906e-06
-228949e-05
-404313e-05
-552886e-05
-652747e-05
-699024e-05
-684410e-05
-601599e-05
-438412e-05
-202157e-05
+852468e-06
+409185e-05
+730687e-05
+993734e-05
+116179e-04
+119102e-04
+104488e-04
+730687e-05
+272790e-05
-270354e-05
-815934e-05
-128114e-04
-159046e-04
-168789e-04
-153931e-04
-116666e-04
-618648e-05
+365343e-06
+699024e-05
+127627e-04
+169276e-04
+189491e-04
+187056e-04
+163430e-04
+122268e-04
+703895e-05
+146137e-05
-387264e-05
-830547e-05
-114474e-04
-130062e-04
-129819e-04
-115692e-04
-884131e-05
-513916e-05
-102296e-05
+316631e-05
+699024e-05
+996170e-05
+118128e-04
+123486e-04
+114718e-04
+918230e-05
+577243e-05
+163187e-05
-282532e-05
-701459e-05
-104488e-04
-126165e-04
-132498e-04
-123973e-04
-996170e-05
-633262e-05
-211899e-05
+224077e-05
+601599e-05
+854904e-05
+954764e-05
+889002e-05
+669796e-05
+321502e-05
-949893e-06
-496867e-05
-825676e-05
-103270e-04
-107411e-04
-935279e-05
-650311e-05
-260612e-05
+172929e-05
+577243e-05
+898745e-05
+109116e-04
+112282e-04
+996170e-05
+737994e-05
+379957e-05
-121781e-06
-387264e-05
-699024e-05
-901180e-05
-976685e-05
-915794e-05
-735558e-05
-462768e-05
-136395e-05
+204592e-05
+513916e-05
+747736e-05
+886567e-05
+920665e-05
+835419e-05
+650311e-05
+399442e-05
+114474e-05
-165622e-05
-409185e-05
-569936e-05
-623519e-05
-565065e-05
-399442e-05
-151009e-05
+141266e-05
+435977e-05
+679539e-05
+830547e-05
+857339e-05
+740429e-05
+489560e-05
+136395e-05
-272790e-05
-684410e-05
-103514e-04
-126165e-04
-132985e-04
-124217e-04
-986427e-05
-594292e-05
-133959e-05
+348294e-05
+784271e-05
+111308e-04
+130306e-04
+133716e-04
+122512e-04
+974249e-05
+618648e-05
+204592e-05
-238691e-05
-657618e-05
-102053e-04
-129575e-04
-146137e-04
-150765e-04
-141266e-04
-118615e-04
-837854e-05
-379957e-05
+141266e-05
+674668e-05
+116666e-04
+155636e-04
+179262e-04
+183402e-04
+167084e-04
+131524e-04
+801320e-05
+194850e-05
-426234e-05
-986427e-05
-140048e-04
-161482e-04
-161482e-04
-140048e-04
-100104e-04
-479818e-05
+876824e-06
+628391e-05
+106924e-04
+136882e-04
+149547e-04
+143215e-04
+121050e-04
+864646e-05
+433541e-05
-194850e-06
-453026e-05
-825676e-05
-110334e-04
-125678e-04
-128114e-04
-119589e-04
-996170e-05
-703895e-05
-348294e-05
+365343e-06
+414056e-05
+752607e-05
+100591e-04
+114718e-04
+115936e-04
+103027e-04
+772092e-05
+404313e-05
-292275e-06
-474946e-05
-893874e-05
-121781e-04
-140779e-04
-144432e-04
-131767e-04
-103514e-04
-623519e-05
-148573e-05
+348294e-05
+806191e-05
+116179e-04
+139561e-04
+148086e-04
+140048e-04
+117884e-04
+842726e-05
+421363e-05
-365343e-06
-487125e-05
-886567e-05
-117884e-04
-132985e-04
-132741e-04
-115936e-04
-832983e-05
-382393e-05
+133959e-05
+650311e-05
+109116e-04
+140048e-04
+152957e-04
+143702e-04
+114231e-04
+696588e-05
+151009e-05
-418927e-05
-915794e-05
-125435e-04
-139074e-04
-131524e-04
-102540e-04
-577243e-05
-584549e-06
+460333e-05
+901180e-05
+118615e-04
+127870e-04
+118615e-04
+918230e-05
+513916e-05
+438412e-06
-431105e-05
-842726e-05
-113500e-04
-127627e-04
-125678e-04
-107411e-04
-757479e-05
-355601e-05
+828112e-06
+501738e-05
+854904e-05
+109603e-04
+119346e-04
+112769e-04
+903616e-05
+552886e-05
+119346e-05
-360472e-05
-828112e-05
-121294e-04
-147112e-04
-156611e-04
-147355e-04
-119833e-04
-767221e-05
-228949e-05
+360472e-05
+923101e-05
+137613e-04
+166353e-04
+174391e-04
+160751e-04
+127383e-04
+786706e-05
+219206e-05
-350730e-05
-840290e-05
-117641e-04
-132011e-04
-127383e-04
-104245e-04
-667361e-05
-221642e-05
+245998e-05
+664925e-05
+976685e-05
+115936e-04
+120076e-04
+109847e-04
+879260e-05
+586985e-05
+245998e-05
-102296e-05
-414056e-05
-667361e-05
-845161e-05
-930408e-05
-918230e-05
-815934e-05
-638133e-05
-409185e-05
-151009e-05
+998605e-06
+319067e-05
+489560e-05
+591856e-05
+616213e-05
+565065e-05
+448155e-05
+275225e-05
+730687e-06
-133959e-05
-343423e-05
-523659e-05
-645440e-05
-706331e-05
-703895e-05
-638133e-05
-513916e-05
-343423e-05
-146137e-05
+462768e-06
+224077e-05
+384828e-05
+501738e-05
+565065e-05
+584550e-05
+557758e-05
+484689e-05
+370215e-05
+221642e-05
+560193e-06
-116910e-05
-284968e-05
-428670e-05
-523659e-05
-548015e-05
-491996e-05
-358037e-05
-158315e-05
+730687e-06
+304453e-05
+499303e-05
+621084e-05
+655183e-05
+599163e-05
+467640e-05
+282532e-05
+901181e-06
-706331e-06
-182672e-05
-231384e-05
-216770e-05
-151009e-05
-608906e-06
+243562e-06
+901181e-06
+129088e-05
+133959e-05
+112039e-05
+828112e-06
+560193e-06
+438412e-06
+535837e-06
+779399e-06
+998605e-06
+998605e-06
+681974e-06
+487125e-07
-949893e-06
-224077e-05
-360472e-05
-474946e-05
-543144e-05
-550451e-05
-487125e-05
-360472e-05
-187543e-05
-487125e-07
+163187e-05
+297146e-05
+365343e-05
+350730e-05
+260612e-05
+114474e-05
-560193e-06
-226513e-05
-372650e-05
-460333e-05
-477382e-05
-418927e-05
-304453e-05
-160751e-05
-194850e-06
+102296e-05
+199721e-05
+258176e-05
+275225e-05
+263047e-05
+233820e-05
+194850e-05
+165622e-05
+143702e-05
+121781e-05
+104732e-05
+828112e-06
+560193e-06
+365343e-06
+243562e-06
+267919e-06
+535837e-06
+998605e-06
+160751e-05
+216770e-05
+250869e-05
+248434e-05
+197285e-05
+102296e-05
-170494e-06
-143702e-05
-258176e-05
-326373e-05
-331245e-05
-267919e-05
-141266e-05
+243562e-06
+207028e-05
+377522e-05
+496867e-05
+543144e-05
+506610e-05
+387264e-05
+197285e-05
-243562e-06
-253305e-05
-474946e-05
-643004e-05
-730687e-05
-737994e-05
-664925e-05
-513916e-05
-306888e-05
+000000e+00
+000000e+00
+000000e+00
+000000e+00
[ENDDATA]
