[FILEINFO]
File: D:\CMC thesis\AE software\TUNGSTEN\Vallen\T17.tra
SampleRate[Hz]: 10000000
SetsOnFile: 8
Samples: 2048
[SETINFO]
Set: 1
Index: 1
Time:  15 03:36:33 989.9009
Channel: 2
PreTriggerSamples: 100
Data: Amplitude [mV]
[DATA]
-304453e-08
-304453e-08
-304453e-08
-304453e-08
-304453e-08
-304453e-08
-304453e-08
-304453e-08
-304453e-08
-304453e-08
-304453e-08
-304453e-08
-608906e-08
-608906e-08
-608906e-08
-608906e-08
-608906e-08
-608906e-08
-608906e-08
-304453e-08
-304453e-08
+000000e+00
+000000e+00
+304453e-08
+304453e-08
+304453e-08
+000000e+00
+000000e+00
+000000e+00
+000000e+00
-304453e-08
-304453e-08
+000000e+00
+000000e+00
+000000e+00
+000000e+00
+000000e+00
+000000e+00
+000000e+00
+000000e+00
-304453e-08
+000000e+00
+000000e+00
-304453e-08
-304453e-08
-608906e-08
-608906e-08
-304453e-08
-304453e-08
-304453e-08
-304453e-08
-304453e-08
-304453e-08
-304453e-08
+000000e+00
-304453e-08
-304453e-08
-304453e-08
-304453e-08
-304453e-08
-304453e-08
-608906e-08
-608906e-08
-608906e-08
-608906e-08
-608906e-08
-304453e-08
-304453e-08
-304453e-08
+000000e+00
+000000e+00
+000000e+00
+000000e+00
+000000e+00
-304453e-08
-304453e-08
-304453e-08
-608906e-08
-608906e-08
-608906e-08
-608906e-08
-304453e-08
-304453e-08
-304453e-08
-304453e-08
-304453e-08
-304453e-08
+000000e+00
+000000e+00
+304453e-08
+304453e-08
+000000e+00
+000000e+00
+000000e+00
-304453e-08
-608906e-08
-121781e-07
-152226e-07
-213117e-07
-365343e-07
-608906e-07
-943804e-07
-146137e-06
-210072e-06
-264874e-06
-277052e-06
-213117e-06
-365343e-07
+277052e-06
+736776e-06
+130001e-05
+188456e-05
+237778e-05
+263047e-05
+250869e-05
+189979e-05
+803756e-06
-706331e-06
-263047e-05
-487125e-05
-706331e-05
-898745e-05
-104732e-04
-110334e-04
-102783e-04
-815934e-05
-467640e-05
+121781e-06
+601599e-05
+123973e-04
+184864e-04
+235525e-04
+269380e-04
+280097e-04
+262560e-04
+214091e-04
+136395e-04
+360472e-05
-781835e-05
-194363e-04
-299338e-04
-381175e-04
-429157e-04
-436220e-04
-399929e-04
-321989e-04
-210681e-04
-759914e-05
+677103e-05
+204836e-04
+322476e-04
+406749e-04
+447911e-04
+441091e-04
+385803e-04
+288865e-04
+160995e-04
+160751e-05
-127140e-04
-251600e-04
-341961e-04
-386533e-04
-379714e-04
-321502e-04
-219450e-04
-871953e-05
+569936e-05
+194850e-04
+308593e-04
+381175e-04
+402608e-04
+369728e-04
+286673e-04
+163430e-04
+153444e-05
-137856e-04
-276443e-04
-383123e-04
-444258e-04
-451321e-04
-404801e-04
-309811e-04
-178288e-04
-263047e-05
+127627e-04
+264509e-04
+368997e-04
+428670e-04
+437925e-04
+396763e-04
+310298e-04
+190953e-04
+545580e-05
-832983e-05
-204836e-04
-296172e-04
-348781e-04
-356332e-04
-320528e-04
-248434e-04
-151009e-04
-426234e-05
+640569e-05
+154175e-04
+216527e-04
+244780e-04
+236255e-04
+195337e-04
+128357e-04
+455462e-05
-384828e-05
-113013e-04
-168302e-04
-196311e-04
-195337e-04
-166353e-04
-113500e-04
-453026e-05
+284968e-05
+988863e-05
+158559e-04
+199721e-04
+216283e-04
+207028e-04
+172686e-04
+115936e-04
+421363e-05
-387264e-05
-118128e-04
-187056e-04
-233820e-04
-251113e-04
-236012e-04
-188274e-04
-111552e-04
-168058e-05
+840290e-05
+178044e-04
+250138e-04
+289596e-04
+289596e-04
+248677e-04
+171955e-04
+691717e-05
-462768e-05
-158559e-04
-252818e-04
-316387e-04
-339039e-04
-315900e-04
-248190e-04
-143702e-04
-148573e-05
+121538e-04
+247946e-04
+346346e-04
+401878e-04
+404801e-04
+352922e-04
+252574e-04
+115692e-04
-397007e-05
-192171e-04
-320528e-04
-409185e-04
-446693e-04
-428670e-04
-359011e-04
-248677e-04
-112769e-04
+311760e-05
+164648e-04
+272546e-04
+344397e-04
+372894e-04
+357549e-04
+302261e-04
+216040e-04
+110090e-04
-462768e-06
-113256e-04
-203862e-04
-265970e-04
-293493e-04
-285455e-04
-243319e-04
-172929e-04
-832983e-05
+136395e-05
+105462e-04
+181454e-04
+232602e-04
+253061e-04
+241857e-04
+200208e-04
+132254e-04
+462768e-05
-462768e-05
-133472e-04
-205079e-04
-250382e-04
-263047e-04
-241370e-04
-185838e-04
-102296e-04
-730687e-07
+104488e-04
+199234e-04
+271085e-04
+308837e-04
+307863e-04
+268649e-04
+196311e-04
+101322e-04
-365343e-06
-103758e-04
-186082e-04
-241370e-04
-264022e-04
-255253e-04
-216770e-04
-155636e-04
-818369e-05
-511481e-06
+638133e-05
+116179e-04
+145894e-04
+149547e-04
+127383e-04
+837854e-05
+248434e-05
-392135e-05
-983992e-05
-141997e-04
-160995e-04
-151009e-04
-111308e-04
-462768e-05
+350730e-05
+121781e-04
+201426e-04
+260125e-04
+288865e-04
+280827e-04
+234794e-04
+156123e-04
+513916e-05
-681974e-05
-189004e-04
-295198e-04
-373381e-04
-413325e-04
-407723e-04
-355601e-04
-260612e-04
-132254e-04
+160751e-05
+168302e-04
+304696e-04
+407967e-04
+466178e-04
+471049e-04
+420632e-04
+321502e-04
+186812e-04
+314195e-05
-125922e-04
-264996e-04
-370945e-04
-431836e-04
-440361e-04
-396032e-04
-304696e-04
-178288e-04
-304453e-05
+120807e-04
+256715e-04
+361934e-04
+422337e-04
+430862e-04
+385803e-04
+291544e-04
+159533e-04
+535837e-06
-152957e-04
-294710e-04
-401391e-04
-461551e-04
-466909e-04
-416492e-04
-317118e-04
-180236e-04
-209464e-05
+143215e-04
+293005e-04
+411133e-04
+484445e-04
+504661e-04
+469588e-04
+381906e-04
+249895e-04
+881695e-05
-840290e-05
-245998e-04
-379470e-04
-467640e-04
-498572e-04
-469588e-04
-384828e-04
-256715e-04
-102053e-04
+589421e-05
+204105e-04
+316144e-04
+381662e-04
+393597e-04
+354627e-04
+272546e-04
+159777e-04
+333680e-05
-896309e-05
-193876e-04
-266214e-04
-298851e-04
-290570e-04
-243806e-04
-167084e-04
-696588e-05
+345858e-05
+129819e-04
+205079e-04
+249895e-04
+259637e-04
+235038e-04
+179505e-04
+101565e-04
+121781e-05
-774528e-05
-153688e-04
-207515e-04
-235038e-04
-233333e-04
-204105e-04
-152714e-04
-847597e-05
-803756e-06
+691717e-05
+138587e-04
+192171e-04
+224564e-04
+232115e-04
+211656e-04
+163674e-04
+940150e-05
+949893e-06
-803756e-05
-162456e-04
-224808e-04
-257445e-04
-254766e-04
-215065e-04
-141753e-04
-462768e-05
+599163e-05
+161238e-04
+242101e-04
+292762e-04
+305427e-04
+276930e-04
+212143e-04
+118615e-04
+706331e-06
-107411e-04
-210925e-04
-290326e-04
-335872e-04
-340744e-04
-304209e-04
-230653e-04
-127627e-04
-852468e-06
+110577e-04
+214091e-04
+290083e-04
+329296e-04
+326373e-04
+283507e-04
+208733e-04
+112282e-04
+657618e-06
-937715e-05
-177557e-04
-236012e-04
-264022e-04
-261586e-04
-231628e-04
-178531e-04
-108385e-04
-304453e-05
+491996e-05
+122999e-04
+182185e-04
+221885e-04
+237717e-04
+226269e-04
+187787e-04
+126165e-04
+470075e-05
-384828e-05
-120320e-04
-189248e-04
-234550e-04
-250382e-04
-235281e-04
-190953e-04
-122755e-04
-409185e-05
+457897e-05
+127383e-04
+192414e-04
+234550e-04
+249408e-04
+235038e-04
+193632e-04
+128844e-04
+470075e-05
-409185e-05
-124947e-04
-195337e-04
-241614e-04
-259150e-04
-246729e-04
-203862e-04
-136638e-04
-555322e-05
+280097e-05
+103270e-04
+161482e-04
+195581e-04
+203618e-04
+187299e-04
+150278e-04
+100104e-04
+450590e-05
-657618e-06
-479818e-05
-757479e-05
-879260e-05
-840290e-05
-667361e-05
-399442e-05
-828112e-06
+236255e-05
+509045e-05
+679539e-05
+718509e-05
+621084e-05
+397007e-05
+730687e-06
-309324e-05
-691717e-05
-102053e-04
-123243e-04
-129332e-04
-121781e-04
-981556e-05
-613777e-05
-177800e-05
+302017e-05
+764786e-05
+114718e-04
+142240e-04
+154662e-04
+149304e-04
+127383e-04
+893874e-05
+387264e-05
-177800e-05
-737994e-05
-121538e-04
-154175e-04
-167084e-04
-157585e-04
-128114e-04
-830547e-05
-294710e-05
+226513e-05
+650311e-05
+920665e-05
+101322e-04
+932844e-05
+713637e-05
+406749e-05
+852468e-06
-194850e-05
-399442e-05
-504174e-05
-509045e-05
-423798e-05
-275225e-05
-998605e-06
+730687e-06
+238691e-05
+387264e-05
+494431e-05
+555322e-05
+577243e-05
+562629e-05
+511481e-05
+435977e-05
+345858e-05
+245998e-05
+146137e-05
+511481e-06
-365343e-06
-126652e-05
-231384e-05
-345858e-05
-462768e-05
-572371e-05
-655183e-05
-691717e-05
-664925e-05
-560193e-05
-379957e-05
-136395e-05
+141266e-05
+411620e-05
+633262e-05
+779399e-05
+830547e-05
+776964e-05
+638133e-05
+431105e-05
+187543e-05
-438412e-06
-243562e-05
-404313e-05
-511481e-05
-560193e-05
-560193e-05
-530966e-05
-479818e-05
-404313e-05
-316631e-05
-216770e-05
-998605e-06
+170494e-06
+133959e-05
+245998e-05
+321502e-05
+348294e-05
+323938e-05
+233820e-05
+925537e-06
-657618e-06
-233820e-05
-394571e-05
-509045e-05
-560193e-05
-540708e-05
-445719e-05
-282532e-05
-755043e-06
+158315e-05
+394571e-05
+584550e-05
+706331e-05
+742865e-05
+677103e-05
+526095e-05
+304453e-05
+608906e-06
-158315e-05
-326373e-05
-406749e-05
-389700e-05
-292275e-05
-136395e-05
+389700e-06
+202157e-05
+333680e-05
+406749e-05
+416492e-05
+375086e-05
+304453e-05
+211899e-05
+119346e-05
+389700e-06
-365343e-06
-112039e-05
-189979e-05
-265483e-05
-326373e-05
-370215e-05
-394571e-05
-382393e-05
-336116e-05
-258176e-05
-151009e-05
-340987e-06
+876824e-06
+216770e-05
+338552e-05
+443283e-05
+523659e-05
+565065e-05
+557758e-05
+489560e-05
+345858e-05
+133959e-05
-121781e-05
-399442e-05
-660054e-05
-864646e-05
-981556e-05
-979120e-05
-850032e-05
-621084e-05
-323938e-05
-974249e-07
+272790e-05
+489560e-05
+601599e-05
+613777e-05
+540708e-05
+397007e-05
+221642e-05
+535837e-06
-998605e-06
-238691e-05
-343423e-05
-409185e-05
-443283e-05
-440848e-05
-394571e-05
-306888e-05
-170494e-05
-243562e-07
+194850e-05
+416492e-05
+613777e-05
+767221e-05
+857339e-05
+854904e-05
+752607e-05
+565065e-05
+297146e-05
-170494e-06
-340987e-05
-643004e-05
-881695e-05
-103027e-04
-104488e-04
-908487e-05
-645440e-05
-270354e-05
+187543e-05
+667361e-05
+109359e-04
+141510e-04
+157828e-04
+153201e-04
+128114e-04
+847597e-05
+289839e-05
-311760e-05
-874389e-05
-130793e-04
-155880e-04
-160751e-04
-145650e-04
-114474e-04
-728251e-05
-260612e-05
+194850e-05
+579678e-05
+862211e-05
+102783e-04
+105950e-04
+959635e-05
+752607e-05
+462768e-05
+126652e-05
-224077e-05
-545580e-05
-798884e-05
-947457e-05
-964507e-05
-850032e-05
-623519e-05
-314195e-05
+243562e-06
+340987e-05
+584550e-05
+713637e-05
+720944e-05
+608906e-05
+397007e-05
+126652e-05
-153444e-05
-401878e-05
-574807e-05
-655183e-05
-640569e-05
-530966e-05
-333680e-05
-828112e-06
+192414e-05
+472511e-05
+708766e-05
+871953e-05
+940150e-05
+896309e-05
+735558e-05
+465204e-05
+121781e-05
-260612e-05
-623519e-05
-923101e-05
-111552e-04
-115692e-04
-104245e-04
-794013e-05
-453026e-05
-608906e-06
+338552e-05
+689281e-05
+942586e-05
+108142e-04
+109847e-04
+996170e-05
+794013e-05
+535837e-05
+253305e-05
-974249e-07
-226513e-05
-387264e-05
-470075e-05
-482253e-05
-440848e-05
-362908e-05
-277661e-05
-207028e-05
-165622e-05
-163187e-05
-189979e-05
-233820e-05
-270354e-05
-275225e-05
-238691e-05
-163187e-05
-633262e-06
+365343e-06
+124217e-05
+187543e-05
+209464e-05
+182672e-05
+126652e-05
+755043e-06
+438412e-06
+487125e-06
+998605e-06
+192414e-05
+299582e-05
+394571e-05
+450590e-05
+443283e-05
+367779e-05
+226513e-05
+511481e-06
-138831e-05
-333680e-05
-501738e-05
-621084e-05
-691717e-05
-716073e-05
-689281e-05
-616213e-05
-496867e-05
-333680e-05
-136395e-05
+706331e-06
+277661e-05
+465204e-05
+591856e-05
+650311e-05
+635698e-05
+543144e-05
+387264e-05
+199721e-05
+194850e-06
-131524e-05
-243562e-05
-297146e-05
-287404e-05
-226513e-05
-136395e-05
-462768e-06
+292275e-06
+876824e-06
+129088e-05
+153444e-05
+163187e-05
+168058e-05
+165622e-05
+153444e-05
+124217e-05
+657618e-06
-121781e-06
-109603e-05
-221642e-05
-314195e-05
-362908e-05
-353165e-05
-275225e-05
-131524e-05
+535837e-06
+258176e-05
+455462e-05
+601599e-05
+674668e-05
+669796e-05
+586985e-05
+423798e-05
+197285e-05
-487125e-06
-302017e-05
-538273e-05
-718509e-05
-830547e-05
-852468e-05
-772092e-05
-608906e-05
-377522e-05
-104732e-05
+168058e-05
+409185e-05
+574807e-05
+647876e-05
+640569e-05
+560193e-05
+414056e-05
+236255e-05
+657618e-06
-876824e-06
-224077e-05
-331245e-05
-411620e-05
-467640e-05
-494431e-05
-496867e-05
-462768e-05
-379957e-05
-248434e-05
-803756e-06
+116910e-05
+326373e-05
+506610e-05
+621084e-05
+647876e-05
+582114e-05
+414056e-05
+158315e-05
-133959e-05
-426234e-05
-677103e-05
-850032e-05
-918230e-05
-852468e-05
-664925e-05
-375086e-05
-194850e-06
+372650e-05
+755043e-05
+106193e-04
+124460e-04
+127627e-04
+115936e-04
+886567e-05
+491996e-05
+389700e-06
-411620e-05
-791577e-05
-104732e-04
-113744e-04
-103514e-04
-772092e-05
-394571e-05
+365343e-06
+450590e-05
+791577e-05
+101078e-04
+107898e-04
+981556e-05
+747736e-05
+421363e-05
+584549e-06
-294710e-05
-594292e-05
-808627e-05
-923101e-05
-927972e-05
-830547e-05
-657618e-05
-435977e-05
-177800e-05
+755043e-06
+309324e-05
+501738e-05
+628391e-05
+689281e-05
+681974e-05
+611341e-05
+477382e-05
+284968e-05
+681974e-06
-165622e-05
-401878e-05
-604034e-05
-759914e-05
-854904e-05
-871953e-05
-798884e-05
-650311e-05
-435977e-05
-170494e-05
+102296e-05
+350730e-05
+538273e-05
+628391e-05
+628391e-05
+540708e-05
+375086e-05
+165622e-05
-389700e-06
-204592e-05
-309324e-05
-331245e-05
-272790e-05
-146137e-05
+170494e-06
+199721e-05
+379957e-05
+521223e-05
+604034e-05
+625955e-05
+591856e-05
+499303e-05
+348294e-05
+153444e-05
-535837e-06
-263047e-05
-467640e-05
-633262e-05
-742865e-05
-789142e-05
-767221e-05
-681974e-05
-530966e-05
-326373e-05
-998605e-06
+141266e-05
+387264e-05
+611341e-05
+811062e-05
+971814e-05
+106924e-04
+109116e-04
+101809e-04
+840290e-05
+565065e-05
+204592e-05
-202157e-05
-599163e-05
-949893e-05
-118858e-04
-126652e-04
-119589e-04
-969378e-05
-635698e-05
-258176e-05
+107167e-05
+397007e-05
+577243e-05
+630826e-05
+574807e-05
+423798e-05
+216770e-05
+487125e-07
-189979e-05
-348294e-05
-453026e-05
-499303e-05
-487125e-05
-418927e-05
-302017e-05
-143702e-05
+365343e-06
+226513e-05
+421363e-05
+577243e-05
+672232e-05
+703895e-05
+655183e-05
+526095e-05
+326373e-05
+852468e-06
-177800e-05
-440848e-05
-662489e-05
-840290e-05
-954764e-05
-981556e-05
-920665e-05
-769657e-05
-528530e-05
-204592e-05
+182672e-05
+594292e-05
+986427e-05
+129332e-04
+147112e-04
+148573e-04
+132011e-04
+986427e-05
+518788e-05
-243562e-07
-494431e-05
-889002e-05
-113013e-04
-117153e-04
-101322e-04
-703895e-05
-302017e-05
+119346e-05
+489560e-05
+757479e-05
+879260e-05
+837854e-05
+650311e-05
+343423e-05
-292275e-06
-409185e-05
-747736e-05
-996170e-05
-111795e-04
-108142e-04
-893874e-05
-582114e-05
-185107e-05
+255740e-05
+677103e-05
+101565e-04
+121294e-04
+125191e-04
+113744e-04
+869517e-05
+494431e-05
+706331e-06
-353165e-05
-720944e-05
-996170e-05
-115936e-04
-118858e-04
-108385e-04
-876824e-05
-604034e-05
-275225e-05
+706331e-06
+397007e-05
+674668e-05
+867082e-05
+954764e-05
+925537e-05
+767221e-05
+496867e-05
+163187e-05
-202157e-05
-540708e-05
-798884e-05
-940150e-05
-935279e-05
-781835e-05
-504174e-05
-153444e-05
+233820e-05
+601599e-05
+889002e-05
+106437e-04
+110334e-04
+100104e-04
+769657e-05
+445719e-05
+755043e-06
-306888e-05
-647876e-05
-903616e-05
-104975e-04
-104975e-04
-898745e-05
-635698e-05
-292275e-05
+828112e-06
+433541e-05
+716073e-05
+884131e-05
+918230e-05
+818369e-05
+611341e-05
+326373e-05
+170494e-06
-267919e-05
-506610e-05
-662489e-05
-728251e-05
-706331e-05
-604034e-05
-431105e-05
-202157e-05
+462768e-06
+314195e-05
+572371e-05
+781835e-05
+930408e-05
+983992e-05
+930408e-05
+759914e-05
+479818e-05
+129088e-05
-270354e-05
-672232e-05
-102540e-04
-127870e-04
-138831e-04
-135177e-04
-117641e-04
-864646e-05
-450590e-05
+487125e-07
+465204e-05
+886567e-05
+120563e-04
+139318e-04
+142971e-04
+131037e-04
+104245e-04
+645440e-05
+185107e-05
-292275e-05
-720944e-05
-104488e-04
-121781e-04
-122512e-04
-107411e-04
-789142e-05
-428670e-05
-462768e-06
+306888e-05
+577243e-05
+723380e-05
+745301e-05
+647876e-05
+443283e-05
+170494e-05
-126652e-05
-414056e-05
-657618e-05
-835419e-05
-920665e-05
-891438e-05
-747736e-05
-494431e-05
-153444e-05
+250869e-05
+679539e-05
+107167e-04
+138831e-04
+158315e-04
+161482e-04
+147599e-04
+117641e-04
+742865e-05
+221642e-05
-333680e-05
-859775e-05
-128844e-04
-157341e-04
-169032e-04
-161969e-04
-136882e-04
-959635e-05
-440848e-05
+109603e-05
+635698e-05
+106924e-04
+135177e-04
+144920e-04
+134690e-04
+106680e-04
+650311e-05
+163187e-05
-321502e-05
-730687e-05
-100348e-04
-110334e-04
-102053e-04
-779399e-05
-428670e-05
-316631e-06
+367779e-05
+706331e-05
+925537e-05
+101322e-04
+959635e-05
+769657e-05
+472511e-05
+112039e-05
-282532e-05
-667361e-05
-100104e-04
-123486e-04
-134203e-04
-132254e-04
-117397e-04
-906052e-05
-545580e-05
-143702e-05
+270354e-05
+647876e-05
+949893e-05
+114718e-04
+121781e-04
+116179e-04
+986427e-05
+723380e-05
+392135e-05
+316631e-06
-314195e-05
-611341e-05
-823241e-05
-923101e-05
-889002e-05
-730687e-05
-462768e-05
-119346e-05
+263047e-05
+621084e-05
+891438e-05
+104488e-04
+104245e-04
+881695e-05
+594292e-05
+211899e-05
-216770e-05
-616213e-05
-945022e-05
-115449e-04
-120320e-04
-108629e-04
-825676e-05
-467640e-05
-487125e-06
+397007e-05
+811062e-05
+113013e-04
+132985e-04
+138831e-04
+130062e-04
+106680e-04
+706331e-05
+265483e-05
-199721e-05
-630826e-05
-998605e-05
-124460e-04
-133472e-04
-128844e-04
-109847e-04
-789142e-05
-406749e-05
-487125e-07
+375086e-05
+699024e-05
+918230e-05
+102053e-04
+993734e-05
+840290e-05
+589421e-05
+250869e-05
-131524e-05
-501738e-05
-825676e-05
-106437e-04
-116666e-04
-109603e-04
-864646e-05
-504174e-05
-584549e-06
+423798e-05
+874389e-05
+119589e-04
+133959e-04
+130306e-04
+106680e-04
+657618e-05
+141266e-05
-406749e-05
-913359e-05
-129575e-04
-150034e-04
-151496e-04
-133959e-04
-988863e-05
-521223e-05
-146137e-06
+477382e-05
+896309e-05
+117397e-04
+128357e-04
+124704e-04
+105706e-04
+747736e-05
+379957e-05
+170494e-06
-289839e-05
-511481e-05
-608906e-05
-586985e-05
-462768e-05
-258176e-05
-292275e-06
+197285e-05
+392135e-05
+513916e-05
+552886e-05
+509045e-05
+392135e-05
+226513e-05
+462768e-06
-143702e-05
-326373e-05
-472511e-05
-572371e-05
-613777e-05
-594292e-05
-513916e-05
-382393e-05
-211899e-05
-267919e-06
+153444e-05
+319067e-05
+440848e-05
+504174e-05
+506610e-05
+448155e-05
+343423e-05
+202157e-05
+487125e-06
-974249e-06
-236255e-05
-338552e-05
-389700e-05
-389700e-05
-336116e-05
-233820e-05
-974249e-06
+414056e-06
+172929e-05
+275225e-05
+309324e-05
+267919e-05
+143702e-05
-438412e-06
-267919e-05
-499303e-05
-684410e-05
-786706e-05
-784271e-05
-667361e-05
-435977e-05
-119346e-05
+245998e-05
+601599e-05
+889002e-05
+107655e-04
+113256e-04
+104488e-04
+830547e-05
+528530e-05
+177800e-05
-177800e-05
-491996e-05
-725816e-05
-852468e-05
-862211e-05
-759914e-05
-572371e-05
-319067e-05
-438412e-06
+211899e-05
+428670e-05
+562629e-05
+599163e-05
+543144e-05
+401878e-05
+204592e-05
+000000e+00
-192414e-05
-345858e-05
-428670e-05
-431105e-05
-355601e-05
-214335e-05
-316631e-06
+168058e-05
+365343e-05
+523659e-05
+621084e-05
+655183e-05
+628391e-05
+533401e-05
+372650e-05
+165622e-05
-608906e-06
-294710e-05
-516352e-05
-694153e-05
-815934e-05
-864646e-05
-825676e-05
-703895e-05
-509045e-05
-255740e-05
+194850e-06
+294710e-05
+528530e-05
+684410e-05
+755043e-05
+720944e-05
+601599e-05
+409185e-05
+160751e-05
-901181e-06
-319067e-05
-506610e-05
-618648e-05
-645440e-05
-591856e-05
-462768e-05
-272790e-05
-633262e-06
+148573e-05
+343423e-05
+477382e-05
+533401e-05
+511481e-05
+414056e-05
+258176e-05
+828112e-06
-876824e-06
-238691e-05
-338552e-05
-370215e-05
-343423e-05
-263047e-05
-146137e-05
-267919e-06
+876824e-06
+192414e-05
+265483e-05
+299582e-05
+297146e-05
+258176e-05
+185107e-05
+852468e-06
-267919e-06
-148573e-05
-270354e-05
-365343e-05
-418927e-05
-414056e-05
-343423e-05
-207028e-05
-243562e-06
+185107e-05
+397007e-05
+562629e-05
+660054e-05
+674668e-05
+596728e-05
+426234e-05
+182672e-05
-876824e-06
-353165e-05
-579678e-05
-733122e-05
-794013e-05
-752607e-05
-611341e-05
-379957e-05
-901181e-06
+224077e-05
+521223e-05
+759914e-05
+906052e-05
+935279e-05
+845161e-05
+645440e-05
+355601e-05
+267919e-06
-294710e-05
-569936e-05
-757479e-05
-845161e-05
-823241e-05
-706331e-05
-523659e-05
-304453e-05
-925537e-06
+852468e-06
+221642e-05
+294710e-05
+311760e-05
+292275e-05
+238691e-05
+175365e-05
+112039e-05
+560193e-06
+146137e-06
-219206e-06
-584549e-06
-901181e-06
-112039e-05
-126652e-05
-126652e-05
-104732e-05
-681974e-06
-267919e-06
+121781e-06
+462768e-06
+706331e-06
+779399e-06
+706331e-06
+511481e-06
+243562e-06
+243562e-07
-121781e-06
-194850e-06
-170494e-06
-487125e-07
+146137e-06
+414056e-06
+730687e-06
+998605e-06
+114474e-05
+114474e-05
+974249e-06
+633262e-06
+219206e-06
-219206e-06
-633262e-06
-925537e-06
-974249e-06
-657618e-06
+000000e+00
+974249e-06
+226513e-05
+355601e-05
+453026e-05
+499303e-05
+474946e-05
+370215e-05
+187543e-05
-462768e-06
-311760e-05
-574807e-05
-798884e-05
-954764e-05
-100835e-04
-945022e-05
-767221e-05
-494431e-05
-155880e-05
+221642e-05
+586985e-05
+886567e-05
+109116e-04
+116423e-04
+108629e-04
+874389e-05
+560193e-05
+185107e-05
-199721e-05
-535837e-05
-776964e-05
-903616e-05
-901180e-05
-784271e-05
-589421e-05
-353165e-05
-112039e-05
+998605e-06
+258176e-05
+358037e-05
+397007e-05
+377522e-05
+321502e-05
+236255e-05
+131524e-05
+316631e-06
-681974e-06
-170494e-05
-260612e-05
-328809e-05
-360472e-05
-348294e-05
-289839e-05
-185107e-05
-511481e-06
+998605e-06
+250869e-05
+379957e-05
+457897e-05
+470075e-05
+416492e-05
+302017e-05
+151009e-05
-487125e-07
-153444e-05
-277661e-05
-350730e-05
-370215e-05
-331245e-05
-228949e-05
-803756e-06
+901181e-06
+277661e-05
+453026e-05
+572371e-05
+613777e-05
+572371e-05
+440848e-05
+228949e-05
-243562e-06
-284968e-05
-513916e-05
-664925e-05
-716073e-05
-667361e-05
-521223e-05
-297146e-05
-462768e-06
+194850e-05
+404313e-05
+543144e-05
+594292e-05
+565065e-05
+462768e-05
+302017e-05
+109603e-05
-852468e-06
-277661e-05
-455462e-05
-586985e-05
-657618e-05
-657618e-05
-582114e-05
-428670e-05
-204592e-05
+511481e-06
+319067e-05
+562629e-05
+737994e-05
+830547e-05
+815934e-05
+703895e-05
+509045e-05
+243562e-05
-414056e-06
-323938e-05
-579678e-05
-774528e-05
-903616e-05
-949893e-05
-908487e-05
-779399e-05
-569936e-05
-289839e-05
+414056e-06
+384828e-05
+691717e-05
+918230e-05
+103027e-04
+996170e-05
+815934e-05
+521223e-05
+158315e-05
-224077e-05
-557758e-05
-789142e-05
-889002e-05
-835419e-05
-652747e-05
-375086e-05
-462768e-06
+289839e-05
+574807e-05
+772092e-05
+874389e-05
+864646e-05
+752607e-05
+560193e-05
+304453e-05
+243562e-06
-243562e-05
-479818e-05
-643004e-05
-708766e-05
-674668e-05
-548015e-05
-340987e-05
-876824e-06
+172929e-05
+399442e-05
+543144e-05
+582114e-05
+516352e-05
+350730e-05
+119346e-05
-136395e-05
-377522e-05
-562629e-05
-672232e-05
-691717e-05
-621084e-05
-460333e-05
-221642e-05
+535837e-06
+355601e-05
+645440e-05
+869517e-05
+100835e-04
+102053e-04
+884131e-05
+606470e-05
+207028e-05
-270354e-05
-750172e-05
-116423e-04
-145407e-04
-156123e-04
-145650e-04
-115449e-04
-703895e-05
-160751e-05
+406749e-05
+923101e-05
+131037e-04
+152470e-04
+155636e-04
+139561e-04
+107167e-04
+625955e-05
+112039e-05
-406749e-05
-876824e-05
-121538e-04
-137856e-04
-135177e-04
-112526e-04
-728251e-05
-216770e-05
+343423e-05
+871953e-05
+126165e-04
+146381e-04
+144432e-04
+119589e-04
+767221e-05
+219206e-05
-362908e-05
-901180e-05
-130549e-04
-152226e-04
-154906e-04
-138100e-04
-104001e-04
-586985e-05
-828112e-06
+433541e-05
+915794e-05
+129332e-04
+153688e-04
+162943e-04
+154418e-04
+129332e-04
+893874e-05
+382393e-05
-172929e-05
-706331e-05
-115692e-04
-146868e-04
-159290e-04
-151009e-04
-124704e-04
-835419e-05
-319067e-05
+219206e-05
+701459e-05
+107898e-04
+130062e-04
+134203e-04
+121050e-04
+910923e-05
+477382e-05
-267919e-06
-530966e-05
-981556e-05
-130549e-04
-144920e-04
-139074e-04
-112282e-04
-679539e-05
-121781e-05
+487125e-05
+105219e-04
+148329e-04
+171711e-04
+170250e-04
+144189e-04
+976685e-05
+365343e-05
-304453e-05
-942586e-05
-147355e-04
-181697e-04
-193876e-04
-183646e-04
-151496e-04
-102053e-04
-418927e-05
+221642e-05
+818369e-05
+130549e-04
+162700e-04
+174634e-04
+165622e-04
+137126e-04
+923101e-05
+375086e-05
-187543e-05
-696588e-05
-109359e-04
-132985e-04
-138100e-04
-125922e-04
-969378e-05
-555322e-05
-925537e-06
+384828e-05
+828112e-05
+117397e-04
+139074e-04
+145894e-04
+135908e-04
+110334e-04
+718509e-05
+236255e-05
-297146e-05
-820805e-05
-125191e-04
-154175e-04
-166353e-04
-158072e-04
-130793e-04
-876824e-05
-336116e-05
+233820e-05
+757479e-05
+116666e-04
+142727e-04
+150765e-04
+139074e-04
+111795e-04
+733122e-05
+272790e-05
-187543e-05
-584550e-05
-889002e-05
-105950e-04
-107167e-04
-932844e-05
-681974e-05
-350730e-05
+243562e-07
+323938e-05
+567500e-05
+689281e-05
+677103e-05
+530966e-05
+267919e-05
-584549e-06
-384828e-05
-664925e-05
-852468e-05
-910923e-05
-820805e-05
-606470e-05
-294710e-05
+706331e-06
+440848e-05
+767221e-05
+100104e-04
+112282e-04
+111308e-04
+969378e-05
+718509e-05
+382393e-05
+974249e-07
-362908e-05
-696588e-05
-957200e-05
-111795e-04
-113744e-04
-102296e-04
-798884e-05
-494431e-05
-143702e-05
+219206e-05
+548015e-05
+796449e-05
+937715e-05
+959635e-05
+864646e-05
+674668e-05
+414056e-05
+121781e-05
-165622e-05
-416492e-05
-586985e-05
-662489e-05
-643004e-05
-518788e-05
+000000e+00
+000000e+00
+000000e+00
+000000e+00
[ENDDATA]
