[FILEINFO]
File: D:\CMC thesis\AE software\TUNGSTEN\Vallen\T22.tra
SampleRate[Hz]: 10000000
SetsOnFile: 8
Samples: 2048
[SETINFO]
Set: 1
Index: 1
Time:  15 03:21:33 58.6245
Channel: 1
PreTriggerSamples: 100
Data: Amplitude [mV]
[DATA]
-304453e-08
-304453e-08
+000000e+00
+000000e+00
+304453e-08
+608906e-08
+304453e-08
+000000e+00
+000000e+00
+304453e-08
+304453e-08
+304453e-08
+304453e-08
+304453e-08
+000000e+00
+000000e+00
+000000e+00
+000000e+00
+000000e+00
+000000e+00
+000000e+00
-304453e-08
-304453e-08
-304453e-08
-304453e-08
-304453e-08
+000000e+00
+000000e+00
+000000e+00
+000000e+00
-304453e-08
-304453e-08
-304453e-08
-304453e-08
-304453e-08
-304453e-08
-304453e-08
-304453e-08
-304453e-08
+000000e+00
+000000e+00
+000000e+00
+000000e+00
-304453e-08
-304453e-08
-304453e-08
-304453e-08
-304453e-08
-304453e-08
-304453e-08
-304453e-08
-304453e-08
-304453e-08
-304453e-08
+000000e+00
-304453e-08
-304453e-08
-304453e-08
-304453e-08
-304453e-08
+000000e+00
+000000e+00
+000000e+00
+000000e+00
+000000e+00
+000000e+00
-304453e-08
-304453e-08
+000000e+00
+000000e+00
+304453e-08
+304453e-08
+000000e+00
-304453e-08
-304453e-08
+000000e+00
+000000e+00
+000000e+00
-304453e-08
-304453e-08
-304453e-08
-304453e-08
-304453e-08
-304453e-08
-304453e-08
-304453e-08
-304453e-08
-304453e-08
+000000e+00
+000000e+00
+000000e+00
+000000e+00
+304453e-08
+304453e-08
+000000e+00
-304453e-08
-608906e-08
-121781e-07
-243562e-07
-487125e-07
-852468e-07
-130915e-06
-185716e-06
-228340e-06
-216162e-06
-118737e-06
+913359e-07
+414056e-06
+815934e-06
+122390e-05
+154662e-05
+168058e-05
+155271e-05
+104732e-05
+243562e-06
-755043e-06
-192414e-05
-311760e-05
-421363e-05
-501738e-05
-533401e-05
-504174e-05
-399442e-05
-226513e-05
-243562e-07
+275225e-05
+569936e-05
+828112e-05
+102296e-04
+111552e-04
+107411e-04
+893874e-05
+584550e-05
+182672e-05
-270354e-05
-718509e-05
-108872e-04
-132741e-04
-140048e-04
-129819e-04
-101565e-04
-599163e-05
-119346e-05
+370215e-05
+789142e-05
+107655e-04
+119833e-04
+113256e-04
+896309e-05
+530966e-05
+974249e-06
-348294e-05
-745301e-05
-103027e-04
-116666e-04
-113500e-04
-937715e-05
-611341e-05
-204592e-05
+248434e-05
+686846e-05
+104732e-04
+128844e-04
+138100e-04
+131524e-04
+109603e-04
+747736e-05
+302017e-05
-182672e-05
-638133e-05
-102296e-04
-127627e-04
-136395e-04
-129575e-04
-106680e-04
-703895e-05
-265483e-05
+185107e-05
+589421e-05
+896309e-05
+106437e-04
+108142e-04
+945022e-05
+684410e-05
+343423e-05
-194850e-06
-353165e-05
-621084e-05
-779399e-05
-820805e-05
-752607e-05
-589421e-05
-353165e-05
-876824e-06
+172929e-05
+401878e-05
+557758e-05
+623519e-05
+606470e-05
+516352e-05
+358037e-05
+160751e-05
-365343e-06
-219206e-05
-375086e-05
-479818e-05
-528530e-05
-518788e-05
-450590e-05
-331245e-05
-165622e-05
+170494e-06
+207028e-05
+384828e-05
+504174e-05
+548015e-05
+511481e-05
+389700e-05
+194850e-05
-316631e-06
-253305e-05
-438412e-05
-548015e-05
-557758e-05
-465204e-05
-287404e-05
-681974e-06
+158315e-05
+365343e-05
+509045e-05
+565065e-05
+533401e-05
+428670e-05
+275225e-05
+102296e-05
-535837e-06
-177800e-05
-270354e-05
-314195e-05
-316631e-05
-289839e-05
-238691e-05
-177800e-05
-114474e-05
-511481e-06
+730687e-07
+681974e-06
+138831e-05
+211899e-05
+275225e-05
+311760e-05
+314195e-05
+270354e-05
+172929e-05
+365343e-06
-129088e-05
-304453e-05
-457897e-05
-562629e-05
-599163e-05
-552886e-05
-426234e-05
-245998e-05
-365343e-06
+177800e-05
+367779e-05
+504174e-05
+565065e-05
+550451e-05
+470075e-05
+333680e-05
+163187e-05
-730687e-07
-163187e-05
-287404e-05
-367779e-05
-399442e-05
-370215e-05
-294710e-05
-185107e-05
-560193e-06
+828112e-06
+224077e-05
+340987e-05
+418927e-05
+445719e-05
+411620e-05
+326373e-05
+192414e-05
+267919e-06
-146137e-05
-314195e-05
-453026e-05
-535837e-05
-552886e-05
-499303e-05
-372650e-05
-189979e-05
+170494e-06
+224077e-05
+414056e-05
+548015e-05
+599163e-05
+565065e-05
+448155e-05
+263047e-05
+438412e-06
-180236e-05
-377522e-05
-506610e-05
-552886e-05
-509045e-05
-377522e-05
-182672e-05
+365343e-06
+245998e-05
+423798e-05
+535837e-05
+565065e-05
+518788e-05
+401878e-05
+238691e-05
+608906e-06
-129088e-05
-314195e-05
-474946e-05
-606470e-05
-694153e-05
-730687e-05
-706331e-05
-616213e-05
-453026e-05
-216770e-05
+608906e-06
+365343e-05
+657618e-05
+891438e-05
+104488e-04
+108142e-04
+988863e-05
+774528e-05
+467640e-05
+109603e-05
-263047e-05
-594292e-05
-842726e-05
-986427e-05
-101322e-04
-927972e-05
-742865e-05
-482253e-05
-180236e-05
+124217e-05
+401878e-05
+623519e-05
+759914e-05
+798884e-05
+742865e-05
+599163e-05
+382393e-05
+129088e-05
-121781e-05
-345858e-05
-513916e-05
-606470e-05
-625955e-05
-579678e-05
-474946e-05
-323938e-05
-143702e-05
+511481e-06
+248434e-05
+443283e-05
+613777e-05
+728251e-05
+776964e-05
+747736e-05
+628391e-05
+421363e-05
+146137e-05
-160751e-05
-465204e-05
-720944e-05
-889002e-05
-952329e-05
-898745e-05
-740429e-05
-501738e-05
-216770e-05
+657618e-06
+321502e-05
+523659e-05
+643004e-05
+679539e-05
+643004e-05
+543144e-05
+389700e-05
+202157e-05
+121781e-06
-168058e-05
-326373e-05
-438412e-05
-491996e-05
-477382e-05
-394571e-05
-255740e-05
-876824e-06
+876824e-06
+250869e-05
+379957e-05
+450590e-05
+450590e-05
+379957e-05
+258176e-05
+109603e-05
-462768e-06
-192414e-05
-316631e-05
-404313e-05
-448155e-05
-445719e-05
-397007e-05
-311760e-05
-194850e-05
-560193e-06
+949893e-06
+253305e-05
+399442e-05
+509045e-05
+562629e-05
+552886e-05
+467640e-05
+316631e-05
+121781e-05
-852468e-06
-275225e-05
-428670e-05
-513916e-05
-513916e-05
-431105e-05
-284968e-05
-107167e-05
+681974e-06
+221642e-05
+333680e-05
+384828e-05
+372650e-05
+311760e-05
+216770e-05
+102296e-05
-730687e-07
-107167e-05
-197285e-05
-265483e-05
-302017e-05
-309324e-05
-287404e-05
-233820e-05
-160751e-05
-779399e-06
+243562e-07
+730687e-06
+129088e-05
+155880e-05
+155880e-05
+133959e-05
+974249e-06
+584549e-06
+219206e-06
-243562e-07
-170494e-06
-267919e-06
-292275e-06
-267919e-06
-170494e-06
-243562e-07
+194850e-06
+511481e-06
+852468e-06
+114474e-05
+131524e-05
+126652e-05
+998605e-06
+535837e-06
+000000e+00
-487125e-06
-949893e-06
-124217e-05
-129088e-05
-114474e-05
-901181e-06
-657618e-06
-462768e-06
-414056e-06
-511481e-06
-681974e-06
-828112e-06
-852468e-06
-730687e-06
-414056e-06
-243562e-07
+389700e-06
+779399e-06
+102296e-05
+109603e-05
+998605e-06
+876824e-06
+803756e-06
+852468e-06
+109603e-05
+146137e-05
+185107e-05
+211899e-05
+207028e-05
+165622e-05
+828112e-06
-292275e-06
-158315e-05
-289839e-05
-397007e-05
-460333e-05
-465204e-05
-404313e-05
-289839e-05
-143702e-05
+170494e-06
+180236e-05
+323938e-05
+426234e-05
+470075e-05
+455462e-05
+379957e-05
+248434e-05
+901181e-06
-803756e-06
-248434e-05
-404313e-05
-516352e-05
-560193e-05
-535837e-05
-440848e-05
-282532e-05
-901181e-06
+119346e-05
+323938e-05
+489560e-05
+599163e-05
+643004e-05
+618648e-05
+526095e-05
+375086e-05
+182672e-05
-219206e-06
-219206e-05
-397007e-05
-533401e-05
-611341e-05
-623519e-05
-567500e-05
-445719e-05
-277661e-05
-925537e-06
+974249e-06
+282532e-05
+435977e-05
+535837e-05
+579678e-05
+567500e-05
+504174e-05
+397007e-05
+255740e-05
+998605e-06
-608906e-06
-221642e-05
-367779e-05
-482253e-05
-550451e-05
-560193e-05
-506610e-05
-387264e-05
-216770e-05
-243562e-06
+170494e-05
+353165e-05
+487125e-05
+550451e-05
+540708e-05
+457897e-05
+314195e-05
+131524e-05
-608906e-06
-245998e-05
-411620e-05
-535837e-05
-599163e-05
-601599e-05
-550451e-05
-445719e-05
-297146e-05
-116910e-05
+730687e-06
+263047e-05
+445719e-05
+586985e-05
+672232e-05
+694153e-05
+643004e-05
+523659e-05
+345858e-05
+126652e-05
-925537e-06
-292275e-05
-457897e-05
-555322e-05
-574807e-05
-518788e-05
-394571e-05
-224077e-05
-365343e-06
+151009e-05
+309324e-05
+414056e-05
+450590e-05
+411620e-05
+309324e-05
+158315e-05
-974249e-07
-175365e-05
-316631e-05
-411620e-05
-450590e-05
-423798e-05
-345858e-05
-228949e-05
-876824e-06
+535837e-06
+182672e-05
+284968e-05
+355601e-05
+389700e-05
+377522e-05
+326373e-05
+243562e-05
+133959e-05
+170494e-06
-949893e-06
-194850e-05
-267919e-05
-302017e-05
-289839e-05
-231384e-05
-136395e-05
-292275e-06
+803756e-06
+177800e-05
+243562e-05
+267919e-05
+245998e-05
+180236e-05
+779399e-06
-389700e-06
-165622e-05
-284968e-05
-375086e-05
-423798e-05
-411620e-05
-338552e-05
-209464e-05
-487125e-06
+126652e-05
+297146e-05
+428670e-05
+496867e-05
+489560e-05
+406749e-05
+263047e-05
+876824e-06
-901181e-06
-245998e-05
-358037e-05
-406749e-05
-387264e-05
-304453e-05
-177800e-05
-389700e-06
+925537e-06
+209464e-05
+289839e-05
+328809e-05
+333680e-05
+309324e-05
+263047e-05
+199721e-05
+129088e-05
+487125e-06
-340987e-06
-119346e-05
-211899e-05
-292275e-05
-353165e-05
-387264e-05
-379957e-05
-336116e-05
-260612e-05
-158315e-05
-487125e-06
+608906e-06
+165622e-05
+250869e-05
+302017e-05
+321502e-05
+319067e-05
+292275e-05
+233820e-05
+148573e-05
+511481e-06
-560193e-06
-168058e-05
-267919e-05
-333680e-05
-353165e-05
-328809e-05
-253305e-05
-131524e-05
+730687e-07
+148573e-05
+270354e-05
+355601e-05
+392135e-05
+365343e-05
+292275e-05
+182672e-05
+535837e-06
-755043e-06
-197285e-05
-292275e-05
-350730e-05
-365343e-05
-333680e-05
-260612e-05
-153444e-05
-340987e-06
+876824e-06
+202157e-05
+282532e-05
+314195e-05
+299582e-05
+245998e-05
+163187e-05
+706331e-06
-730687e-07
-633262e-06
-949893e-06
-998605e-06
-852468e-06
-608906e-06
-414056e-06
-340987e-06
-389700e-06
-511481e-06
-608906e-06
-633262e-06
-487125e-06
-146137e-06
+243562e-06
+608906e-06
+852468e-06
+779399e-06
+316631e-06
-438412e-06
-143702e-05
-248434e-05
-319067e-05
-338552e-05
-297146e-05
-182672e-05
-170494e-06
+182672e-05
+397007e-05
+567500e-05
+660054e-05
+662489e-05
+565065e-05
+375086e-05
+124217e-05
-148573e-05
-404313e-05
-594292e-05
-691717e-05
-686846e-05
-579678e-05
-387264e-05
-146137e-05
+974249e-06
+314195e-05
+474946e-05
+548015e-05
+535837e-05
+448155e-05
+299582e-05
+119346e-05
-584549e-06
-216770e-05
-343423e-05
-421363e-05
-445719e-05
-414056e-05
-338552e-05
-226513e-05
-876824e-06
+608906e-06
+209464e-05
+340987e-05
+433541e-05
+477382e-05
+470075e-05
+404313e-05
+289839e-05
+148573e-05
-243562e-07
-153444e-05
-287404e-05
-397007e-05
-472511e-05
-499303e-05
-479818e-05
-409185e-05
-297146e-05
-151009e-05
+146137e-06
+189979e-05
+365343e-05
+501738e-05
+584550e-05
+608906e-05
+560193e-05
+435977e-05
+250869e-05
+340987e-06
-194850e-05
-411620e-05
-577243e-05
-674668e-05
-696588e-05
-640569e-05
-511481e-05
-319067e-05
-998605e-06
+126652e-05
+348294e-05
+526095e-05
+640569e-05
+681974e-05
+647876e-05
+543144e-05
+372650e-05
+155880e-05
-657618e-06
-270354e-05
-448155e-05
-562629e-05
-596728e-05
-552886e-05
-435977e-05
-267919e-05
-828112e-06
+998605e-06
+263047e-05
+387264e-05
+450590e-05
+448155e-05
+389700e-05
+287404e-05
+158315e-05
+340987e-06
-803756e-06
-182672e-05
-250869e-05
-287404e-05
-289839e-05
-260612e-05
-204592e-05
-126652e-05
-389700e-06
+560193e-06
+155880e-05
+243562e-05
+309324e-05
+343423e-05
+336116e-05
+289839e-05
+199721e-05
+706331e-06
-803756e-06
-236255e-05
-379957e-05
-487125e-05
-530966e-05
-501738e-05
-392135e-05
-219206e-05
-121781e-06
+209464e-05
+416492e-05
+562629e-05
+618648e-05
+579678e-05
+443283e-05
+231384e-05
-121781e-06
-253305e-05
-465204e-05
-608906e-05
-660054e-05
-618648e-05
-491996e-05
-302017e-05
-901181e-06
+116910e-05
+302017e-05
+438412e-05
+513916e-05
+523659e-05
+474946e-05
+377522e-05
+248434e-05
+102296e-05
-462768e-06
-185107e-05
-299582e-05
-372650e-05
-399442e-05
-367779e-05
-282532e-05
-153444e-05
+000000e+00
+160751e-05
+309324e-05
+416492e-05
+462768e-05
+438412e-05
+353165e-05
+219206e-05
+535837e-06
-119346e-05
-277661e-05
-406749e-05
-484689e-05
-501738e-05
-462768e-05
-365343e-05
-221642e-05
-584549e-06
+119346e-05
+299582e-05
+453026e-05
+555322e-05
+591856e-05
+560193e-05
+457897e-05
+297146e-05
+102296e-05
-974249e-06
-282532e-05
-435977e-05
-535837e-05
-577243e-05
-557758e-05
-479818e-05
-360472e-05
-209464e-05
-511481e-06
+107167e-05
+260612e-05
+392135e-05
+477382e-05
+496867e-05
+455462e-05
+350730e-05
+187543e-05
-243562e-07
-192414e-05
-360472e-05
-472511e-05
-511481e-05
-474946e-05
-365343e-05
-207028e-05
-340987e-06
+138831e-05
+289839e-05
+404313e-05
+472511e-05
+489560e-05
+472511e-05
+423798e-05
+340987e-05
+228949e-05
+949893e-06
-487125e-06
-204592e-05
-362908e-05
-501738e-05
-596728e-05
-630826e-05
-601599e-05
-494431e-05
-314195e-05
-974249e-06
+136395e-05
+365343e-05
+548015e-05
+657618e-05
+679539e-05
+611341e-05
+460333e-05
+248434e-05
+146137e-06
-211899e-05
-411620e-05
-548015e-05
-596728e-05
-557758e-05
-438412e-05
-260612e-05
-633262e-06
+136395e-05
+316631e-05
+438412e-05
+491996e-05
+472511e-05
+377522e-05
+228949e-05
+608906e-06
-109603e-05
-265483e-05
-384828e-05
-445719e-05
-433541e-05
-360472e-05
-233820e-05
-755043e-06
+901181e-06
+248434e-05
+372650e-05
+443283e-05
+448155e-05
+382393e-05
+267919e-05
+126652e-05
-194850e-06
-155880e-05
-270354e-05
-340987e-05
-365343e-05
-343423e-05
-280097e-05
-189979e-05
-803756e-06
+292275e-06
+121781e-05
+197285e-05
+245998e-05
+260612e-05
+238691e-05
+182672e-05
+107167e-05
+292275e-06
-462768e-06
-116910e-05
-170494e-05
-197285e-05
-197285e-05
-177800e-05
-146137e-05
-102296e-05
-511481e-06
-243562e-07
+462768e-06
+102296e-05
+158315e-05
+207028e-05
+243562e-05
+260612e-05
+248434e-05
+199721e-05
+119346e-05
+194850e-06
-974249e-06
-221642e-05
-326373e-05
-394571e-05
-416492e-05
-377522e-05
-282532e-05
-143702e-05
+170494e-06
+185107e-05
+345858e-05
+465204e-05
+528530e-05
+530966e-05
+467640e-05
+343423e-05
+172929e-05
-170494e-06
-209464e-05
-389700e-05
-526095e-05
-601599e-05
-613777e-05
-555322e-05
-423798e-05
-245998e-05
-487125e-06
+158315e-05
+345858e-05
+482253e-05
+552886e-05
+548015e-05
+472511e-05
+338552e-05
+168058e-05
-487125e-07
-160751e-05
-284968e-05
-358037e-05
-372650e-05
-333680e-05
-243562e-05
-119346e-05
+487125e-07
+119346e-05
+219206e-05
+282532e-05
+299582e-05
+272790e-05
+204592e-05
+114474e-05
+219206e-06
-681974e-06
-143702e-05
-192414e-05
-214335e-05
-204592e-05
-170494e-05
-124217e-05
-706331e-06
-243562e-06
+974249e-07
+340987e-06
+560193e-06
+755043e-06
+852468e-06
+925537e-06
+901181e-06
+755043e-06
+487125e-06
+974249e-07
-389700e-06
-925537e-06
-133959e-05
-151009e-05
-131524e-05
-755043e-06
+000000e+00
+901181e-06
+185107e-05
+258176e-05
+289839e-05
+265483e-05
+189979e-05
+803756e-06
-414056e-06
-158315e-05
-255740e-05
-309324e-05
-314195e-05
-277661e-05
-204592e-05
-116910e-05
-340987e-06
+414056e-06
+107167e-05
+153444e-05
+175365e-05
+180236e-05
+175365e-05
+153444e-05
+109603e-05
+462768e-06
-219206e-06
-925537e-06
-163187e-05
-209464e-05
-221642e-05
-194850e-05
-126652e-05
-316631e-06
+803756e-06
+194850e-05
+284968e-05
+336116e-05
+338552e-05
+294710e-05
+207028e-05
+901181e-06
-243562e-06
-126652e-05
-211899e-05
-265483e-05
-277661e-05
-255740e-05
-211899e-05
-155880e-05
-974249e-06
-438412e-06
-730687e-07
+170494e-06
+340987e-06
+389700e-06
+389700e-06
+389700e-06
+389700e-06
+438412e-06
+535837e-06
+633262e-06
+706331e-06
+706331e-06
+608906e-06
+365343e-06
+243562e-07
-340987e-06
-730687e-06
-102296e-05
-109603e-05
-949893e-06
-608906e-06
-121781e-06
+462768e-06
+104732e-05
+146137e-05
+163187e-05
+153444e-05
+119346e-05
+681974e-06
+121781e-06
-389700e-06
-876824e-06
-124217e-05
-141266e-05
-141266e-05
-126652e-05
-104732e-05
-803756e-06
-511481e-06
-194850e-06
+730687e-07
+438412e-06
+852468e-06
+126652e-05
+168058e-05
+197285e-05
+211899e-05
+199721e-05
+163187e-05
+107167e-05
+340987e-06
-438412e-06
-124217e-05
-197285e-05
-248434e-05
-275225e-05
-277661e-05
-250869e-05
-197285e-05
-126652e-05
-487125e-06
+243562e-06
+974249e-06
+165622e-05
+214335e-05
+243562e-05
+241127e-05
+204592e-05
+143702e-05
+608906e-06
-267919e-06
-107167e-05
-180236e-05
-228949e-05
-241127e-05
-221642e-05
-175365e-05
-104732e-05
-267919e-06
+511481e-06
+124217e-05
+180236e-05
+216770e-05
+228949e-05
+219206e-05
+185107e-05
+133959e-05
+779399e-06
+243562e-06
-243562e-06
-706331e-06
-107167e-05
-129088e-05
-136395e-05
-129088e-05
-107167e-05
-803756e-06
-511481e-06
-219206e-06
-243562e-07
+121781e-06
+267919e-06
+365343e-06
+438412e-06
+511481e-06
+560193e-06
+584549e-06
+511481e-06
+316631e-06
+487125e-07
-292275e-06
-706331e-06
-112039e-05
-143702e-05
-155880e-05
-141266e-05
-102296e-05
-414056e-06
+316631e-06
+107167e-05
+172929e-05
+216770e-05
+231384e-05
+204592e-05
+146137e-05
+706331e-06
-730687e-07
-779399e-06
-133959e-05
-163187e-05
-163187e-05
-133350e-05
-788533e-06
-106559e-06
+569327e-06
+111125e-05
+142179e-05
+144615e-05
+115388e-05
+587594e-06
-155271e-06
-959027e-06
-168362e-05
-220119e-05
-240822e-05
-224991e-05
-173234e-05
-919448e-06
+882913e-07
+114474e-05
+209159e-05
+280401e-05
+319371e-05
+320284e-05
+282837e-05
+212204e-05
+117214e-05
+852468e-07
-102296e-05
-203679e-05
-286490e-05
-343423e-05
-367779e-05
-356514e-05
-309324e-05
-228949e-05
-121477e-05
+213117e-07
+129088e-05
+245085e-05
+336116e-05
+390917e-05
+402487e-05
+368388e-05
+291361e-05
+178714e-05
+444501e-06
-965116e-06
-227426e-05
-332158e-05
-395484e-05
-407967e-05
-365039e-05
-269745e-05
-134568e-05
+234429e-06
+181758e-05
+316935e-05
+409185e-05
+444197e-05
+417405e-05
+334594e-05
+209464e-05
+611950e-06
-879869e-06
-218597e-05
-315109e-05
-369606e-05
-380566e-05
-351948e-05
-292275e-05
-209159e-05
-111734e-05
-852468e-07
+931626e-06
+186325e-05
+263656e-05
+318762e-05
+344945e-05
+337334e-05
+294406e-05
+217379e-05
+112648e-05
-852468e-07
-132133e-05
-242649e-05
-326373e-05
-372346e-05
-373259e-05
-328505e-05
-242953e-05
-126043e-05
+852468e-07
+143702e-05
+263047e-05
+353470e-05
+404313e-05
+410402e-05
+371737e-05
+293188e-05
+183281e-05
+548015e-06
-797666e-06
-207332e-05
-315718e-05
-395180e-05
-438108e-05
-439934e-05
-399442e-05
-319676e-05
-206419e-05
-703286e-06
+736776e-06
+210681e-05
+323633e-05
+398224e-05
+424712e-05
+400964e-05
+329722e-05
+220424e-05
+889002e-06
-465813e-06
-168667e-05
-262438e-05
-318153e-05
-330636e-05
-301713e-05
-236560e-05
-144615e-05
-371432e-06
+742865e-06
+176887e-05
+260307e-05
+315109e-05
+333376e-05
+311760e-05
+250565e-05
+155271e-05
+365343e-06
-910314e-06
-209464e-05
-302017e-05
-354383e-05
-358341e-05
-312978e-05
-224686e-05
-108081e-05
+188761e-06
+137308e-05
+229557e-05
+284663e-05
+296537e-05
+265787e-05
+199417e-05
+109603e-05
+974249e-07
-843334e-06
-159533e-05
-207028e-05
-220424e-05
-197590e-05
-142484e-05
-621084e-06
+328809e-06
+129088e-05
+212813e-05
+272181e-05
+297755e-05
+284359e-05
+232298e-05
+145528e-05
+331854e-06
-919448e-06
-215857e-05
-322720e-05
-399442e-05
-434759e-05
-422885e-05
-362299e-05
-257872e-05
-120259e-05
+353165e-06
+189979e-05
+324242e-05
+419536e-05
+463073e-05
+448764e-05
+378130e-05
+260003e-05
+109907e-05
-511481e-06
-203679e-05
-327287e-05
-407053e-05
-435063e-05
-411316e-05
-340074e-05
-231384e-05
-995561e-06
+411011e-06
+175669e-05
+291361e-05
+377217e-05
+422885e-05
+423494e-05
+376913e-05
+284968e-05
+156489e-05
+456679e-07
-151313e-05
-290448e-05
-391222e-05
-436585e-05
-417709e-05
-334594e-05
-197590e-05
-261829e-06
+153140e-05
+312369e-05
+427756e-05
+481644e-05
+467031e-05
+386960e-05
+254827e-05
+910314e-06
-785488e-06
-229557e-05
-341901e-05
-400964e-05
-402487e-05
-351034e-05
-259089e-05
-144615e-05
-286186e-06
+697197e-06
+136090e-05
+164405e-05
+155575e-05
+118432e-05
+669796e-06
+173538e-06
-179627e-06
-322720e-06
-255740e-06
-517570e-07
+164405e-06
+274008e-06
+164405e-06
-185716e-06
-718509e-06
-131828e-05
-181758e-05
-205506e-05
-190587e-05
-132741e-05
-377522e-06
+797666e-06
+199721e-05
+299886e-05
+363212e-05
+379957e-05
+348903e-05
+277965e-05
+181454e-05
+764177e-06
-222251e-06
-102905e-05
-159838e-05
-193936e-05
-209768e-05
-212813e-05
-208550e-05
-200330e-05
-187847e-05
-169580e-05
-142788e-05
-106254e-05
-611950e-06
-913359e-07
+450590e-06
+940759e-06
+132741e-05
+158924e-05
+169885e-05
+167754e-05
+156184e-05
+139439e-05
+121172e-05
+102905e-05
+855513e-06
+666752e-06
+426234e-06
+109603e-06
-298364e-06
-791577e-06
-132437e-05
-182063e-05
-219206e-05
-235038e-05
-222555e-05
-180236e-05
-110821e-05
-231384e-06
+697197e-06
+153140e-05
+214335e-05
+243258e-05
+237473e-05
+199112e-05
+136699e-05
+611950e-06
-158315e-06
-846379e-06
-138222e-05
-174147e-05
-193936e-05
-199112e-05
-190892e-05
-170494e-05
-136699e-05
-864646e-06
-188761e-06
+639351e-06
+155880e-05
+245389e-05
+318153e-05
+358950e-05
+354992e-05
+298973e-05
+192719e-05
+468857e-06
-118128e-05
-277357e-05
-405836e-05
-481644e-05
-491387e-05
-431105e-05
-308106e-05
-139744e-05
+496258e-06
+232906e-05
+386351e-05
+489256e-05
+529139e-05
+504478e-05
+419840e-05
+288012e-05
+128479e-05
-368388e-06
-187239e-05
-305671e-05
-380871e-05
-407662e-05
-388786e-05
-332463e-05
-249347e-05
-152226e-05
-520614e-06
+426234e-06
+124826e-05
+190283e-05
+237169e-05
+261829e-05
+262743e-05
+237778e-05
+184803e-05
+105950e-05
+669796e-07
-103818e-05
-210986e-05
-298973e-05
-351643e-05
-357123e-05
-309324e-05
-210986e-05
-739820e-06
+828112e-06
+234733e-05
+357123e-05
+430496e-05
+442674e-05
+391526e-05
+286795e-05
+145528e-05
-100469e-06
-156184e-05
-272790e-05
-346772e-05
-373564e-05
-355601e-05
-300495e-05
-219206e-05
-123912e-05
-243562e-06
+715464e-06
+157402e-05
+228949e-05
+280097e-05
+305975e-05
+302626e-05
+266396e-05
+197894e-05
+102296e-05
-109603e-06
-126957e-05
-230166e-05
-304148e-05
-335203e-05
-317240e-05
-249651e-05
-141571e-05
-822023e-07
+130610e-05
+252696e-05
+340378e-05
+379653e-05
+364735e-05
+299277e-05
+193023e-05
+621084e-06
-733731e-06
-194850e-05
-288012e-05
-342205e-05
-352861e-05
-322111e-05
-255740e-05
-165622e-05
-624128e-06
+420145e-06
+135786e-05
+209768e-05
+257567e-05
+276139e-05
+264570e-05
+224382e-05
+160447e-05
+788533e-06
-124826e-06
-103514e-05
-185412e-05
-249042e-05
-286490e-05
-292884e-05
-267005e-05
-210072e-05
-127566e-05
-274008e-06
+779399e-06
+175669e-05
+253305e-05
+299582e-05
+307802e-05
+275834e-05
+207028e-05
+109603e-05
-365343e-07
-116910e-05
-214944e-05
-284359e-05
-315718e-05
-305975e-05
-257567e-05
-177496e-05
-761132e-06
+344032e-06
+142788e-05
+239909e-05
+319067e-05
+375086e-05
+403400e-05
+399747e-05
+353165e-05
+267919e-05
+148573e-05
+243562e-07
-160751e-05
-328809e-05
-479818e-05
-584550e-05
-616213e-05
-572371e-05
-448155e-05
-260612e-05
-462768e-06
+177800e-05
+379957e-05
+523659e-05
+591856e-05
+574807e-05
+482253e-05
+328809e-05
+138831e-05
-511481e-06
-221642e-05
-350730e-05
-421363e-05
-431105e-05
-377522e-05
-277661e-05
-148573e-05
-974249e-07
+124217e-05
+245998e-05
+333680e-05
+372650e-05
+355601e-05
+289839e-05
+187543e-05
+560193e-06
-901181e-06
-233820e-05
-358037e-05
-448155e-05
-491996e-05
-484689e-05
-418927e-05
-302017e-05
-148573e-05
+267919e-06
+211899e-05
+387264e-05
+521223e-05
+599163e-05
+616213e-05
+565065e-05
+448155e-05
+275225e-05
+755043e-06
-124217e-05
-309324e-05
-450590e-05
-528530e-05
-533401e-05
-472511e-05
-355601e-05
-197285e-05
-292275e-06
+126652e-05
+255740e-05
+340987e-05
+367779e-05
+338552e-05
+267919e-05
+158315e-05
+292275e-06
-974249e-06
-214335e-05
-302017e-05
-350730e-05
-355601e-05
-319067e-05
-243562e-05
-131524e-05
-974249e-07
+112039e-05
+233820e-05
+331245e-05
+389700e-05
+401878e-05
+365343e-05
+292275e-05
+189979e-05
+706331e-06
-414056e-06
-138831e-05
-216770e-05
-260612e-05
-263047e-05
-228949e-05
-172929e-05
-104732e-05
-365343e-06
+146137e-06
+487125e-06
+681974e-06
+706331e-06
+560193e-06
+316631e-06
+974249e-07
-974249e-07
-267919e-06
-414056e-06
-511481e-06
-535837e-06
-487125e-06
-389700e-06
-243562e-06
-243562e-07
+243562e-06
+560193e-06
+901181e-06
+112039e-05
+116910e-05
+102296e-05
+657618e-06
+194850e-06
-340987e-06
-949893e-06
-148573e-05
-182672e-05
-192414e-05
-172929e-05
-124217e-05
-560193e-06
+170494e-06
+901181e-06
+155880e-05
+204592e-05
+224077e-05
+207028e-05
+160751e-05
+925537e-06
+194850e-06
-511481e-06
-116910e-05
-155880e-05
-168058e-05
-158315e-05
-119346e-05
-633262e-06
-974249e-07
+389700e-06
+852468e-06
+112039e-05
+114474e-05
+998605e-06
+755043e-06
+438412e-06
+730687e-07
-267919e-06
-608906e-06
-925537e-06
-121781e-05
-141266e-05
-151009e-05
-151009e-05
-131524e-05
-949893e-06
-438412e-06
+121781e-06
+730687e-06
+133959e-05
+180236e-05
+204592e-05
+199721e-05
+168058e-05
+116910e-05
+584549e-06
+487125e-07
-414056e-06
-730687e-06
-852468e-06
-828112e-06
-681974e-06
-438412e-06
-219206e-06
-974249e-07
-243562e-07
-730687e-07
-219206e-06
-414056e-06
-657618e-06
-828112e-06
-925537e-06
-925537e-06
-779399e-06
-511481e-06
-194850e-06
+974249e-07
+389700e-06
+681974e-06
+925537e-06
+104732e-05
+104732e-05
+949893e-06
+755043e-06
+487125e-06
+170494e-06
-170494e-06
-535837e-06
-852468e-06
-107167e-05
-112039e-05
-949893e-06
-584549e-06
-121781e-06
+414056e-06
+102296e-05
+151009e-05
+180236e-05
+185107e-05
+160751e-05
+109603e-05
+389700e-06
-365343e-06
-112039e-05
+000000e+00
+000000e+00
+000000e+00
+000000e+00
[ENDDATA]
