[FILEINFO]
File: D:\CMC thesis\AE software\TUNGSTEN\Vallen\T23.tra
SampleRate[Hz]: 10000000
SetsOnFile: 2
Samples: 2048
[SETINFO]
Set: 2
Index: 2
Time:  15 00:08:32 727.8644
Channel: 2
PreTriggerSamples: 100
Data: Amplitude [mV]
[DATA]
-304453e-08
-304453e-08
+000000e+00
+000000e+00
-304453e-08
-304453e-08
+000000e+00
+000000e+00
+000000e+00
+000000e+00
+000000e+00
+000000e+00
+000000e+00
+000000e+00
+000000e+00
+000000e+00
+000000e+00
+000000e+00
+000000e+00
+000000e+00
+000000e+00
+000000e+00
+304453e-08
+304453e-08
+304453e-08
+304453e-08
+304453e-08
+304453e-08
+000000e+00
-304453e-08
-608906e-08
-608906e-08
-304453e-08
-304453e-08
-304453e-08
+000000e+00
-304453e-08
-304453e-08
+000000e+00
-304453e-08
-304453e-08
-304453e-08
-304453e-08
-304453e-08
-608906e-08
-913359e-08
-913359e-08
-913359e-08
-608906e-08
-608906e-08
-608906e-08
-608906e-08
-304453e-08
-608906e-08
-608906e-08
-304453e-08
+000000e+00
+000000e+00
+000000e+00
+304453e-08
+304453e-08
+304453e-08
+000000e+00
+000000e+00
-304453e-08
-608906e-08
-608906e-08
-608906e-08
-608906e-08
-913359e-08
-913359e-08
-608906e-08
-304453e-08
-304453e-08
+000000e+00
+000000e+00
+000000e+00
+000000e+00
+000000e+00
+000000e+00
+304453e-08
+304453e-08
+304453e-08
+304453e-08
+304453e-08
+304453e-08
+000000e+00
+000000e+00
+000000e+00
-304453e-08
-304453e-08
-304453e-08
-304453e-08
-304453e-08
-304453e-08
-608906e-08
-608906e-08
-121781e-07
-213117e-07
-395789e-07
-730687e-07
-124826e-06
-207028e-06
-310542e-06
-411011e-06
-474946e-06
-456679e-06
-298364e-06
+334898e-07
+538882e-06
+119346e-05
+191196e-05
+257567e-05
+303844e-05
+319067e-05
+290144e-05
+207028e-05
+803756e-06
-706331e-06
-245998e-05
-443283e-05
-633262e-05
-798884e-05
-923101e-05
-971814e-05
-930408e-05
-784271e-05
-530966e-05
-187543e-05
+231384e-05
+679539e-05
+109116e-04
+143458e-04
+166840e-04
+175365e-04
+168058e-04
+144676e-04
+108629e-04
+630826e-05
+114474e-05
-406749e-05
-889002e-05
-127627e-04
-153444e-04
-164892e-04
-160751e-04
-142240e-04
-112282e-04
-752607e-05
-350730e-05
+340987e-06
+358037e-05
+584550e-05
+691717e-05
+677103e-05
+560193e-05
+360472e-05
+114474e-05
-121781e-05
-314195e-05
-431105e-05
-443283e-05
-348294e-05
-160751e-05
+876824e-06
+360472e-05
+618648e-05
+818369e-05
+932844e-05
+945022e-05
+852468e-05
+669796e-05
+416492e-05
+126652e-05
-165622e-05
-428670e-05
-625955e-05
-747736e-05
-791577e-05
-764786e-05
-677103e-05
-538273e-05
-367779e-05
-180236e-05
-121781e-06
+126652e-05
+245998e-05
+328809e-05
+375086e-05
+392135e-05
+389700e-05
+372650e-05
+348294e-05
+323938e-05
+302017e-05
+277661e-05
+233820e-05
+168058e-05
+828112e-06
-170494e-06
-131524e-05
-253305e-05
-360472e-05
-438412e-05
-472511e-05
-462768e-05
-409185e-05
-321502e-05
-216770e-05
-109603e-05
-267919e-06
+243562e-06
+487125e-06
+414056e-06
+974249e-07
-340987e-06
-901181e-06
-146137e-05
-185107e-05
-202157e-05
-189979e-05
-153444e-05
-974249e-06
-267919e-06
+438412e-06
+109603e-05
+155880e-05
+180236e-05
+182672e-05
+163187e-05
+136395e-05
+107167e-05
+925537e-06
+102296e-05
+131524e-05
+180236e-05
+236255e-05
+282532e-05
+309324e-05
+311760e-05
+280097e-05
+211899e-05
+119346e-05
+219206e-06
-755043e-06
-165622e-05
-231384e-05
-267919e-05
-263047e-05
-214335e-05
-138831e-05
-438412e-06
+657618e-06
+182672e-05
+292275e-05
+379957e-05
+433541e-05
+431105e-05
+365343e-05
+241127e-05
+779399e-06
-119346e-05
-340987e-05
-550451e-05
-720944e-05
-842726e-05
-889002e-05
-837854e-05
-703895e-05
-491996e-05
-219206e-05
+706331e-06
+355601e-05
+599163e-05
+762350e-05
+832983e-05
+794013e-05
+655183e-05
+435977e-05
+158315e-05
-131524e-05
-394571e-05
-601599e-05
-730687e-05
-764786e-05
-701459e-05
-557758e-05
-348294e-05
-109603e-05
+124217e-05
+328809e-05
+470075e-05
+533401e-05
+516352e-05
+428670e-05
+292275e-05
+129088e-05
-243562e-06
-158315e-05
-265483e-05
-321502e-05
-331245e-05
-297146e-05
-216770e-05
-974249e-06
+389700e-06
+187543e-05
+343423e-05
+474946e-05
+562629e-05
+599163e-05
+582114e-05
+511481e-05
+387264e-05
+228949e-05
+755043e-06
-535837e-06
-146137e-05
-189979e-05
-182672e-05
-133959e-05
-657618e-06
-730687e-07
+243562e-06
+170494e-06
-389700e-06
-148573e-05
-294710e-05
-440848e-05
-567500e-05
-643004e-05
-652747e-05
-599163e-05
-474946e-05
-292275e-05
-828112e-06
+131524e-05
+336116e-05
+494431e-05
+586985e-05
+613777e-05
+579678e-05
+496867e-05
+370215e-05
+211899e-05
+535837e-06
-949893e-06
-241127e-05
-367779e-05
-462768e-05
-523659e-05
-543144e-05
-521223e-05
-460333e-05
-362908e-05
-238691e-05
-104732e-05
+146137e-06
+116910e-05
+204592e-05
+263047e-05
+287404e-05
+287404e-05
+272790e-05
+250869e-05
+226513e-05
+199721e-05
+168058e-05
+131524e-05
+828112e-06
+267919e-06
-219206e-06
-633262e-06
-828112e-06
-657618e-06
-974249e-07
+901181e-06
+224077e-05
+370215e-05
+494431e-05
+567500e-05
+577243e-05
+509045e-05
+360472e-05
+148573e-05
-852468e-06
-316631e-05
-523659e-05
-662489e-05
-725816e-05
-716073e-05
-633262e-05
-489560e-05
-306888e-05
-114474e-05
+633262e-06
+219206e-05
+338552e-05
+406749e-05
+423798e-05
+387264e-05
+311760e-05
+209464e-05
+901181e-06
-243562e-06
-129088e-05
-221642e-05
-284968e-05
-311760e-05
-311760e-05
-289839e-05
-250869e-05
-202157e-05
-155880e-05
-116910e-05
-852468e-06
-657618e-06
-487125e-06
-316631e-06
-146137e-06
+487125e-07
+292275e-06
+560193e-06
+876824e-06
+116910e-05
+133959e-05
+136395e-05
+119346e-05
+852468e-06
+365343e-06
-146137e-06
-633262e-06
-109603e-05
-136395e-05
-131524e-05
-998605e-06
-487125e-06
+730687e-07
+706331e-06
+131524e-05
+177800e-05
+214335e-05
+236255e-05
+250869e-05
+265483e-05
+284968e-05
+306888e-05
+326373e-05
+333680e-05
+321502e-05
+272790e-05
+177800e-05
+535837e-06
-949893e-06
-253305e-05
-389700e-05
-472511e-05
-484689e-05
-423798e-05
-299582e-05
-133959e-05
+292275e-06
+155880e-05
+221642e-05
+199721e-05
+974249e-06
-584549e-06
-238691e-05
-406749e-05
-521223e-05
-552886e-05
-489560e-05
-343423e-05
-141266e-05
+706331e-06
+263047e-05
+416492e-05
+501738e-05
+513916e-05
+467640e-05
+377522e-05
+270354e-05
+165622e-05
+706331e-06
+243562e-07
-487125e-06
-949893e-06
-131524e-05
-153444e-05
-168058e-05
-177800e-05
-177800e-05
-170494e-05
-165622e-05
-170494e-05
-185107e-05
-209464e-05
-231384e-05
-241127e-05
-226513e-05
-172929e-05
-755043e-06
+535837e-06
+207028e-05
+370215e-05
+501738e-05
+579678e-05
+591856e-05
+526095e-05
+392135e-05
+216770e-05
+389700e-06
-112039e-05
-231384e-05
-294710e-05
-284968e-05
-219206e-05
-126652e-05
-389700e-06
+267919e-06
+608906e-06
+584549e-06
+219206e-06
-414056e-06
-116910e-05
-185107e-05
-228949e-05
-238691e-05
-211899e-05
-165622e-05
-112039e-05
-608906e-06
-292275e-06
-194850e-06
-340987e-06
-706331e-06
-114474e-05
-143702e-05
-143702e-05
-109603e-05
-438412e-06
+462768e-06
+160751e-05
+272790e-05
+353165e-05
+389700e-05
+367779e-05
+289839e-05
+165622e-05
+243562e-06
-107167e-05
-216770e-05
-272790e-05
-258176e-05
-180236e-05
-633262e-06
+681974e-06
+197285e-05
+294710e-05
+340987e-05
+331245e-05
+272790e-05
+177800e-05
+657618e-06
-365343e-06
-121781e-05
-182672e-05
-209464e-05
-199721e-05
-160751e-05
-949893e-06
-146137e-06
+681974e-06
+148573e-05
+207028e-05
+226513e-05
+192414e-05
+107167e-05
-974249e-07
-151009e-05
-299582e-05
-423798e-05
-501738e-05
-513916e-05
-457897e-05
-345858e-05
-185107e-05
-146137e-06
+138831e-05
+267919e-05
+348294e-05
+372650e-05
+340987e-05
+265483e-05
+160751e-05
+487125e-06
-608906e-06
-170494e-05
-270354e-05
-350730e-05
-411620e-05
-448155e-05
-450590e-05
-411620e-05
-326373e-05
-194850e-05
-267919e-06
+170494e-05
+377522e-05
+552886e-05
+679539e-05
+742865e-05
+720944e-05
+621084e-05
+450590e-05
+231384e-05
+974249e-07
-197285e-05
-362908e-05
-450590e-05
-455462e-05
-382393e-05
-238691e-05
-560193e-06
+141266e-05
+328809e-05
+465204e-05
+528530e-05
+511481e-05
+416492e-05
+265483e-05
+925537e-06
-779399e-06
-231384e-05
-338552e-05
-387264e-05
-384828e-05
-338552e-05
-258176e-05
-165622e-05
-828112e-06
-219206e-06
+730687e-07
+146137e-06
+730687e-07
-170494e-06
-584549e-06
-112039e-05
-175365e-05
-245998e-05
-314195e-05
-379957e-05
-440848e-05
-474946e-05
-472511e-05
-423798e-05
-326373e-05
-177800e-05
-243562e-07
+187543e-05
+379957e-05
+526095e-05
+611341e-05
+633262e-05
+596728e-05
+504174e-05
+362908e-05
+197285e-05
+389700e-06
-104732e-05
-231384e-05
-323938e-05
-379957e-05
-397007e-05
-377522e-05
-326373e-05
-228949e-05
-998605e-06
+365343e-06
+185107e-05
+338552e-05
+470075e-05
+560193e-05
+604034e-05
+599163e-05
+545580e-05
+448155e-05
+321502e-05
+185107e-05
+584549e-06
-438412e-06
-119346e-05
-155880e-05
-151009e-05
-119346e-05
-681974e-06
-146137e-06
+292275e-06
+560193e-06
+487125e-06
+487125e-07
-755043e-06
-189979e-05
-311760e-05
-423798e-05
-509045e-05
-543144e-05
-518788e-05
-438412e-05
-314195e-05
-158315e-05
+000000e+00
+143702e-05
+263047e-05
+331245e-05
+336116e-05
+282532e-05
+175365e-05
+340987e-06
-131524e-05
-302017e-05
-443283e-05
-545580e-05
-586985e-05
-552886e-05
-445719e-05
-280097e-05
-852468e-06
+121781e-05
+319067e-05
+470075e-05
+550451e-05
+545580e-05
+457897e-05
+302017e-05
+104732e-05
-974249e-06
-275225e-05
-406749e-05
-462768e-05
-428670e-05
-314195e-05
-133959e-05
+803756e-06
+311760e-05
+526095e-05
+681974e-05
+772092e-05
+781835e-05
+706331e-05
+567500e-05
+382393e-05
+163187e-05
-414056e-06
-207028e-05
-319067e-05
-358037e-05
-333680e-05
-241127e-05
-998605e-06
+462768e-06
+185107e-05
+297146e-05
+360472e-05
+362908e-05
+311760e-05
+211899e-05
+779399e-06
-608906e-06
-204592e-05
-333680e-05
-435977e-05
-513916e-05
-552886e-05
-550451e-05
-513916e-05
-443283e-05
-348294e-05
-233820e-05
-114474e-05
-194850e-06
+487125e-06
+925537e-06
+974249e-06
+681974e-06
+243562e-06
-267919e-06
-755043e-06
-116910e-05
-141266e-05
-146137e-05
-146137e-05
-148573e-05
-155880e-05
-172929e-05
-199721e-05
-224077e-05
-228949e-05
-197285e-05
-124217e-05
-121781e-06
+143702e-05
+331245e-05
+511481e-05
+650311e-05
+735558e-05
+752607e-05
+689281e-05
+557758e-05
+370215e-05
+151009e-05
-487125e-06
-211899e-05
-321502e-05
-355601e-05
-321502e-05
-219206e-05
-730687e-06
+828112e-06
+233820e-05
+350730e-05
+409185e-05
+397007e-05
+316631e-05
+185107e-05
+292275e-06
-131524e-05
-277661e-05
-379957e-05
-426234e-05
-404313e-05
-316631e-05
-175365e-05
-121781e-06
+158315e-05
+316631e-05
+428670e-05
+477382e-05
+453026e-05
+360472e-05
+207028e-05
+243562e-06
-168058e-05
-353165e-05
-501738e-05
-594292e-05
-625955e-05
-611341e-05
-552886e-05
-460333e-05
-360472e-05
-270354e-05
-199721e-05
-163187e-05
-158315e-05
-170494e-05
-194850e-05
-209464e-05
-197285e-05
-155880e-05
-779399e-06
+219206e-06
+143702e-05
+280097e-05
+404313e-05
+499303e-05
+555322e-05
+577243e-05
+567500e-05
+533401e-05
+484689e-05
+426234e-05
+358037e-05
+284968e-05
+202157e-05
+998605e-06
-121781e-06
-141266e-05
-277661e-05
-397007e-05
-482253e-05
-511481e-05
-479818e-05
-382393e-05
-231384e-05
-584549e-06
+116910e-05
+272790e-05
+377522e-05
+418927e-05
+389700e-05
+304453e-05
+189979e-05
+681974e-06
-316631e-06
-974249e-06
-136395e-05
-146137e-05
-126652e-05
-974249e-06
-730687e-06
-535837e-06
-438412e-06
-438412e-06
-462768e-06
-487125e-06
-438412e-06
-292275e-06
-974249e-07
+487125e-07
+121781e-06
+974249e-07
-487125e-07
-340987e-06
-779399e-06
-129088e-05
-172929e-05
-199721e-05
-204592e-05
-180236e-05
-129088e-05
-584549e-06
+974249e-07
+755043e-06
+138831e-05
+185107e-05
+211899e-05
+216770e-05
+199721e-05
+170494e-05
+141266e-05
+114474e-05
+828112e-06
+462768e-06
+121781e-06
-267919e-06
-803756e-06
-143702e-05
-204592e-05
-248434e-05
-265483e-05
-248434e-05
-192414e-05
-104732e-05
-487125e-07
+998605e-06
+199721e-05
+267919e-05
+289839e-05
+263047e-05
+199721e-05
+119346e-05
+438412e-06
-974249e-07
-365343e-06
-414056e-06
-243562e-06
+243562e-07
+219206e-06
+243562e-06
+243562e-07
-438412e-06
-114474e-05
-192414e-05
-253305e-05
-284968e-05
-275225e-05
-224077e-05
-146137e-05
-584549e-06
+194850e-06
+779399e-06
+107167e-05
+102296e-05
+681974e-06
+194850e-06
-316631e-06
-803756e-06
-114474e-05
-124217e-05
-109603e-05
-755043e-06
-316631e-06
+730687e-07
+487125e-06
+925537e-06
+129088e-05
+158315e-05
+180236e-05
+199721e-05
+211899e-05
+216770e-05
+214335e-05
+202157e-05
+185107e-05
+165622e-05
+143702e-05
+114474e-05
+828112e-06
+487125e-06
+121781e-06
-292275e-06
-779399e-06
-126652e-05
-165622e-05
-185107e-05
-187543e-05
-170494e-05
-133959e-05
-852468e-06
-316631e-06
+146137e-06
+535837e-06
+876824e-06
+109603e-05
+114474e-05
+974249e-06
+681974e-06
+267919e-06
-316631e-06
-109603e-05
-202157e-05
-287404e-05
-362908e-05
-416492e-05
-431105e-05
-399442e-05
-323938e-05
-209464e-05
-706331e-06
+633262e-06
+180236e-05
+263047e-05
+292275e-05
+265483e-05
+192414e-05
+876824e-06
-170494e-06
-112039e-05
-185107e-05
-211899e-05
-192414e-05
-129088e-05
-365343e-06
+755043e-06
+202157e-05
+321502e-05
+418927e-05
+482253e-05
+504174e-05
+491996e-05
+445719e-05
+367779e-05
+275225e-05
+170494e-05
+633262e-06
-292275e-06
-116910e-05
-204592e-05
-282532e-05
-343423e-05
-387264e-05
-409185e-05
-399442e-05
-353165e-05
-267919e-05
-141266e-05
+487125e-07
+160751e-05
+316631e-05
+431105e-05
+479818e-05
+457897e-05
+360472e-05
+197285e-05
+121781e-06
-175365e-05
-338552e-05
-443283e-05
-482253e-05
-450590e-05
-365343e-05
-241127e-05
-112039e-05
-194850e-06
+340987e-06
+462768e-06
+219206e-06
-194850e-06
-706331e-06
-119346e-05
-146137e-05
-143702e-05
-116910e-05
-706331e-06
-219206e-06
+170494e-06
+487125e-06
+706331e-06
+828112e-06
+925537e-06
+974249e-06
+102296e-05
+107167e-05
+107167e-05
+974249e-06
+803756e-06
+608906e-06
+389700e-06
+219206e-06
+194850e-06
+340987e-06
+608906e-06
+998605e-06
+138831e-05
+163187e-05
+165622e-05
+146137e-05
+974249e-06
+182672e-06
-751999e-06
-167145e-05
-242649e-05
-288317e-05
-295015e-05
-258785e-05
-177800e-05
-657618e-06
+633262e-06
+207028e-05
+348294e-05
+465204e-05
+540708e-05
+562629e-05
+530966e-05
+443283e-05
+306888e-05
+141266e-05
-243562e-06
-175365e-05
-294710e-05
-360472e-05
-370215e-05
-331245e-05
-255740e-05
-163187e-05
-730687e-06
-121781e-06
+730687e-07
+000000e+00
-389700e-06
-107167e-05
-187543e-05
-263047e-05
-314195e-05
-338552e-05
-340987e-05
-323938e-05
-292275e-05
-248434e-05
-199721e-05
-155880e-05
-114474e-05
-730687e-06
-340987e-06
+487125e-07
+535837e-06
+116910e-05
+189979e-05
+265483e-05
+333680e-05
+392135e-05
+423798e-05
+418927e-05
+377522e-05
+304453e-05
+204592e-05
+828112e-06
-365343e-06
-146137e-05
-241127e-05
-302017e-05
-316631e-05
-292275e-05
-224077e-05
-119346e-05
-974249e-07
+102296e-05
+224077e-05
+328809e-05
+401878e-05
+445719e-05
+443283e-05
+394571e-05
+314195e-05
+199721e-05
+633262e-06
-779399e-06
-216770e-05
-328809e-05
-397007e-05
-411620e-05
-367779e-05
-267919e-05
-129088e-05
+170494e-06
+160751e-05
+282532e-05
+358037e-05
+379957e-05
+343423e-05
+263047e-05
+151009e-05
+316631e-06
-828112e-06
-197285e-05
-292275e-05
-367779e-05
-431105e-05
-477382e-05
-506610e-05
-516352e-05
-504174e-05
-467640e-05
-397007e-05
-297146e-05
-175365e-05
-462768e-06
+755043e-06
+185107e-05
+263047e-05
+299582e-05
+299582e-05
+272790e-05
+224077e-05
+172929e-05
+138831e-05
+126652e-05
+136395e-05
+165622e-05
+207028e-05
+243562e-05
+263047e-05
+253305e-05
+207028e-05
+133959e-05
+462768e-06
-438412e-06
-126652e-05
-194850e-05
-231384e-05
-224077e-05
-180236e-05
-107167e-05
-267919e-06
+511481e-06
+121781e-05
+163187e-05
+175365e-05
+160751e-05
+121781e-05
+681974e-06
+194850e-06
-170494e-06
-438412e-06
-560193e-06
-535837e-06
-462768e-06
-340987e-06
-194850e-06
-730687e-07
+730687e-07
+267919e-06
+560193e-06
+949893e-06
+136395e-05
+170494e-05
+187543e-05
+172929e-05
+116910e-05
+292275e-06
-876824e-06
-231384e-05
-370215e-05
-479818e-05
-545580e-05
-552886e-05
-496867e-05
-384828e-05
-226513e-05
-487125e-06
+131524e-05
+302017e-05
+435977e-05
+518788e-05
+540708e-05
+499303e-05
+394571e-05
+238691e-05
+608906e-06
-133959e-05
-331245e-05
-496867e-05
-608906e-05
-652747e-05
-630826e-05
-535837e-05
-379957e-05
-185107e-05
+219206e-06
+216770e-05
+387264e-05
+504174e-05
+555322e-05
+548015e-05
+482253e-05
+365343e-05
+216770e-05
+633262e-06
-803756e-06
-211899e-05
-304453e-05
-350730e-05
-353165e-05
-309324e-05
-219206e-05
-949893e-06
+365343e-06
+172929e-05
+297146e-05
+397007e-05
+455462e-05
+462768e-05
+426234e-05
+345858e-05
+233820e-05
+104732e-05
-146137e-06
-121781e-05
-221642e-05
-292275e-05
-323938e-05
-321502e-05
-282532e-05
-209464e-05
-114474e-05
-170494e-06
+730687e-06
+148573e-05
+199721e-05
+209464e-05
+175365e-05
+112039e-05
+340987e-06
-462768e-06
-121781e-05
-168058e-05
-177800e-05
-153444e-05
-974249e-06
-292275e-06
+389700e-06
+949893e-06
+124217e-05
+116910e-05
+779399e-06
+170494e-06
-560193e-06
-133959e-05
-211899e-05
-270354e-05
-302017e-05
-309324e-05
-292275e-05
-253305e-05
-192414e-05
-116910e-05
-389700e-06
+438412e-06
+143702e-05
+250869e-05
+343423e-05
+406749e-05
+426234e-05
+387264e-05
+289839e-05
+146137e-05
-243562e-06
-209464e-05
-382393e-05
-504174e-05
-555322e-05
-523659e-05
-406749e-05
-221642e-05
-243562e-07
+224077e-05
+433541e-05
+579678e-05
+635698e-05
+613777e-05
+513916e-05
+340987e-05
+129088e-05
-706331e-06
-243562e-05
-379957e-05
-450590e-05
-455462e-05
-401878e-05
-302017e-05
-168058e-05
-267919e-06
+109603e-05
+245998e-05
+375086e-05
+474946e-05
+533401e-05
+552886e-05
+526095e-05
+455462e-05
+338552e-05
+175365e-05
+000000e+00
-182672e-05
-362908e-05
-499303e-05
-586985e-05
-618648e-05
-596728e-05
-528530e-05
-426234e-05
-316631e-05
-207028e-05
-102296e-05
-219206e-06
+365343e-06
+876824e-06
+133959e-05
+177800e-05
+221642e-05
+255740e-05
+267919e-05
+258176e-05
+221642e-05
+153444e-05
+633262e-06
-243562e-06
-998605e-06
-151009e-05
-158315e-05
-112039e-05
-292275e-06
+755043e-06
+197285e-05
+292275e-05
+326373e-05
+292275e-05
+175365e-05
+000000e+00
-211899e-05
-443283e-05
-635698e-05
-755043e-05
-784271e-05
-708766e-05
-535837e-05
-282532e-05
+974249e-07
+306888e-05
+565065e-05
+740429e-05
+825676e-05
+808627e-05
+699024e-05
+528530e-05
+311760e-05
+901181e-06
-925537e-06
-238691e-05
-323938e-05
-340987e-05
-311760e-05
-238691e-05
-138831e-05
-438412e-06
+389700e-06
+109603e-05
+155880e-05
+172929e-05
+165622e-05
+136395e-05
+901181e-06
+340987e-06
-243562e-06
-852468e-06
-138831e-05
-170494e-05
-177800e-05
-158315e-05
-107167e-05
-340987e-06
+511481e-06
+143702e-05
+228949e-05
+282532e-05
+287404e-05
+243562e-05
+155880e-05
+414056e-06
-901181e-06
-228949e-05
-345858e-05
-423798e-05
-455462e-05
-428670e-05
-353165e-05
-241127e-05
-109603e-05
+146137e-06
+124217e-05
+211899e-05
+258176e-05
+258176e-05
+214335e-05
+138831e-05
+511481e-06
-414056e-06
-131524e-05
-209464e-05
-263047e-05
-284968e-05
-270354e-05
-221642e-05
-146137e-05
-560193e-06
+365343e-06
+129088e-05
+219206e-05
+287404e-05
+316631e-05
+309324e-05
+263047e-05
+180236e-05
+730687e-06
-340987e-06
-129088e-05
-211899e-05
-260612e-05
-258176e-05
-207028e-05
-119346e-05
-121781e-06
+102296e-05
+216770e-05
+306888e-05
+358037e-05
+365343e-05
+328809e-05
+265483e-05
+182672e-05
+901181e-06
+146137e-06
-365343e-06
-706331e-06
-828112e-06
-730687e-06
-487125e-06
-170494e-06
+121781e-06
+389700e-06
+584549e-06
+657618e-06
+608906e-06
+389700e-06
+487125e-07
-462768e-06
-116910e-05
-199721e-05
-287404e-05
-365343e-05
-421363e-05
-448155e-05
-433541e-05
-377522e-05
-289839e-05
-177800e-05
-608906e-06
+389700e-06
+121781e-05
+182672e-05
+207028e-05
+194850e-05
+165622e-05
+131524e-05
+974249e-06
+779399e-06
+755043e-06
+852468e-06
+974249e-06
+102296e-05
+974249e-06
+755043e-06
+340987e-06
-146137e-06
-633262e-06
-109603e-05
-138831e-05
-136395e-05
-998605e-06
-438412e-06
+194850e-06
+828112e-06
+136395e-05
+170494e-05
+177800e-05
+160751e-05
+121781e-05
+706331e-06
+243562e-06
-974249e-07
-365343e-06
-535837e-06
-584549e-06
-535837e-06
-462768e-06
-414056e-06
-316631e-06
-194850e-06
-974249e-07
+487125e-07
+243562e-06
+511481e-06
+803756e-06
+974249e-06
+998605e-06
+828112e-06
+438412e-06
-730687e-07
-657618e-06
-129088e-05
-180236e-05
-202157e-05
-189979e-05
-148573e-05
-803756e-06
-487125e-07
+681974e-06
+136395e-05
+185107e-05
+202157e-05
+185107e-05
+148573e-05
+998605e-06
+511481e-06
+170494e-06
+243562e-07
+243562e-07
+146137e-06
+316631e-06
+389700e-06
+292275e-06
+000000e+00
-511481e-06
-124217e-05
-207028e-05
-282532e-05
-336116e-05
-360472e-05
-358037e-05
-331245e-05
-280097e-05
-214335e-05
-148573e-05
-876824e-06
-316631e-06
+170494e-06
+681974e-06
+126652e-05
+187543e-05
+248434e-05
+297146e-05
+326373e-05
+333680e-05
+319067e-05
+277661e-05
+204592e-05
+116910e-05
+316631e-06
-487125e-06
-124217e-05
-185107e-05
-221642e-05
-231384e-05
-211899e-05
-170494e-05
-112039e-05
-487125e-06
+487125e-07
+511481e-06
+901181e-06
+112039e-05
+114474e-05
+102296e-05
+803756e-06
+560193e-06
+365343e-06
+243562e-06
+194850e-06
+243562e-06
+404922e-06
+602817e-06
+748954e-06
+849423e-06
+885958e-06
+837245e-06
+721553e-06
+560193e-06
+374477e-06
+182672e-06
+000000e+00
-173538e-06
-350121e-06
-523659e-06
-694153e-06
-861602e-06
-101687e-05
-115083e-05
-124217e-05
-129088e-05
-129697e-05
-125435e-05
-115692e-05
-992516e-06
-751999e-06
-426234e-06
-152226e-07
+462768e-06
+952937e-06
+138526e-05
+168058e-05
+174756e-05
+153140e-05
+102905e-05
+286186e-06
-584549e-06
-143093e-05
-207637e-05
-238387e-05
-227122e-05
-175365e-05
-925537e-06
+365343e-07
+919448e-06
+153444e-05
+173538e-05
+148269e-05
+840290e-06
-243562e-07
-879869e-06
-151313e-05
-173538e-05
-146746e-05
-727642e-06
+356210e-06
+154662e-05
+258480e-05
+325156e-05
+340378e-05
+297450e-05
+201852e-05
+703286e-06
-736776e-06
-206419e-05
-305975e-05
-358341e-05
-359863e-05
-313891e-05
-231993e-05
-131219e-05
-283141e-06
+630217e-06
+132133e-05
+175365e-05
+194241e-05
+193632e-05
+179323e-05
+157098e-05
+130001e-05
+995561e-06
+654574e-06
+274008e-06
-140048e-06
-563238e-06
-934670e-06
-118128e-05
-122695e-05
-102296e-05
-548015e-06
+146137e-06
+974249e-06
+180541e-05
+248129e-05
+288621e-05
+293188e-05
+259089e-05
+191805e-05
+103514e-05
+882913e-07
-767221e-06
-139744e-05
-174147e-05
-181149e-05
-167449e-05
-144006e-05
-123912e-05
-117214e-05
-127566e-05
-154053e-05
-188761e-05
-219815e-05
-233211e-05
-218293e-05
-171711e-05
-965116e-06
-243562e-07
+952937e-06
+179018e-05
+231384e-05
+241736e-05
+207332e-05
+130915e-05
+249651e-06
-919448e-06
-200634e-05
-282837e-05
-323938e-05
-317240e-05
-263352e-05
-170494e-05
-520614e-06
+739820e-06
+188761e-05
+277052e-05
+329114e-05
+340683e-05
+312064e-05
+248738e-05
+160751e-05
+596728e-06
-423189e-06
-133655e-05
-204592e-05
-246607e-05
-253000e-05
-215857e-05
-138831e-05
-389700e-06
+803756e-06
+221642e-05
+362908e-05
+477382e-05
+550451e-05
+574807e-05
+548015e-05
+467640e-05
+343423e-05
+185107e-05
+243562e-06
-121781e-05
-255740e-05
-355601e-05
-416492e-05
-433541e-05
-404313e-05
-340987e-05
-245998e-05
-133959e-05
-292275e-06
+657618e-06
+143702e-05
+187543e-05
+185107e-05
+131524e-05
+389700e-06
-852468e-06
-231384e-05
-367779e-05
-467640e-05
-511481e-05
-491996e-05
-404313e-05
-258176e-05
-876824e-06
+876824e-06
+245998e-05
+362908e-05
+418927e-05
+394571e-05
+302017e-05
+163187e-05
+974249e-07
-133959e-05
-260612e-05
-338552e-05
-358037e-05
-326373e-05
-245998e-05
-133959e-05
-219206e-06
+779399e-06
+160751e-05
+214335e-05
+231384e-05
+214335e-05
+177800e-05
+129088e-05
+828112e-06
+462768e-06
+194850e-06
+730687e-07
+730687e-07
+170494e-06
+389700e-06
+755043e-06
+121781e-05
+175365e-05
+236255e-05
+292275e-05
+336116e-05
+362908e-05
+358037e-05
+319067e-05
+241127e-05
+129088e-05
+974249e-07
-116910e-05
-248434e-05
-355601e-05
-421363e-05
-440848e-05
-411620e-05
-343423e-05
-241127e-05
-121781e-05
-974249e-07
+949893e-06
+180236e-05
+233820e-05
+250869e-05
+221642e-05
+155880e-05
+657618e-06
-389700e-06
-155880e-05
-272790e-05
-370215e-05
-440848e-05
-470075e-05
-448155e-05
-379957e-05
-270354e-05
-131524e-05
+974249e-07
+148573e-05
+272790e-05
+358037e-05
+397007e-05
+377522e-05
+311760e-05
+214335e-05
+974249e-06
-974249e-07
-102296e-05
-172929e-05
-204592e-05
-194850e-05
-153444e-05
-852468e-06
-974249e-07
+608906e-06
+124217e-05
+160751e-05
+165622e-05
+138831e-05
+828112e-06
+146137e-06
-608906e-06
-136395e-05
-194850e-05
-226513e-05
-219206e-05
-177800e-05
-104732e-05
-170494e-06
+779399e-06
+182672e-05
+275225e-05
+348294e-05
+387264e-05
+387264e-05
+353165e-05
+282532e-05
+187543e-05
+779399e-06
-316631e-06
-133959e-05
-228949e-05
-292275e-05
-314195e-05
-304453e-05
-258176e-05
-180236e-05
-828112e-06
+974249e-07
+925537e-06
+160751e-05
+199721e-05
+207028e-05
+177800e-05
+129088e-05
+706331e-06
+974249e-07
-487125e-06
-974249e-06
-131524e-05
-148573e-05
-148573e-05
-138831e-05
-116910e-05
-876824e-06
-608906e-06
-389700e-06
-243562e-06
-194850e-06
-194850e-06
-243562e-06
-389700e-06
-608906e-06
-828112e-06
-104732e-05
-129088e-05
-151009e-05
-168058e-05
+000000e+00
+000000e+00
+000000e+00
+000000e+00
[ENDDATA]
