[FILEINFO]
File: D:\CMC thesis\AE software\TUNGSTEN\Vallen\T25.tra
SampleRate[Hz]: 10000000
SetsOnFile: 8
Samples: 2048
[SETINFO]
Set: 1
Index: 1
Time:  15 04:23:08 604.2996
Channel: 1
PreTriggerSamples: 100
Data: Amplitude [mV]
[DATA]
+000000e+00
+000000e+00
+000000e+00
+000000e+00
+000000e+00
-304453e-08
-304453e-08
+000000e+00
+000000e+00
+000000e+00
+000000e+00
+000000e+00
+000000e+00
+000000e+00
+000000e+00
+000000e+00
+000000e+00
-304453e-08
-304453e-08
-304453e-08
-304453e-08
-304453e-08
-304453e-08
-304453e-08
-304453e-08
-304453e-08
-304453e-08
-304453e-08
-304453e-08
-304453e-08
-304453e-08
-304453e-08
-304453e-08
+000000e+00
+000000e+00
+304453e-08
+304453e-08
+304453e-08
+304453e-08
+304453e-08
+000000e+00
-304453e-08
-304453e-08
-304453e-08
-304453e-08
-304453e-08
-304453e-08
-304453e-08
+000000e+00
+000000e+00
+304453e-08
+304453e-08
+304453e-08
+304453e-08
+304453e-08
+304453e-08
+304453e-08
+000000e+00
-304453e-08
-304453e-08
-304453e-08
-608906e-08
-608906e-08
-608906e-08
-608906e-08
-608906e-08
-304453e-08
-304453e-08
-304453e-08
-608906e-08
-608906e-08
-608906e-08
-608906e-08
-304453e-08
-304453e-08
-304453e-08
-304453e-08
-304453e-08
-304453e-08
-304453e-08
+000000e+00
+000000e+00
-304453e-08
-304453e-08
+000000e+00
-304453e-08
-304453e-08
-304453e-08
-304453e-08
+000000e+00
+304453e-08
+000000e+00
+000000e+00
+000000e+00
+000000e+00
+304453e-08
+608906e-08
+121781e-07
+274008e-07
+487125e-07
+822023e-07
+124826e-06
+182672e-06
+252696e-06
+316631e-06
+362299e-06
+377522e-06
+334898e-06
+213117e-06
+000000e+00
-295319e-06
-651529e-06
-102296e-05
-136699e-05
-163491e-05
-182063e-05
-191196e-05
-192719e-05
-188761e-05
-179932e-05
-167754e-05
-141266e-05
-925537e-06
-219206e-06
+876824e-06
+248434e-05
+448155e-05
+664925e-05
+881695e-05
+107167e-04
+119589e-04
+122268e-04
+113256e-04
+908487e-05
+550451e-05
+901181e-06
-445719e-05
-101322e-04
-155149e-04
-200208e-04
-231628e-04
-245267e-04
-238204e-04
-210925e-04
-165866e-04
-106924e-04
-392135e-05
+309324e-05
+966942e-05
+153688e-04
+197285e-04
+222616e-04
+229192e-04
+218232e-04
+192171e-04
+153444e-04
+107167e-04
+591856e-05
+143702e-05
-236255e-05
-523659e-05
-696588e-05
-762350e-05
-737994e-05
-657618e-05
-552886e-05
-445719e-05
-365343e-05
-328809e-05
-333680e-05
-375086e-05
-435977e-05
-491996e-05
-533401e-05
-550451e-05
-528530e-05
-467640e-05
-370215e-05
-233820e-05
-730687e-06
+114474e-05
+331245e-05
+548015e-05
+752607e-05
+930408e-05
+105706e-04
+111308e-04
+108385e-04
+964507e-05
+759914e-05
+489560e-05
+177800e-05
-146137e-05
-462768e-05
-747736e-05
-983992e-05
-116179e-04
-125191e-04
-126165e-04
-120563e-04
-105950e-04
-840290e-05
-584550e-05
-297146e-05
-974249e-07
+248434e-05
+462768e-05
+611341e-05
+689281e-05
+708766e-05
+681974e-05
+628391e-05
+562629e-05
+491996e-05
+426234e-05
+358037e-05
+284968e-05
+202157e-05
+102296e-05
-487125e-07
-119346e-05
-236255e-05
-323938e-05
-372650e-05
-372650e-05
-314195e-05
-209464e-05
-706331e-06
+876824e-06
+245998e-05
+389700e-05
+487125e-05
+523659e-05
+509045e-05
+438412e-05
+326373e-05
+185107e-05
+316631e-06
-129088e-05
-294710e-05
-450590e-05
-584550e-05
-684410e-05
-740429e-05
-737994e-05
-672232e-05
-530966e-05
-309324e-05
-389700e-06
+255740e-05
+548015e-05
+794013e-05
+966942e-05
+104488e-04
+101565e-04
+884131e-05
+677103e-05
+411620e-05
+107167e-05
-211899e-05
-530966e-05
-830547e-05
-110090e-04
-131767e-04
-147599e-04
-155636e-04
-153201e-04
-139561e-04
-113500e-04
-764786e-05
-294710e-05
+243562e-05
+791577e-05
+130549e-04
+173173e-04
+203375e-04
+217988e-04
+214091e-04
+192658e-04
+153931e-04
+100835e-04
+377522e-05
-299582e-05
-954764e-05
-153444e-04
-197285e-04
-220667e-04
-220911e-04
-197773e-04
-153201e-04
-930408e-05
-236255e-05
+470075e-05
+110090e-04
+159046e-04
+188517e-04
+196068e-04
+183159e-04
+151496e-04
+105950e-04
+526095e-05
-365343e-06
-567500e-05
-102296e-04
-135177e-04
-151496e-04
-149547e-04
-130306e-04
-947457e-05
-453026e-05
+104732e-05
+657618e-05
+112526e-04
+144189e-04
+155636e-04
+142971e-04
+108385e-04
+555322e-05
-925537e-06
-769657e-05
-138831e-04
-187056e-04
-215553e-04
-220667e-04
-201670e-04
-159777e-04
-100104e-04
-287404e-05
+484689e-05
+123243e-04
+187787e-04
+235768e-04
+262073e-04
+263778e-04
+240640e-04
+194363e-04
+128844e-04
+506610e-05
-306888e-05
-105950e-04
-168789e-04
-213361e-04
-234550e-04
-231384e-04
-206541e-04
-164892e-04
-112769e-04
-560193e-05
-121781e-06
+465204e-05
+837854e-05
+108385e-04
+119833e-04
+119589e-04
+109603e-04
+927972e-05
+728251e-05
+526095e-05
+336116e-05
+170494e-05
+487125e-06
-267919e-06
-755043e-06
-114474e-05
-148573e-05
-192414e-05
-248434e-05
-306888e-05
-365343e-05
-411620e-05
-423798e-05
-387264e-05
-299582e-05
-158315e-05
+194850e-06
+216770e-05
+423798e-05
+599163e-05
+716073e-05
+767221e-05
+740429e-05
+628391e-05
+426234e-05
+143702e-05
-204592e-05
-594292e-05
-100104e-04
-137126e-04
-164405e-04
-178288e-04
-174391e-04
-150034e-04
-105462e-04
-445719e-05
+260612e-05
+983992e-05
+164648e-04
+216527e-04
+245998e-04
+250626e-04
+230653e-04
+187543e-04
+126896e-04
+545580e-05
-216770e-05
-935279e-05
-155880e-04
-203862e-04
-233576e-04
-241614e-04
-226756e-04
-191440e-04
-138831e-04
-733122e-05
-316631e-06
+633262e-05
+118371e-04
+155636e-04
+170981e-04
+162943e-04
+135177e-04
+927972e-05
+426234e-05
-657618e-06
-472511e-05
-750172e-05
-871953e-05
-820805e-05
-623519e-05
-311760e-05
+730687e-06
+467640e-05
+828112e-05
+110821e-04
+126165e-04
+127383e-04
+114718e-04
+876824e-05
+496867e-05
+560193e-06
-406749e-05
-835419e-05
-117397e-04
-139805e-04
-148817e-04
-143458e-04
-125922e-04
-979120e-05
-630826e-05
-250869e-05
+126652e-05
+465204e-05
+740429e-05
+927972e-05
+101809e-04
+993734e-05
+862211e-05
+652747e-05
+377522e-05
+779399e-06
-197285e-05
-423798e-05
-567500e-05
-606470e-05
-543144e-05
-399442e-05
-209464e-05
-219206e-06
+133959e-05
+238691e-05
+270354e-05
+231384e-05
+133959e-05
+146137e-06
-109603e-05
-221642e-05
-287404e-05
-306888e-05
-280097e-05
-214335e-05
-133959e-05
-535837e-06
+146137e-06
+730687e-06
+126652e-05
+170494e-05
+211899e-05
+255740e-05
+289839e-05
+311760e-05
+319067e-05
+297146e-05
+233820e-05
+131524e-05
+487125e-07
-141266e-05
-294710e-05
-423798e-05
-504174e-05
-513916e-05
-438412e-05
-282532e-05
-657618e-06
+197285e-05
+484689e-05
+745301e-05
+937715e-05
+103270e-04
+100348e-04
+850032e-05
+591856e-05
+238691e-05
-158315e-05
-548015e-05
-893874e-05
-114474e-04
-126896e-04
-126896e-04
-113744e-04
-884131e-05
-555322e-05
-182672e-05
+199721e-05
+552886e-05
+840290e-05
+104001e-04
+112526e-04
+107411e-04
+889002e-05
+589421e-05
+194850e-05
-260612e-05
-718509e-05
-111552e-04
-140535e-04
-153931e-04
-147599e-04
-122025e-04
-791577e-05
-228949e-05
+401878e-05
+101809e-04
+155149e-04
+193145e-04
+210438e-04
+204592e-04
+175852e-04
+128357e-04
+657618e-05
-560193e-06
-779399e-05
-143945e-04
-196798e-04
-231628e-04
-244293e-04
-232115e-04
-196798e-04
-141753e-04
-706331e-05
+876824e-06
+869517e-05
+155393e-04
+206784e-04
+234794e-04
+236255e-04
+211656e-04
+165135e-04
+104245e-04
+372650e-05
-265483e-05
-786706e-05
-113013e-04
-126409e-04
-120076e-04
-962071e-05
-599163e-05
-192414e-05
+207028e-05
+530966e-05
+728251e-05
+781835e-05
+686846e-05
+457897e-05
+129088e-05
-258176e-05
-645440e-05
-986427e-05
-123486e-04
-135421e-04
-134203e-04
-119833e-04
-937715e-05
-586985e-05
-192414e-05
+219206e-05
+604034e-05
+927972e-05
+116423e-04
+129332e-04
+132011e-04
+124947e-04
+107898e-04
+823241e-05
+518788e-05
+189979e-05
-124217e-05
-401878e-05
-621084e-05
-764786e-05
-837854e-05
-840290e-05
-781835e-05
-681974e-05
-548015e-05
-392135e-05
-231384e-05
-755043e-06
+681974e-06
+202157e-05
+314195e-05
+399442e-05
+450590e-05
+453026e-05
+404313e-05
+311760e-05
+187543e-05
+487125e-06
-828112e-06
-189979e-05
-248434e-05
-245998e-05
-180236e-05
-633262e-06
+876824e-06
+248434e-05
+394571e-05
+491996e-05
+511481e-05
+457897e-05
+340987e-05
+172929e-05
-730687e-07
-170494e-05
-297146e-05
-362908e-05
-353165e-05
-272790e-05
-143702e-05
+730687e-07
+160751e-05
+292275e-05
+365343e-05
+362908e-05
+275225e-05
+104732e-05
-126652e-05
-399442e-05
-677103e-05
-918230e-05
-109603e-04
-116179e-04
-107898e-04
-852468e-05
-504174e-05
-560193e-06
+450590e-05
+954764e-05
+138343e-04
+167814e-04
+179262e-04
+169763e-04
+139318e-04
+893874e-05
+248434e-05
-465204e-05
-117153e-04
-177557e-04
-219693e-04
-238935e-04
-231141e-04
-196555e-04
-138343e-04
-621084e-05
+231384e-05
+108385e-04
+183890e-04
+240152e-04
+271085e-04
+272546e-04
+244780e-04
+190222e-04
+113987e-04
+260612e-05
-638133e-05
-143945e-04
-203862e-04
-236986e-04
-239178e-04
-209951e-04
-154418e-04
-796449e-05
+438412e-06
+850032e-05
+151496e-04
+195337e-04
+211168e-04
+197042e-04
+154906e-04
+918230e-05
+163187e-05
-623519e-05
-132985e-04
-186082e-04
-214822e-04
-215553e-04
-187543e-04
-133716e-04
-604034e-05
+226513e-05
+104975e-04
+176096e-04
+227000e-04
+250382e-04
+243806e-04
+207759e-04
+145894e-04
+664925e-05
-211899e-05
-106680e-04
-179993e-04
-233333e-04
-262317e-04
-264509e-04
-240640e-04
-194119e-04
-129575e-04
-543144e-05
+233820e-05
+952329e-05
+155393e-04
+198260e-04
+217745e-04
+212630e-04
+185107e-04
+137613e-04
+750172e-05
+462768e-06
-645440e-05
-123486e-04
-165622e-04
-184864e-04
-178775e-04
-147599e-04
-954764e-05
-304453e-05
+404313e-05
+107655e-04
+161482e-04
+195337e-04
+205567e-04
+191684e-04
+154906e-04
+100835e-04
+362908e-05
-314195e-05
-949893e-05
-148329e-04
-185838e-04
-204836e-04
-203618e-04
-182672e-04
-143702e-04
-893874e-05
-250869e-05
+433541e-05
+108629e-04
+163917e-04
+203862e-04
+223834e-04
+221642e-04
+197042e-04
+152714e-04
+952329e-05
+309324e-05
-345858e-05
-949893e-05
-143702e-04
-176339e-04
-191927e-04
-190953e-04
-173660e-04
-142727e-04
-102053e-04
-555322e-05
-852468e-06
+362908e-05
+747736e-05
+102783e-04
+118615e-04
+121050e-04
+109847e-04
+869517e-05
+555322e-05
+189979e-05
-172929e-05
-491996e-05
-725816e-05
-837854e-05
-815934e-05
-664925e-05
-397007e-05
-511481e-06
+323938e-05
+674668e-05
+942586e-05
+108385e-04
+106680e-04
+889002e-05
+567500e-05
+138831e-05
-350730e-05
-828112e-05
-121781e-04
-147599e-04
-156611e-04
-146381e-04
-118615e-04
-769657e-05
-255740e-05
+297146e-05
+811062e-05
+122025e-04
+148817e-04
+158803e-04
+150521e-04
+126409e-04
+893874e-05
+428670e-05
-633262e-06
-526095e-05
-915794e-05
-117397e-04
-126409e-04
-118615e-04
-935279e-05
-535837e-05
-414056e-06
+489560e-05
+986427e-05
+137126e-04
+158072e-04
+158072e-04
+135908e-04
+937715e-05
+370215e-05
-272790e-05
-903616e-05
-142727e-04
-177800e-04
-191684e-04
-182185e-04
-150278e-04
-100835e-04
-406749e-05
+224077e-05
+801320e-05
+124217e-04
+150034e-04
+155149e-04
+138100e-04
+101809e-04
+521223e-05
-340987e-06
-572371e-05
-102296e-04
-130306e-04
-137613e-04
-124947e-04
-920665e-05
-438412e-05
+116910e-05
+667361e-05
+112769e-04
+144189e-04
+156367e-04
+146137e-04
+115936e-04
+694153e-05
+112039e-05
-509045e-05
-108872e-04
-155636e-04
-184620e-04
-191440e-04
-174878e-04
-136638e-04
-803756e-05
-124217e-05
+586985e-05
+124460e-04
+176339e-04
+207515e-04
+214578e-04
+196555e-04
+155636e-04
+981556e-05
+316631e-05
-367779e-05
-986427e-05
-146868e-04
-176096e-04
-183402e-04
-169519e-04
-137369e-04
-901180e-05
-333680e-05
+245998e-05
+767221e-05
+116423e-04
+139805e-04
+143702e-04
+127627e-04
+935279e-05
+453026e-05
-901181e-06
-623519e-05
-107167e-04
-136151e-04
-145163e-04
-133472e-04
-101565e-04
-538273e-05
+194850e-06
+591856e-05
+109847e-04
+147842e-04
+168302e-04
+168302e-04
+148329e-04
+112526e-04
+650311e-05
+974249e-06
-470075e-05
-998605e-05
-142484e-04
-171711e-04
-185107e-04
-181210e-04
-160995e-04
-125922e-04
-794013e-05
-255740e-05
+316631e-05
+859775e-05
+131767e-04
+165622e-04
+184377e-04
+188030e-04
+176339e-04
+149547e-04
+111308e-04
+655183e-05
+155880e-05
-350730e-05
-818369e-05
-120076e-04
-147112e-04
-161238e-04
-161238e-04
-146624e-04
-119589e-04
-828112e-05
-392135e-05
+535837e-06
+462768e-05
+801320e-05
+103027e-04
+113744e-04
+111064e-04
+959635e-05
+718509e-05
+406749e-05
+608906e-06
-282532e-05
-591856e-05
-837854e-05
-100348e-04
-106437e-04
-100104e-04
-815934e-05
-521223e-05
-138831e-05
+306888e-05
+759914e-05
+115936e-04
+147112e-04
+163917e-04
+162212e-04
+141023e-04
+102540e-04
+509045e-05
-925537e-06
-703895e-05
-124704e-04
-166597e-04
-189979e-04
-192414e-04
-174634e-04
-139318e-04
-901180e-05
-326373e-05
+255740e-05
+774528e-05
+116666e-04
+141266e-04
+149304e-04
+138587e-04
+113256e-04
+779399e-05
+355601e-05
-681974e-06
-428670e-05
-674668e-05
-774528e-05
-728251e-05
-545580e-05
-253305e-05
+876824e-06
+416492e-05
+674668e-05
+811062e-05
+803756e-05
+640569e-05
+336116e-05
-608906e-06
-491996e-05
-906052e-05
-123243e-04
-142240e-04
-144676e-04
-130062e-04
-986427e-05
-533401e-05
+000000e+00
+562629e-05
+107898e-04
+150521e-04
+178531e-04
+187056e-04
+176826e-04
+147112e-04
+101322e-04
+450590e-05
-158315e-05
-730687e-05
-120563e-04
-154175e-04
-169763e-04
-165135e-04
-142240e-04
-104975e-04
-582114e-05
-852468e-06
+392135e-05
+789142e-05
+105462e-04
+116179e-04
+109116e-04
+859775e-05
+501738e-05
+633262e-06
-401878e-05
-830547e-05
-115692e-04
-133716e-04
-133959e-04
-115449e-04
-806191e-05
-319067e-05
+245998e-05
+806191e-05
+129088e-04
+164405e-04
+182428e-04
+181210e-04
+160508e-04
+122755e-04
+735558e-05
+175365e-05
-389700e-05
-901180e-05
-130062e-04
-154906e-04
-163430e-04
-154906e-04
-131767e-04
-949893e-05
-489560e-05
-243562e-07
+465204e-05
+862211e-05
+113987e-04
+126409e-04
+123973e-04
+106437e-04
+755043e-05
+355601e-05
-779399e-06
-484689e-05
-818369e-05
-104488e-04
-113500e-04
-107167e-04
-867082e-05
-555322e-05
-180236e-05
+226513e-05
+608906e-05
+920665e-05
+113013e-04
+120807e-04
+114718e-04
+942586e-05
+628391e-05
+233820e-05
-199721e-05
-611341e-05
-976685e-05
-123730e-04
-136395e-04
-135177e-04
-119833e-04
-915794e-05
-530966e-05
-104732e-05
+333680e-05
+737994e-05
+105219e-04
+124460e-04
+130549e-04
+124704e-04
+106193e-04
+781835e-05
+445719e-05
+876824e-06
-250869e-05
-538273e-05
-740429e-05
-850032e-05
-862211e-05
-776964e-05
-618648e-05
-404313e-05
-155880e-05
+876824e-06
+304453e-05
+477382e-05
+579678e-05
+596728e-05
+533401e-05
+389700e-05
+180236e-05
-535837e-06
-289839e-05
-506610e-05
-660054e-05
-735558e-05
-725816e-05
-628391e-05
-448155e-05
-211899e-05
+340987e-06
+275225e-05
+484689e-05
+628391e-05
+696588e-05
+689281e-05
+608906e-05
+467640e-05
+287404e-05
+974249e-06
-755043e-06
-219206e-05
-316631e-05
-358037e-05
-343423e-05
-280097e-05
-187543e-05
-803756e-06
+146137e-06
+828112e-06
+119346e-05
+102296e-05
+389700e-06
-462768e-06
-151009e-05
-255740e-05
-328809e-05
-353165e-05
-321502e-05
-226513e-05
-779399e-06
+109603e-05
+321502e-05
+521223e-05
+679539e-05
+776964e-05
+803756e-05
+747736e-05
+608906e-05
+392135e-05
+114474e-05
-192414e-05
-501738e-05
-776964e-05
-979120e-05
-108142e-04
-106924e-04
-935279e-05
-694153e-05
-370215e-05
-730687e-07
+362908e-05
+699024e-05
+945022e-05
+107411e-04
+106437e-04
+918230e-05
+655183e-05
+292275e-05
-114474e-05
-513916e-05
-862211e-05
-110577e-04
-120807e-04
-114718e-04
-925537e-05
-569936e-05
-129088e-05
+355601e-05
+818369e-05
+118858e-04
+142971e-04
+150278e-04
+138587e-04
+110334e-04
+684410e-05
+165622e-05
-392135e-05
-923101e-05
-135421e-04
-163674e-04
-174634e-04
-166353e-04
-140048e-04
-976685e-05
-438412e-05
+143702e-05
+706331e-05
+119346e-04
+156611e-04
+177800e-04
+180723e-04
+166353e-04
+136151e-04
+932844e-05
+423798e-05
-104732e-05
-608906e-05
-105462e-04
-139318e-04
-159290e-04
-164161e-04
-153688e-04
-130062e-04
-942586e-05
-494431e-05
-170494e-06
+445719e-05
+850032e-05
+114718e-04
+130793e-04
+132498e-04
+120563e-04
+959635e-05
+616213e-05
+224077e-05
-165622e-05
-506610e-05
-769657e-05
-923101e-05
-959635e-05
-881695e-05
-711202e-05
-465204e-05
-175365e-05
+109603e-05
+367779e-05
+569936e-05
+699024e-05
+750172e-05
+718509e-05
+613777e-05
+440848e-05
+214335e-05
-292275e-06
-272790e-05
-504174e-05
-686846e-05
-801320e-05
-842726e-05
-801320e-05
-684410e-05
-494431e-05
-248434e-05
+146137e-06
+280097e-05
+521223e-05
+703895e-05
+815934e-05
+842726e-05
+781835e-05
+643004e-05
+438412e-05
+194850e-05
-535837e-06
-284968e-05
-474946e-05
-589421e-05
-618648e-05
-555322e-05
-406749e-05
-199721e-05
+365343e-06
+277661e-05
+496867e-05
+647876e-05
+713637e-05
+689281e-05
+577243e-05
+389700e-05
+146137e-05
-109603e-05
-350730e-05
-550451e-05
-679539e-05
-733122e-05
-711202e-05
-623519e-05
-484689e-05
-314195e-05
-141266e-05
+487125e-07
+114474e-05
+192414e-05
+231384e-05
+233820e-05
+211899e-05
+185107e-05
+168058e-05
+165622e-05
+185107e-05
+221642e-05
+267919e-05
+309324e-05
+328809e-05
+328809e-05
+299582e-05
+221642e-05
+104732e-05
-340987e-06
-199721e-05
-384828e-05
-560193e-05
-708766e-05
-813498e-05
-857339e-05
-828112e-05
-723380e-05
-545580e-05
-294710e-05
+243562e-07
+328809e-05
+647876e-05
+918230e-05
+111552e-04
+120320e-04
+116910e-04
+101322e-04
+745301e-05
+387264e-05
-730687e-07
-401878e-05
-759914e-05
-103027e-04
-118371e-04
-120320e-04
-108872e-04
-854904e-05
-530966e-05
-155880e-05
+243562e-05
+613777e-05
+910923e-05
+111552e-04
+119346e-04
+113987e-04
+964507e-05
+689281e-05
+343423e-05
-194850e-06
-358037e-05
-635698e-05
-813498e-05
-876824e-05
-820805e-05
-662489e-05
-423798e-05
-143702e-05
+133959e-05
+377522e-05
+555322e-05
+647876e-05
+652747e-05
+579678e-05
+428670e-05
+221642e-05
+487125e-07
-211899e-05
-418927e-05
-579678e-05
-674668e-05
-706331e-05
-677103e-05
-594292e-05
-465204e-05
-306888e-05
-143702e-05
+487125e-07
+131524e-05
+233820e-05
+297146e-05
+326373e-05
+333680e-05
+319067e-05
+292275e-05
+258176e-05
+219206e-05
+177800e-05
+138831e-05
+104732e-05
+755043e-06
+487125e-06
+243562e-06
+487125e-07
-121781e-06
-414056e-06
-876824e-06
-138831e-05
-199721e-05
-263047e-05
-304453e-05
-314195e-05
-280097e-05
-192414e-05
-584549e-06
+121781e-05
+331245e-05
+526095e-05
+664925e-05
+728251e-05
+699024e-05
+572371e-05
+355601e-05
+730687e-06
-238691e-05
-540708e-05
-781835e-05
-932844e-05
-974249e-05
-898745e-05
-723380e-05
-462768e-05
-148573e-05
+177800e-05
+484689e-05
+733122e-05
+891438e-05
+945022e-05
+896309e-05
+745301e-05
+511481e-05
+228949e-05
-657618e-06
-338552e-05
-557758e-05
-689281e-05
-723380e-05
-664925e-05
-521223e-05
-309324e-05
-779399e-06
+148573e-05
+348294e-05
+484689e-05
+545580e-05
+523659e-05
+423798e-05
+265483e-05
+779399e-06
-124217e-05
-319067e-05
-477382e-05
-579678e-05
-611341e-05
-567500e-05
-450590e-05
-275225e-05
-779399e-06
+124217e-05
+321502e-05
+479818e-05
+577243e-05
+613777e-05
+591856e-05
+518788e-05
+406749e-05
+275225e-05
+136395e-05
+487125e-07
-109603e-05
-216770e-05
-302017e-05
-362908e-05
-394571e-05
-392135e-05
-360472e-05
-304453e-05
-233820e-05
-155880e-05
-876824e-06
-414056e-06
-194850e-06
-243562e-06
-511481e-06
-901181e-06
-124217e-05
-133959e-05
-107167e-05
-462768e-06
+462768e-06
+168058e-05
+299582e-05
+416492e-05
+499303e-05
+535837e-05
+523659e-05
+465204e-05
+365343e-05
+236255e-05
+974249e-06
-292275e-06
-143702e-05
-245998e-05
-321502e-05
-362908e-05
-372650e-05
-353165e-05
-309324e-05
-245998e-05
-175365e-05
-102296e-05
-340987e-06
+170494e-06
+633262e-06
+107167e-05
+141266e-05
+170494e-05
+202157e-05
+236255e-05
+267919e-05
+287404e-05
+289839e-05
+267919e-05
+209464e-05
+119346e-05
+974249e-07
-124217e-05
-275225e-05
-418927e-05
-540708e-05
-618648e-05
-645440e-05
-625955e-05
-552886e-05
-423798e-05
-258176e-05
-803756e-06
+109603e-05
+306888e-05
+482253e-05
+616213e-05
+708766e-05
+752607e-05
+742865e-05
+681974e-05
+577243e-05
+433541e-05
+260612e-05
+852468e-06
-779399e-06
-224077e-05
-340987e-05
-421363e-05
-460333e-05
-460333e-05
-426234e-05
-367779e-05
-309324e-05
-250869e-05
-194850e-05
-153444e-05
-116910e-05
-852468e-06
-560193e-06
-219206e-06
+146137e-06
+608906e-06
+116910e-05
+170494e-05
+214335e-05
+241127e-05
+241127e-05
+216770e-05
+172929e-05
+109603e-05
+389700e-06
-267919e-06
-876824e-06
-141266e-05
-180236e-05
-199721e-05
-202157e-05
-187543e-05
-155880e-05
-107167e-05
-438412e-06
+267919e-06
+107167e-05
+194850e-05
+275225e-05
+333680e-05
+362908e-05
+355601e-05
+319067e-05
+255740e-05
+163187e-05
+608906e-06
-340987e-06
-116910e-05
-182672e-05
-224077e-05
-236255e-05
-221642e-05
-192414e-05
-153444e-05
-112039e-05
-803756e-06
-560193e-06
-414056e-06
-389700e-06
-389700e-06
-365343e-06
-316631e-06
-243562e-06
-974249e-07
+170494e-06
+535837e-06
+949893e-06
+131524e-05
+158315e-05
+170494e-05
+160751e-05
+126652e-05
+681974e-06
-974249e-07
-102296e-05
-199721e-05
-282532e-05
-331245e-05
-338552e-05
-304453e-05
-226513e-05
-112039e-05
+730687e-07
+126652e-05
+238691e-05
+311760e-05
+345858e-05
+345858e-05
+309324e-05
+241127e-05
+153444e-05
+535837e-06
-487125e-06
-148573e-05
-243562e-05
-311760e-05
-340987e-05
-328809e-05
-265483e-05
-148573e-05
+000000e+00
+170494e-05
+343423e-05
+474946e-05
+540708e-05
+528530e-05
+435977e-05
+265483e-05
+511481e-06
-182672e-05
-411620e-05
-594292e-05
-708766e-05
-735558e-05
-674668e-05
-526095e-05
-302017e-05
-389700e-06
+241127e-05
+509045e-05
+723380e-05
+867082e-05
+920665e-05
+869517e-05
+723380e-05
+501738e-05
+226513e-05
-633262e-06
-338552e-05
-569936e-05
-723380e-05
-791577e-05
-776964e-05
-686846e-05
-538273e-05
-343423e-05
-126652e-05
+681974e-06
+231384e-05
+355601e-05
+418927e-05
+411620e-05
+338552e-05
+209464e-05
+511481e-06
-107167e-05
-253305e-05
-358037e-05
-397007e-05
-360472e-05
-250869e-05
-901181e-06
+102296e-05
+306888e-05
+489560e-05
+613777e-05
+667361e-05
+647876e-05
+557758e-05
+401878e-05
+199721e-05
-730687e-07
-204592e-05
-382393e-05
-516352e-05
-594292e-05
-613777e-05
-577243e-05
-489560e-05
-365343e-05
-219206e-05
-706331e-06
+657618e-06
+185107e-05
+272790e-05
+314195e-05
+316631e-05
+292275e-05
+238691e-05
+172929e-05
+107167e-05
+487125e-06
+146137e-06
+730687e-07
+194850e-06
+487125e-06
+925537e-06
+133959e-05
+158315e-05
+155880e-05
+116910e-05
+438412e-06
-560193e-06
-182672e-05
-321502e-05
-450590e-05
-550451e-05
-604034e-05
-601599e-05
-535837e-05
-406749e-05
-228949e-05
-243562e-06
+197285e-05
+421363e-05
+613777e-05
+752607e-05
+832983e-05
+847597e-05
+789142e-05
+667361e-05
+487125e-05
+253305e-05
+000000e+00
-250869e-05
-487125e-05
-674668e-05
-796449e-05
-842726e-05
-801320e-05
-684410e-05
-494431e-05
-250869e-05
+243562e-07
+248434e-05
+462768e-05
+608906e-05
+672232e-05
+650311e-05
+550451e-05
+379957e-05
+160751e-05
-633262e-06
-275225e-05
-457897e-05
-574807e-05
-616213e-05
-579678e-05
-462768e-05
-280097e-05
-657618e-06
+163187e-05
+389700e-05
+567500e-05
+672232e-05
+696588e-05
+633262e-05
+477382e-05
+245998e-05
-219206e-06
-299582e-05
-555322e-05
-750172e-05
-867082e-05
-886567e-05
-798884e-05
-621084e-05
-362908e-05
-511481e-06
+280097e-05
+591856e-05
+847597e-05
+102540e-04
+110090e-04
+105950e-04
+901180e-05
+652747e-05
+331245e-05
-292275e-06
-387264e-05
-706331e-05
-942586e-05
-107898e-04
-109847e-04
-986427e-05
-762350e-05
-460333e-05
-104732e-05
+270354e-05
+611341e-05
+879260e-05
+105706e-04
+111552e-04
+104001e-04
+847597e-05
+557758e-05
+192414e-05
-209464e-05
-599163e-05
-937715e-05
-117641e-04
-128601e-04
-126896e-04
-110821e-04
-818369e-05
-443283e-05
-219206e-06
+406749e-05
+791577e-05
+108629e-04
+125678e-04
+129088e-04
+120807e-04
+100104e-04
+694153e-05
+331245e-05
-487125e-06
-399442e-05
-689281e-05
-891438e-05
-993734e-05
-981556e-05
-862211e-05
-664925e-05
-401878e-05
-107167e-05
+180236e-05
+443283e-05
+638133e-05
+740429e-05
+752607e-05
+674668e-05
+511481e-05
+275225e-05
+974249e-07
-255740e-05
-504174e-05
-691717e-05
-794013e-05
-808627e-05
-735558e-05
-577243e-05
-348294e-05
-828112e-06
+192414e-05
+457897e-05
+672232e-05
+808627e-05
+864646e-05
+830547e-05
+711202e-05
+526095e-05
+284968e-05
+219206e-06
-233820e-05
-472511e-05
-655183e-05
-757479e-05
-784271e-05
-733122e-05
-606470e-05
-411620e-05
-170494e-05
+803756e-06
+323938e-05
+533401e-05
+681974e-05
+759914e-05
+762350e-05
+689281e-05
+550451e-05
+360472e-05
+143702e-05
-608906e-06
-236255e-05
-375086e-05
-457897e-05
-474946e-05
-431105e-05
-343423e-05
-224077e-05
-901181e-06
+267919e-06
+119346e-05
+182672e-05
+199721e-05
+170494e-05
+949893e-06
-730687e-07
-126652e-05
-258176e-05
-375086e-05
-460333e-05
-501738e-05
-489560e-05
-418927e-05
-294710e-05
-124217e-05
+657618e-06
+263047e-05
+455462e-05
+599163e-05
+674668e-05
+679539e-05
+608906e-05
+472511e-05
+280097e-05
+681974e-06
-131524e-05
-299582e-05
-411620e-05
-453026e-05
-406749e-05
-294710e-05
-143702e-05
+194850e-06
+170494e-05
+284968e-05
+331245e-05
+304453e-05
+207028e-05
+535837e-06
-138831e-05
-343423e-05
-521223e-05
-638133e-05
-674668e-05
-625955e-05
-482253e-05
-253305e-05
+170494e-06
+314195e-05
+606470e-05
+845161e-05
+101078e-04
+107411e-04
+101565e-04
+845161e-05
+582114e-05
+236255e-05
-141266e-05
-509045e-05
+000000e+00
+000000e+00
+000000e+00
+000000e+00
[ENDDATA]
