[FILEINFO]
File: D:\CMC thesis\AE software\TUNGSTEN\Vallen\T27.tra
SampleRate[Hz]: 10000000
SetsOnFile: 4
Samples: 2048
[SETINFO]
Set: 1
Index: 1
Time:  15 01:00:21 938.0585
Channel: 1
PreTriggerSamples: 100
Data: Amplitude [mV]
[DATA]
-304453e-08
-304453e-08
+000000e+00
-304453e-08
-304453e-08
+000000e+00
+000000e+00
+000000e+00
+000000e+00
+000000e+00
+000000e+00
+000000e+00
+000000e+00
+000000e+00
+000000e+00
+000000e+00
+000000e+00
+000000e+00
+000000e+00
-304453e-08
-304453e-08
+000000e+00
+000000e+00
+000000e+00
+000000e+00
+000000e+00
-304453e-08
+000000e+00
+000000e+00
+000000e+00
+000000e+00
-304453e-08
-304453e-08
-608906e-08
-608906e-08
-304453e-08
-608906e-08
-608906e-08
-304453e-08
-304453e-08
-304453e-08
-304453e-08
-304453e-08
+000000e+00
+304453e-08
+304453e-08
+000000e+00
+000000e+00
+000000e+00
-304453e-08
-304453e-08
+000000e+00
-304453e-08
-304453e-08
-304453e-08
-304453e-08
+000000e+00
+000000e+00
+304453e-08
+304453e-08
+000000e+00
+000000e+00
+000000e+00
-304453e-08
-304453e-08
-304453e-08
-304453e-08
-304453e-08
-304453e-08
+000000e+00
+000000e+00
+000000e+00
+000000e+00
+000000e+00
+000000e+00
+000000e+00
+000000e+00
+000000e+00
+000000e+00
+000000e+00
+000000e+00
-304453e-08
-304453e-08
-304453e-08
-304453e-08
-304453e-08
-304453e-08
-304453e-08
-304453e-08
-304453e-08
-304453e-08
-304453e-08
-304453e-08
-304453e-08
+000000e+00
+000000e+00
-304453e-08
-913359e-08
-182672e-07
-365343e-07
-669796e-07
-115692e-06
-182672e-06
-261829e-06
-334898e-06
-368388e-06
-313586e-06
-130915e-06
+210072e-06
+730687e-06
+139744e-05
+214335e-05
+286795e-05
+338552e-05
+348294e-05
+304453e-05
+189979e-05
+974249e-07
-238691e-05
-545580e-05
-867082e-05
-115936e-04
-137126e-04
-145407e-04
-135664e-04
-104732e-04
-533401e-05
+158315e-05
+954764e-05
+176096e-04
+246485e-04
+294467e-04
+312490e-04
+295198e-04
+240883e-04
+154418e-04
+443283e-05
-772092e-05
-194363e-04
-292518e-04
-359742e-04
-387264e-04
-370702e-04
-310785e-04
-214091e-04
-920665e-05
+414056e-05
+169519e-04
+274982e-04
+344884e-04
+368753e-04
+340987e-04
+265483e-04
+150765e-04
+107167e-05
-134934e-04
-265239e-04
-361446e-04
-408454e-04
-397250e-04
-328322e-04
-209951e-04
-572371e-05
+108629e-04
+263778e-04
+386290e-04
+458628e-04
+470075e-04
+419171e-04
+313952e-04
+169763e-04
+584549e-06
-154906e-04
-288621e-04
-378252e-04
-414056e-04
-392135e-04
-317118e-04
-202644e-04
-672232e-05
+701459e-05
+190222e-04
+275956e-04
+317118e-04
+311516e-04
+263047e-04
+180723e-04
+794013e-05
-245998e-05
-116423e-04
-183402e-04
-217501e-04
-215309e-04
-180480e-04
-119589e-04
-428670e-05
+350730e-05
+102053e-04
+148573e-04
+166597e-04
+152714e-04
+109603e-04
+435977e-05
-348294e-05
-113987e-04
-181210e-04
-224808e-04
-237473e-04
-215065e-04
-160020e-04
-786706e-05
+180236e-05
+115692e-04
+199721e-04
+255497e-04
+274008e-04
+251113e-04
+187299e-04
+898745e-05
-265483e-05
-144676e-04
-246972e-04
-315900e-04
-339282e-04
-311760e-04
-235768e-04
-120807e-04
+180236e-05
+159533e-04
+282776e-04
+370458e-04
+409428e-04
+394571e-04
+329296e-04
+224564e-04
+959635e-05
-377522e-05
-157098e-04
-246241e-04
-295441e-04
-300799e-04
-265726e-04
-198747e-04
-112769e-04
-224077e-05
+604034e-05
+125678e-04
+167814e-04
+186325e-04
+184864e-04
+168058e-04
+140779e-04
+108629e-04
+742865e-05
+370215e-05
-219206e-06
-435977e-05
-879260e-05
-131767e-04
-170494e-04
-199234e-04
-212873e-04
-206054e-04
-177800e-04
-131767e-04
-720944e-05
-608906e-06
+565065e-05
+106680e-04
+140292e-04
+154418e-04
+148573e-04
+128114e-04
+966942e-05
+586985e-05
+187543e-05
-221642e-05
-618648e-05
-996170e-05
-133229e-04
-158072e-04
-170737e-04
-165135e-04
-136882e-04
-837854e-05
-828112e-06
+813498e-05
+174147e-04
+254035e-04
+304696e-04
+315170e-04
+279122e-04
+197285e-04
+803756e-05
-540708e-05
-183890e-04
-285699e-04
-343179e-04
-344884e-04
-289596e-04
-186325e-04
-494431e-05
+981556e-05
+231384e-04
+329540e-04
+377278e-04
+367779e-04
+303966e-04
+195337e-04
+596728e-05
-823241e-05
-208976e-04
-301530e-04
-348538e-04
-341961e-04
-283994e-04
-184133e-04
-567500e-05
+784271e-05
+201182e-04
+293005e-04
+340013e-04
+334167e-04
+275225e-04
+170006e-04
+321502e-05
-118371e-04
-259394e-04
-371676e-04
-437194e-04
-444988e-04
-392866e-04
-286186e-04
-139074e-04
+302017e-05
+197285e-04
+338795e-04
+435246e-04
+473485e-04
+449372e-04
+365587e-04
+235281e-04
+774528e-05
-867082e-05
-233820e-04
-344884e-04
-407723e-04
-416492e-04
-373381e-04
-286916e-04
-169763e-04
-370215e-05
+959635e-05
+213848e-04
+305184e-04
+362177e-04
+379226e-04
+356088e-04
+293980e-04
+198503e-04
+789142e-05
-535837e-05
-182428e-04
-291788e-04
-368510e-04
-401147e-04
-383854e-04
-316387e-04
-207028e-04
-708766e-05
+759914e-05
+213117e-04
+321746e-04
+389456e-04
+408454e-04
+379226e-04
+308593e-04
+208002e-04
+906052e-05
-294710e-05
-138343e-04
-225782e-04
-285699e-04
-313465e-04
-308106e-04
-273277e-04
-212386e-04
-131767e-04
-418927e-05
+484689e-05
+128357e-04
+186569e-04
+216040e-04
+212143e-04
+175852e-04
+112039e-04
+302017e-05
-574807e-05
-137369e-04
-196311e-04
-226026e-04
-221398e-04
-182672e-04
-114961e-04
-282532e-05
+662489e-05
+154906e-04
+224564e-04
+267188e-04
+275469e-04
+247459e-04
+185838e-04
+976685e-05
-608906e-06
-110821e-04
-201913e-04
-265726e-04
-292031e-04
-275956e-04
-218962e-04
-128357e-04
-163187e-05
+993734e-05
+201426e-04
+274982e-04
+308350e-04
+296659e-04
+241857e-04
+152470e-04
+421363e-05
-737994e-05
-178531e-04
-255740e-04
-294954e-04
-291301e-04
-244293e-04
-160995e-04
-523659e-05
+667361e-05
+180236e-04
+271816e-04
+326617e-04
+336603e-04
+299094e-04
+217501e-04
+100104e-04
-377522e-05
-176583e-04
-297633e-04
-384828e-04
-425747e-04
-412351e-04
-347076e-04
-238935e-04
-998605e-05
+513916e-05
+194606e-04
+312978e-04
+390917e-04
+418684e-04
+394571e-04
+322233e-04
+211412e-04
+752607e-05
-686846e-05
-202157e-04
-311273e-04
-382393e-04
-407723e-04
-385559e-04
-317605e-04
-212143e-04
-801320e-05
+628391e-05
+200452e-04
+319067e-04
+403339e-04
+442553e-04
+432323e-04
+371676e-04
+266701e-04
+129575e-04
-260612e-05
-180236e-04
-312734e-04
-406018e-04
-445719e-04
-425990e-04
-346589e-04
-216040e-04
-516352e-05
+124704e-04
+287160e-04
+410890e-04
+478113e-04
+477626e-04
+407967e-04
+278392e-04
+107167e-04
-806191e-05
-257689e-04
-399199e-04
-486637e-04
-508802e-04
-464473e-04
-361203e-04
-213848e-04
-433541e-05
+126652e-04
+274982e-04
+384098e-04
+442066e-04
+444014e-04
+391648e-04
+293249e-04
+161482e-04
+129088e-05
-133716e-04
-261099e-04
-355601e-04
-406993e-04
-410159e-04
-365831e-04
-281558e-04
-168302e-04
-384828e-05
+920665e-05
+207028e-04
+294710e-04
+347320e-04
+359011e-04
+329053e-04
+262560e-04
+168302e-04
+560193e-05
-621084e-05
-170250e-04
-255984e-04
-310298e-04
-326130e-04
-301774e-04
-238935e-04
-145407e-04
-328809e-05
+837854e-05
+189491e-04
+270111e-04
+313952e-04
+316387e-04
+277417e-04
+202157e-04
+102053e-04
-803756e-06
-112526e-04
-196798e-04
-248921e-04
-263047e-04
-239422e-04
-181941e-04
-100348e-04
-657618e-06
+845161e-05
+160264e-04
+211412e-04
+230897e-04
+217014e-04
+173903e-04
+109847e-04
+348294e-05
-399442e-05
-103758e-04
-147842e-04
-167327e-04
-160995e-04
-132498e-04
-876824e-05
-345858e-05
+165622e-05
+582114e-05
+850032e-05
+935279e-05
+842726e-05
+601599e-05
+248434e-05
-143702e-05
-511481e-05
-808627e-05
-981556e-05
-100591e-04
-879260e-05
-623519e-05
-265483e-05
+146137e-05
+548015e-05
+884131e-05
+109847e-04
+115205e-04
+102053e-04
+713637e-05
+258176e-05
-287404e-05
-845161e-05
-133229e-04
-167571e-04
-182915e-04
-175365e-04
-145163e-04
-954764e-05
-321502e-05
+384828e-05
+108142e-04
+168545e-04
+213848e-04
+238447e-04
+239178e-04
+216040e-04
+171468e-04
+110090e-04
+379957e-05
-377522e-05
-109116e-04
-169276e-04
-211412e-04
-230410e-04
-224321e-04
-193145e-04
-140048e-04
-699024e-05
+949893e-06
+876824e-05
+156854e-04
+210681e-04
+241370e-04
+245754e-04
+223590e-04
+176826e-04
+111064e-04
+336116e-05
-479818e-05
-125435e-04
-190222e-04
-236012e-04
-258663e-04
-256715e-04
-230166e-04
-180967e-04
-113013e-04
-323938e-05
+543144e-05
+139805e-04
+215309e-04
+272546e-04
+303722e-04
+303235e-04
+267919e-04
+197529e-04
+969378e-05
-241127e-05
-152226e-04
-270841e-04
-364369e-04
-418927e-04
-424042e-04
-376547e-04
-280827e-04
-148086e-04
+511481e-06
+157585e-04
+288134e-04
+379957e-04
+421363e-04
+407480e-04
+342205e-04
+236255e-04
+104488e-04
-345858e-05
-161725e-04
-261829e-04
-323938e-04
-342936e-04
-318823e-04
-255740e-04
-162212e-04
-491996e-05
+696588e-05
+181210e-04
+272546e-04
+333193e-04
+356819e-04
+338552e-04
+280097e-04
+186812e-04
+689281e-05
-594292e-05
-183646e-04
-286186e-04
-354140e-04
-378983e-04
-354870e-04
-285211e-04
-178531e-04
-465204e-05
+930408e-05
+220424e-04
+319067e-04
+375817e-04
+383123e-04
+340744e-04
+253061e-04
+131767e-04
-608906e-06
-142727e-04
-259881e-04
-341231e-04
-374355e-04
-354383e-04
-285942e-04
-177557e-04
-426234e-05
+976685e-05
+221155e-04
+309811e-04
+350730e-04
+336360e-04
+268406e-04
+158315e-04
+219206e-05
-119346e-04
-242832e-04
-331001e-04
-369728e-04
-353409e-04
-287647e-04
-182672e-04
-535837e-05
+796449e-05
+196555e-04
+280827e-04
+322233e-04
+317362e-04
+269136e-04
+186325e-04
+830547e-05
-245998e-05
-122512e-04
-198260e-04
-242588e-04
-253061e-04
-231871e-04
-184620e-04
-118615e-04
-435977e-05
+297146e-05
+945022e-05
+147112e-04
+183159e-04
+201182e-04
+202644e-04
+188761e-04
+159777e-04
+117153e-04
+633262e-05
+170494e-06
-628391e-05
-125435e-04
-177557e-04
-211168e-04
-220667e-04
-201670e-04
-154418e-04
-830547e-05
+389700e-06
+923101e-05
+169276e-04
+224077e-04
+246241e-04
+231141e-04
+181210e-04
+104001e-04
+112039e-05
-830547e-05
-163917e-04
-219937e-04
-241857e-04
-225782e-04
-176096e-04
-100348e-04
-901181e-06
+832983e-05
+163674e-04
+220424e-04
+243806e-04
+230166e-04
+180723e-04
+102783e-04
+633262e-06
-947457e-05
-185594e-04
-253548e-04
-287891e-04
-283263e-04
-240152e-04
-164161e-04
-640569e-05
+448155e-05
+146624e-04
+229192e-04
+281314e-04
+296172e-04
+271816e-04
+212873e-04
+127140e-04
+258176e-05
-776964e-05
-171711e-04
-244049e-04
-286673e-04
-295198e-04
-268649e-04
-209951e-04
-125191e-04
-241127e-05
+811062e-05
+179018e-04
+258176e-04
+307376e-04
+321015e-04
+296902e-04
+236012e-04
+144920e-04
+340987e-05
-832983e-05
-193145e-04
-279853e-04
-331245e-04
-340744e-04
-305914e-04
-229679e-04
-120563e-04
+828112e-06
+139805e-04
+256471e-04
+342449e-04
+386290e-04
+381419e-04
+326861e-04
+230653e-04
+104245e-04
-353165e-05
-168789e-04
-278635e-04
-351460e-04
-379714e-04
-360959e-04
-299338e-04
-205567e-04
-927972e-05
+233820e-05
+127870e-04
+209707e-04
+260612e-04
+278148e-04
+264022e-04
+223347e-04
+163674e-04
+940150e-05
+214335e-05
-484689e-05
-110334e-04
-160751e-04
-196311e-04
-215309e-04
-217501e-04
-201670e-04
-168302e-04
-118858e-04
-550451e-05
+175365e-05
+910923e-05
+159046e-04
+214335e-04
+247946e-04
+254279e-04
+232358e-04
+181697e-04
+105950e-04
+143702e-05
-825676e-05
-172929e-04
-243319e-04
-283750e-04
-288134e-04
-253548e-04
-182915e-04
-842726e-05
+299582e-05
+143945e-04
+242344e-04
+312003e-04
+342449e-04
+328809e-04
+273033e-04
+181941e-04
+679539e-05
-526095e-05
-163917e-04
-251113e-04
-303479e-04
-315900e-04
-287891e-04
-224321e-04
-134446e-04
-309324e-05
+723380e-05
+161238e-04
+224808e-04
+255253e-04
+249408e-04
+209220e-04
+140048e-04
+518788e-05
-431105e-05
-131280e-04
-201182e-04
-244049e-04
-255497e-04
-236012e-04
-188517e-04
-120076e-04
-414056e-05
+379957e-05
+109603e-04
+165135e-04
+200452e-04
+213117e-04
+202400e-04
+171955e-04
+124704e-04
+645440e-05
-146137e-06
-679539e-05
-128357e-04
-175608e-04
-204836e-04
-210681e-04
-190466e-04
-145407e-04
-779399e-05
+462768e-06
+908487e-05
+170737e-04
+233089e-04
+268649e-04
+271816e-04
+241614e-04
+181210e-04
+981556e-05
+316631e-06
-908487e-05
-171224e-04
-228705e-04
-255497e-04
-250138e-04
-213848e-04
-152470e-04
-740429e-05
+114474e-05
+913359e-05
+157828e-04
+203618e-04
+223834e-04
+217501e-04
+186812e-04
+136638e-04
+723380e-05
+194850e-06
-664925e-05
-126652e-04
-171711e-04
-197773e-04
-203862e-04
-189491e-04
-155880e-04
-106680e-04
-484689e-05
+124217e-05
+691717e-05
+114961e-04
+145163e-04
+155393e-04
+143215e-04
+111308e-04
+640569e-05
+876824e-06
-460333e-05
-930408e-05
-123243e-04
-131767e-04
-119346e-04
-869517e-05
-397007e-05
+119346e-05
+591856e-05
+942586e-05
+110090e-04
+103758e-04
+776964e-05
+367779e-05
-107167e-05
-552886e-05
-881695e-05
-102296e-04
-940150e-05
-647876e-05
-194850e-05
+350730e-05
+886567e-05
+130549e-04
+152226e-04
+149791e-04
+122512e-04
+735558e-05
+974249e-06
-589421e-05
-120076e-04
-163430e-04
-181697e-04
-170006e-04
-129575e-04
-657618e-05
+133959e-05
+949893e-05
+166840e-04
+218962e-04
+241857e-04
+230653e-04
+186325e-04
+114961e-04
+265483e-05
-681974e-05
-154906e-04
-221155e-04
-258420e-04
-262073e-04
-233820e-04
-177557e-04
-102540e-04
-197285e-05
+596728e-05
+124217e-04
+166109e-04
+181941e-04
+171955e-04
+140048e-04
+930408e-05
+387264e-05
-133959e-05
-567500e-05
-881695e-05
-105462e-04
-108872e-04
-100104e-04
-835419e-05
-643004e-05
-440848e-05
-248434e-05
-828112e-06
+633262e-06
+207028e-05
+353165e-05
+496867e-05
+633262e-05
+750172e-05
+837854e-05
+869517e-05
+823241e-05
+694153e-05
+474946e-05
+180236e-05
-146137e-05
-474946e-05
-774528e-05
-998605e-05
-110577e-04
-106924e-04
-889002e-05
-582114e-05
-180236e-05
+282532e-05
+742865e-05
+114231e-04
+144432e-04
+160508e-04
+160264e-04
+142240e-04
+109359e-04
+645440e-05
+109603e-05
-455462e-05
-996170e-05
-145407e-04
-176826e-04
-190222e-04
-183646e-04
-155149e-04
-106924e-04
-438412e-05
+267919e-05
+957200e-05
+154906e-04
+194850e-04
+207515e-04
+190466e-04
+144189e-04
+728251e-05
-133959e-05
-101322e-04
-179262e-04
-235281e-04
-259881e-04
-249408e-04
-204105e-04
-129575e-04
-372650e-05
+604034e-05
+148817e-04
+215065e-04
+249651e-04
+248190e-04
+211656e-04
+145163e-04
+594292e-05
-321502e-05
-115936e-04
-179018e-04
-212630e-04
-212873e-04
-180480e-04
-121538e-04
-457897e-05
+340987e-05
+104975e-04
+156611e-04
+181941e-04
+178531e-04
+148573e-04
+991298e-05
+399442e-05
-185107e-05
-650311e-05
-937715e-05
-101565e-04
-876824e-05
-572371e-05
-180236e-05
+231384e-05
+572371e-05
+772092e-05
+806191e-05
+677103e-05
+411620e-05
+657618e-06
-294710e-05
-599163e-05
-791577e-05
-854904e-05
-781835e-05
-594292e-05
-321502e-05
-146137e-06
+277661e-05
+518788e-05
+664925e-05
+711202e-05
+662489e-05
+521223e-05
+297146e-05
+292275e-06
-253305e-05
-530966e-05
-762350e-05
-927972e-05
-100591e-04
-974249e-05
-832983e-05
-594292e-05
-270354e-05
+949893e-06
+457897e-05
+789142e-05
+104975e-04
+120076e-04
+122512e-04
+112039e-04
+889002e-05
+550451e-05
+141266e-05
-306888e-05
-747736e-05
-112769e-04
-141510e-04
-155636e-04
-151739e-04
-129332e-04
-881695e-05
-316631e-05
+328809e-05
+971814e-05
+153444e-04
+192901e-04
+208489e-04
+196798e-04
+158072e-04
+976685e-05
+238691e-05
-538273e-05
-124460e-04
-176826e-04
-204592e-04
-203862e-04
-174878e-04
-122268e-04
-526095e-05
+241127e-05
+971814e-05
+158072e-04
+199234e-04
+214822e-04
+202644e-04
+164892e-04
+107167e-04
+360472e-05
-394571e-05
-110334e-04
-167814e-04
-205079e-04
-218962e-04
-208733e-04
-177313e-04
-129088e-04
-694153e-05
-535837e-06
+567500e-05
+111795e-04
+155880e-04
+185594e-04
+198503e-04
+193876e-04
+170981e-04
+129819e-04
+723380e-05
+340987e-06
-711202e-05
-142484e-04
-200939e-04
-237960e-04
-246241e-04
-222372e-04
-166840e-04
-857339e-05
+107167e-05
+108872e-04
+194119e-04
+253792e-04
+278392e-04
+264996e-04
+215309e-04
+136395e-04
+401878e-05
-601599e-05
-149304e-04
-216040e-04
-252087e-04
-254279e-04
-224077e-04
-166109e-04
-906052e-05
-730687e-06
+735558e-05
+141510e-04
+188517e-04
+210925e-04
+207028e-04
+178044e-04
+129575e-04
+679539e-05
+146137e-06
-621084e-05
-115692e-04
-153444e-04
-171711e-04
-169032e-04
-147599e-04
-111552e-04
-657618e-05
-163187e-05
+316631e-05
+730687e-05
+103027e-04
+119589e-04
+122755e-04
+114231e-04
+952329e-05
+691717e-05
+397007e-05
+998605e-06
-175365e-05
-416492e-05
-604034e-05
-730687e-05
-801320e-05
-815934e-05
-774528e-05
-677103e-05
-511481e-05
-282532e-05
-121781e-06
+292275e-05
+596728e-05
+857339e-05
+104488e-04
+111795e-04
+104732e-04
+832983e-05
+494431e-05
+706331e-06
-384828e-05
-801320e-05
-111308e-04
-126409e-04
-122512e-04
-988863e-05
-589421e-05
-998605e-06
+426234e-05
+908487e-05
+125678e-04
+142971e-04
+139805e-04
+116910e-04
+781835e-05
+277661e-05
-267919e-05
-772092e-05
-116910e-04
-142971e-04
-151983e-04
-141266e-04
-114474e-04
-759914e-05
-282532e-05
+233820e-05
+720944e-05
+112769e-04
+141997e-04
+154662e-04
+147112e-04
+120320e-04
+755043e-05
+155880e-05
-538273e-05
-123243e-04
-181941e-04
-221642e-04
-234063e-04
-213604e-04
-160508e-04
-794013e-05
+197285e-05
+123486e-04
+216283e-04
+283507e-04
+313221e-04
+298607e-04
+240640e-04
+145894e-04
+267919e-05
-998605e-05
-214091e-04
-299338e-04
-343666e-04
-339282e-04
-286916e-04
-192658e-04
-691717e-05
+647876e-05
+192171e-04
+296659e-04
+361934e-04
+379714e-04
+349268e-04
+274008e-04
+163674e-04
+331245e-05
-101322e-04
-220911e-04
-309324e-04
-358280e-04
-360959e-04
-317118e-04
-234794e-04
-124460e-04
+243562e-07
+123243e-04
+229192e-04
+305427e-04
+343179e-04
+338308e-04
+291057e-04
+208002e-04
+988863e-05
-241127e-05
-145163e-04
-249651e-04
-323694e-04
-357793e-04
-346589e-04
-290813e-04
-198016e-04
-798884e-05
+472511e-05
+165866e-04
+259150e-04
+314682e-04
+325156e-04
+289596e-04
+215065e-04
+112769e-04
-267919e-06
-112526e-04
-201670e-04
-259150e-04
-278148e-04
-259637e-04
-207759e-04
-131280e-04
-438412e-05
+433541e-05
+119589e-04
+175121e-04
+206297e-04
+211656e-04
+193145e-04
+155636e-04
+104732e-04
+462768e-05
-131524e-05
-677103e-05
-113500e-04
-146624e-04
-164892e-04
-164648e-04
-145163e-04
-108142e-04
-550451e-05
+974249e-06
+794013e-05
+145407e-04
+199478e-04
+234063e-04
+241857e-04
+218475e-04
+164892e-04
+869517e-05
-803756e-06
-108385e-04
-199965e-04
-269623e-04
-306645e-04
-305671e-04
-264996e-04
-187787e-04
-845161e-05
+311760e-05
+144189e-04
+239178e-04
+303722e-04
+328809e-04
+311516e-04
+253548e-04
+161482e-04
+465204e-05
-779399e-05
-196311e-04
-294223e-04
-360959e-04
-387751e-04
-370702e-04
-310542e-04
-212873e-04
-869517e-05
+533401e-05
+190953e-04
+311516e-04
+397981e-04
+437681e-04
+426234e-04
+361690e-04
+250626e-04
+106437e-04
-538273e-05
-209220e-04
-339039e-04
-425503e-04
-456923e-04
-429644e-04
-346346e-04
-218232e-04
-640569e-05
+969378e-05
+243319e-04
+355844e-04
+421850e-04
+435489e-04
+398711e-04
+317362e-04
+203862e-04
+740429e-05
-569936e-05
-173173e-04
-263291e-04
-320284e-04
-339769e-04
-321989e-04
-270111e-04
-189491e-04
-896309e-05
+182672e-05
+123973e-04
+214822e-04
+281314e-04
+315900e-04
+312734e-04
+271328e-04
+195093e-04
+920665e-05
-253305e-05
-141997e-04
-243075e-04
-315170e-04
-348294e-04
-337334e-04
-284237e-04
-194850e-04
-813498e-05
+389700e-05
+150521e-04
+238691e-04
+291301e-04
+302261e-04
+272546e-04
+207759e-04
+118128e-04
+180236e-05
-781835e-05
-157828e-04
-211899e-04
-235768e-04
-228705e-04
-194850e-04
-141753e-04
-769657e-05
-852468e-06
+555322e-05
+109116e-04
+149304e-04
+172929e-04
+178288e-04
+166353e-04
+137369e-04
+937715e-05
+389700e-05
-207028e-05
-786706e-05
-127627e-04
-160751e-04
-172686e-04
-158803e-04
-120320e-04
-621084e-05
+901181e-06
+823241e-05
+145894e-04
+189491e-04
+206541e-04
+194606e-04
+153931e-04
+915794e-05
+172929e-05
-591856e-05
-126409e-04
-175121e-04
-198990e-04
-196555e-04
-169763e-04
-122512e-04
-628391e-05
+487125e-07
+604034e-05
+108629e-04
+141266e-04
+155636e-04
+149791e-04
+126652e-04
+889002e-05
+409185e-05
-114474e-05
-623519e-05
-106924e-04
-139805e-04
-155393e-04
-151496e-04
-127870e-04
-857339e-05
-287404e-05
+370215e-05
+102053e-04
+156854e-04
+192658e-04
+202157e-04
+182428e-04
+133472e-04
+604034e-05
-263047e-05
-114231e-04
-189979e-04
-240640e-04
-257202e-04
-236743e-04
-179749e-04
-940150e-05
+828112e-06
+113256e-04
+203862e-04
+266701e-04
+293005e-04
+278392e-04
+225052e-04
+141023e-04
+370215e-05
-730687e-05
-173660e-04
-250869e-04
-295198e-04
-301530e-04
-268893e-04
-200695e-04
-106437e-04
+219206e-06
+111795e-04
+207759e-04
+279366e-04
+317118e-04
+316387e-04
+276687e-04
+201670e-04
+100835e-04
-148573e-05
-131767e-04
-234794e-04
-311029e-04
-350486e-04
-346346e-04
-298851e-04
-213117e-04
-976685e-05
+331245e-05
+161969e-04
+271572e-04
+347076e-04
+378252e-04
+360716e-04
+295441e-04
+190709e-04
+618648e-05
-750172e-05
-202157e-04
-301287e-04
-359985e-04
-372894e-04
-338795e-04
-263047e-04
-156854e-04
-343423e-05
+881695e-05
+196555e-04
+277905e-04
+324425e-04
+332463e-04
+302017e-04
+238447e-04
+149547e-04
+455462e-05
-635698e-05
-164405e-04
-245267e-04
-298364e-04
-317118e-04
-298851e-04
-244537e-04
-160020e-04
-545580e-05
+599163e-05
+168302e-04
+256228e-04
+312490e-04
+329296e-04
+304209e-04
+240152e-04
+146137e-04
+338552e-05
-815934e-05
-183890e-04
-259394e-04
-298364e-04
-295928e-04
-254035e-04
-179262e-04
-828112e-05
+207028e-05
+117884e-04
+194606e-04
+240396e-04
+251843e-04
+228705e-04
+174634e-04
+100348e-04
+168058e-05
-640569e-05
-129575e-04
-172199e-04
-187056e-04
-173416e-04
-135908e-04
-815934e-05
-199721e-05
+389700e-05
+867082e-05
+115205e-04
+121294e-04
+105706e-04
+718509e-05
+260612e-05
-236255e-05
-684410e-05
-102540e-04
-119833e-04
-117641e-04
-974249e-05
-628391e-05
-204592e-05
+245998e-05
+647876e-05
+937715e-05
+108142e-04
+105219e-04
+864646e-05
+555322e-05
+172929e-05
-226513e-05
-577243e-05
-823241e-05
-923101e-05
-857339e-05
-645440e-05
-314195e-05
+876824e-06
+491996e-05
+837854e-05
+107167e-04
+115449e-04
+106437e-04
+820805e-05
+472511e-05
+706331e-06
-321502e-05
-635698e-05
-823241e-05
-862211e-05
-757479e-05
-535837e-05
-243562e-05
+511481e-06
+306888e-05
+482253e-05
+548015e-05
+513916e-05
+401878e-05
+250869e-05
+998605e-06
-146137e-06
-803756e-06
-102296e-05
-925537e-06
-730687e-06
-706331e-06
-107167e-05
-185107e-05
-294710e-05
-418927e-05
-533401e-05
-606470e-05
-616213e-05
-557758e-05
-431105e-05
-253305e-05
-608906e-06
+133959e-05
+316631e-05
+460333e-05
+552886e-05
+589421e-05
+572371e-05
+506610e-05
+387264e-05
+211899e-05
+000000e+00
-245998e-05
-511481e-05
-759914e-05
-952329e-05
-104975e-04
-100591e-04
-801320e-05
-448155e-05
+292275e-06
+577243e-05
+111795e-04
+156123e-04
+182428e-04
+185107e-04
+161969e-04
+114961e-04
+501738e-05
-231384e-05
-927972e-05
-148086e-04
-179749e-04
-182915e-04
-156611e-04
-104975e-04
-370215e-05
+370215e-05
+104732e-04
+155636e-04
+181454e-04
+178775e-04
+147842e-04
+940150e-05
+270354e-05
-443283e-05
-109603e-04
-159046e-04
-184620e-04
-183890e-04
-157585e-04
-109116e-04
-465204e-05
+224077e-05
+884131e-05
+141997e-04
+176339e-04
+187543e-04
+174634e-04
+138831e-04
+840290e-05
+170494e-05
-540708e-05
-120076e-04
-172199e-04
-204105e-04
-211412e-04
-192414e-04
-149060e-04
-847597e-05
-681974e-06
+742865e-05
+147355e-04
+202157e-04
+230897e-04
+227487e-04
+190709e-04
+124460e-04
+370215e-05
-606470e-05
-153931e-04
-228461e-04
-274008e-04
-282776e-04
-252331e-04
-186569e-04
-952329e-05
+876824e-06
+110821e-04
+195824e-04
+251843e-04
+272303e-04
+257202e-04
+209951e-04
+138100e-04
+533401e-05
-311760e-05
-104732e-04
-159777e-04
-189248e-04
-191927e-04
-169763e-04
-125678e-04
-667361e-05
-121781e-06
+635698e-05
+120807e-04
+163674e-04
+187299e-04
+189735e-04
+170737e-04
+132498e-04
+798884e-05
+185107e-05
-443283e-05
-100835e-04
-145163e-04
-171955e-04
-178288e-04
-164648e-04
-133229e-04
-879260e-05
-340987e-05
+211899e-05
+708766e-05
+110334e-04
+136638e-04
+146624e-04
+139074e-04
+115936e-04
+801320e-05
+343423e-05
-153444e-05
-628391e-05
-104975e-04
-136151e-04
-152226e-04
-152714e-04
-137369e-04
-107655e-04
-672232e-05
-204592e-05
+284968e-05
+730687e-05
+106924e-04
+125922e-04
+128357e-04
+115205e-04
+869517e-05
+467640e-05
+730687e-07
-440848e-05
-815934e-05
-107655e-04
-117397e-04
-108629e-04
-845161e-05
-487125e-05
-657618e-06
+358037e-05
+723380e-05
+981556e-05
+110334e-04
+108385e-04
+947457e-05
+728251e-05
+460333e-05
+189979e-05
-389700e-06
-219206e-05
-348294e-05
-431105e-05
-477382e-05
-494431e-05
-494431e-05
-477382e-05
-431105e-05
-348294e-05
-216770e-05
-340987e-06
+189979e-05
+445719e-05
+684410e-05
+862211e-05
+947457e-05
+903616e-05
+718509e-05
+397007e-05
-243562e-06
-487125e-05
-937715e-05
-129088e-04
-149060e-04
-150521e-04
-132254e-04
-959635e-05
-453026e-05
+114474e-05
+667361e-05
+113013e-04
+144920e-04
+158072e-04
+150278e-04
+124217e-04
+830547e-05
+311760e-05
-236255e-05
-745301e-05
-116423e-04
-145650e-04
-159533e-04
-156611e-04
-137613e-04
-102783e-04
-565065e-05
-438412e-06
+499303e-05
+100835e-04
+142484e-04
+169519e-04
+178044e-04
+165622e-04
+132498e-04
+815934e-05
+187543e-05
-474946e-05
-108142e-04
-154175e-04
-178288e-04
-176096e-04
-146868e-04
-952329e-05
-292275e-05
+423798e-05
+108142e-04
+158072e-04
+184620e-04
+184377e-04
+157828e-04
+000000e+00
+000000e+00
+000000e+00
+000000e+00
[ENDDATA]
