[FILEINFO]
File: D:\CMC thesis\AE software\TUNGSTEN\Vallen\T27.tra
SampleRate[Hz]: 10000000
SetsOnFile: 4
Samples: 2048
[SETINFO]
Set: 2
Index: 2
Time:  15 01:00:21 938.0603
Channel: 2
PreTriggerSamples: 100
Data: Amplitude [mV]
[DATA]
+000000e+00
-304453e-08
-304453e-08
+000000e+00
+000000e+00
+000000e+00
+000000e+00
+000000e+00
+304453e-08
+304453e-08
+000000e+00
+000000e+00
-304453e-08
-304453e-08
-304453e-08
-304453e-08
+000000e+00
+000000e+00
+000000e+00
+000000e+00
-304453e-08
+000000e+00
+000000e+00
+000000e+00
+000000e+00
-304453e-08
-304453e-08
-304453e-08
-304453e-08
-304453e-08
-608906e-08
-608906e-08
-608906e-08
-608906e-08
-608906e-08
-304453e-08
-304453e-08
-304453e-08
+000000e+00
-304453e-08
-304453e-08
+000000e+00
+304453e-08
+000000e+00
-304453e-08
-304453e-08
+000000e+00
+000000e+00
+000000e+00
+000000e+00
+000000e+00
+000000e+00
+000000e+00
+000000e+00
+000000e+00
+304453e-08
+304453e-08
+000000e+00
+000000e+00
+000000e+00
+000000e+00
+304453e-08
+000000e+00
+000000e+00
+000000e+00
-304453e-08
-304453e-08
+000000e+00
+000000e+00
+000000e+00
-304453e-08
-304453e-08
+000000e+00
+000000e+00
+000000e+00
+000000e+00
+000000e+00
+000000e+00
+000000e+00
+000000e+00
+000000e+00
+000000e+00
+304453e-08
+000000e+00
-304453e-08
+000000e+00
-304453e-08
-304453e-08
-304453e-08
-304453e-08
-304453e-08
-608906e-08
-608906e-08
-608906e-08
-608906e-08
-913359e-08
-121781e-07
-152226e-07
-213117e-07
-365343e-07
-578460e-07
-913359e-07
-137004e-06
-188761e-06
-234429e-06
-249651e-06
-200939e-06
-791577e-07
+137004e-06
+447546e-06
+818978e-06
+119650e-05
+151313e-05
+168667e-05
+165318e-05
+137004e-05
+843334e-06
+118737e-06
-736776e-06
-173843e-05
-265483e-05
-331245e-05
-387264e-05
-428670e-05
-445719e-05
-431105e-05
-377522e-05
-289839e-05
-155880e-05
+194850e-06
+224077e-05
+455462e-05
+674668e-05
+852468e-05
+964507e-05
+983992e-05
+910923e-05
+740429e-05
+484689e-05
+175365e-05
-151009e-05
-462768e-05
-723380e-05
-910923e-05
-101809e-04
-101322e-04
-901180e-05
-720944e-05
-479818e-05
-194850e-05
+852468e-06
+340987e-05
+543144e-05
+662489e-05
+696588e-05
+645440e-05
+509045e-05
+289839e-05
+414056e-06
-207028e-05
-443283e-05
-623519e-05
-728251e-05
-745301e-05
-677103e-05
-530966e-05
-311760e-05
-584549e-06
+204592e-05
+457897e-05
+655183e-05
+774528e-05
+806191e-05
+750172e-05
+621084e-05
+426234e-05
+194850e-05
-243562e-06
-216770e-05
-358037e-05
-431105e-05
-433541e-05
-365343e-05
-245998e-05
-974249e-06
+511481e-06
+187543e-05
+294710e-05
+360472e-05
+377522e-05
+338552e-05
+255740e-05
+141266e-05
+146137e-06
-119346e-05
-258176e-05
-382393e-05
-477382e-05
-535837e-05
-548015e-05
-509045e-05
-414056e-05
-263047e-05
-803756e-06
+121781e-05
+331245e-05
+506610e-05
+611341e-05
+635698e-05
+574807e-05
+416492e-05
+185107e-05
-706331e-06
-328809e-05
-548015e-05
-686846e-05
-733122e-05
-684410e-05
-550451e-05
-348294e-05
-119346e-05
+949893e-06
+275225e-05
+404313e-05
+457897e-05
+433541e-05
+350730e-05
+224077e-05
+779399e-06
-560193e-06
-170494e-05
-253305e-05
-287404e-05
-267919e-05
-199721e-05
-949893e-06
+267919e-06
+155880e-05
+280097e-05
+379957e-05
+443283e-05
+455462e-05
+416492e-05
+336116e-05
+221642e-05
+901181e-06
-316631e-06
-143702e-05
-238691e-05
-294710e-05
-306888e-05
-272790e-05
-199721e-05
-998605e-06
+730687e-07
+107167e-05
+197285e-05
+260612e-05
+280097e-05
+255740e-05
+194850e-05
+109603e-05
+243562e-06
-608906e-06
-143702e-05
-214335e-05
-272790e-05
-311760e-05
-336116e-05
-348294e-05
-340987e-05
-316631e-05
-265483e-05
-177800e-05
-681974e-06
+487125e-06
+175365e-05
+292275e-05
+375086e-05
+411620e-05
+384828e-05
+304453e-05
+182672e-05
+414056e-06
-974249e-06
-226513e-05
-316631e-05
-350730e-05
-340987e-05
-294710e-05
-214335e-05
-121781e-05
-414056e-06
+194850e-06
+657618e-06
+974249e-06
+109603e-05
+104732e-05
+876824e-06
+633262e-06
+292275e-06
-730687e-07
-462768e-06
-925537e-06
-133959e-05
-158315e-05
-163187e-05
-141266e-05
-852468e-06
-121781e-06
+779399e-06
+192414e-05
+299582e-05
+384828e-05
+443283e-05
+462768e-05
+438412e-05
+370215e-05
+277661e-05
+168058e-05
+535837e-06
-560193e-06
-160751e-05
-250869e-05
-316631e-05
-353165e-05
-360472e-05
-338552e-05
-289839e-05
-209464e-05
-107167e-05
-730687e-07
+949893e-06
+197285e-05
+275225e-05
+316631e-05
+316631e-05
+270354e-05
+182672e-05
+706331e-06
-511481e-06
-180236e-05
-297146e-05
-379957e-05
-426234e-05
-431105e-05
-394571e-05
-326373e-05
-236255e-05
-131524e-05
-365343e-06
+487125e-06
+126652e-05
+197285e-05
+255740e-05
+292275e-05
+309324e-05
+306888e-05
+280097e-05
+219206e-05
+131524e-05
+340987e-06
-755043e-06
-194850e-05
-299582e-05
-372650e-05
-406749e-05
-399442e-05
-348294e-05
-255740e-05
-138831e-05
-219206e-06
+998605e-06
+228949e-05
+338552e-05
+418927e-05
+467640e-05
+477382e-05
+445719e-05
+370215e-05
+258176e-05
+126652e-05
-974249e-07
-141266e-05
-258176e-05
-338552e-05
-367779e-05
-343423e-05
-270354e-05
-155880e-05
-267919e-06
+974249e-06
+219206e-05
+309324e-05
+348294e-05
+336116e-05
+277661e-05
+177800e-05
+560193e-06
-706331e-06
-197285e-05
-294710e-05
-345858e-05
-348294e-05
-302017e-05
-209464e-05
-852468e-06
+365343e-06
+141266e-05
+221642e-05
+250869e-05
+219206e-05
+141266e-05
+389700e-06
-779399e-06
-192414e-05
-277661e-05
-316631e-05
-309324e-05
-258176e-05
-168058e-05
-633262e-06
+340987e-06
+116910e-05
+180236e-05
+204592e-05
+185107e-05
+129088e-05
+462768e-06
-608906e-06
-189979e-05
-316631e-05
-423798e-05
-499303e-05
-526095e-05
-496867e-05
-414056e-05
-284968e-05
-116910e-05
+560193e-06
+219206e-05
+367779e-05
+470075e-05
+516352e-05
+513916e-05
+472511e-05
+401878e-05
+326373e-05
+265483e-05
+228949e-05
+219206e-05
+233820e-05
+260612e-05
+277661e-05
+272790e-05
+231384e-05
+151009e-05
+487125e-06
-633262e-06
-172929e-05
-253305e-05
-284968e-05
-263047e-05
-192414e-05
-949893e-06
-730687e-07
+560193e-06
+949893e-06
+901181e-06
+438412e-06
-194850e-06
-925537e-06
-163187e-05
-211899e-05
-231384e-05
-219206e-05
-185107e-05
-143702e-05
-998605e-06
-535837e-06
-146137e-06
+170494e-06
+511481e-06
+755043e-06
+828112e-06
+681974e-06
+267919e-06
-462768e-06
-151009e-05
-265483e-05
-367779e-05
-438412e-05
-457897e-05
-418927e-05
-328809e-05
-199721e-05
-633262e-06
+584549e-06
+155880e-05
+219206e-05
+245998e-05
+238691e-05
+216770e-05
+199721e-05
+194850e-05
+202157e-05
+216770e-05
+226513e-05
+214335e-05
+177800e-05
+124217e-05
+535837e-06
-170494e-06
-828112e-06
-136395e-05
-158315e-05
-146137e-05
-102296e-05
-365343e-06
+389700e-06
+116910e-05
+185107e-05
+228949e-05
+241127e-05
+221642e-05
+170494e-05
+949893e-06
+146137e-06
-706331e-06
-155880e-05
-216770e-05
-243562e-05
-233820e-05
-189979e-05
-119346e-05
-414056e-06
+243562e-06
+755043e-06
+102296e-05
+998605e-06
+730687e-06
+340987e-06
+243562e-07
-170494e-06
-243562e-06
-146137e-06
+487125e-07
+316631e-06
+560193e-06
+608906e-06
+414056e-06
+487125e-07
-438412e-06
-998605e-06
-146137e-05
-172929e-05
-175365e-05
-155880e-05
-116910e-05
-706331e-06
-292275e-06
-243562e-07
+146137e-06
+292275e-06
+389700e-06
+462768e-06
+462768e-06
+414056e-06
+316631e-06
+170494e-06
+243562e-07
-121781e-06
-194850e-06
-121781e-06
+730687e-07
+462768e-06
+998605e-06
+146137e-05
+175365e-05
+175365e-05
+138831e-05
+681974e-06
-219206e-06
-119346e-05
-216770e-05
-292275e-05
-331245e-05
-331245e-05
-302017e-05
-243562e-05
-160751e-05
-706331e-06
+194850e-06
+109603e-05
+202157e-05
+282532e-05
+331245e-05
+345858e-05
+321502e-05
+253305e-05
+146137e-05
+243562e-06
-974249e-06
-216770e-05
-302017e-05
-333680e-05
-319067e-05
-258176e-05
-163187e-05
-584549e-06
+414056e-06
+133959e-05
+219206e-05
+287404e-05
+338552e-05
+375086e-05
+389700e-05
+375086e-05
+328809e-05
+250869e-05
+136395e-05
+730687e-07
-121781e-05
-248434e-05
-336116e-05
-370215e-05
-348294e-05
-272790e-05
-153444e-05
-267919e-06
+803756e-06
+163187e-05
+197285e-05
+172929e-05
+974249e-06
+000000e+00
-107167e-05
-219206e-05
-299582e-05
-333680e-05
-331245e-05
-292275e-05
-224077e-05
-141266e-05
-633262e-06
-243562e-07
+462768e-06
+755043e-06
+876824e-06
+925537e-06
+901181e-06
+803756e-06
+706331e-06
+657618e-06
+584549e-06
+462768e-06
+365343e-06
+292275e-06
+170494e-06
+487125e-07
-974249e-07
-292275e-06
-462768e-06
-584549e-06
-633262e-06
-560193e-06
-389700e-06
-194850e-06
+243562e-07
+292275e-06
+560193e-06
+706331e-06
+755043e-06
+730687e-06
+560193e-06
+316631e-06
+974249e-07
-121781e-06
-340987e-06
-487125e-06
-584549e-06
-608906e-06
-535837e-06
-389700e-06
-194850e-06
+730687e-07
+487125e-06
+104732e-05
+163187e-05
+221642e-05
+270354e-05
+294710e-05
+294710e-05
+260612e-05
+192414e-05
+107167e-05
+243562e-06
-535837e-06
-121781e-05
-158315e-05
-158315e-05
-129088e-05
-779399e-06
-267919e-06
+121781e-06
+389700e-06
+414056e-06
+194850e-06
-170494e-06
-706331e-06
-131524e-05
-187543e-05
-233820e-05
-260612e-05
-260612e-05
-233820e-05
-182672e-05
-109603e-05
-292275e-06
+608906e-06
+163187e-05
+255740e-05
+319067e-05
+338552e-05
+311760e-05
+226513e-05
+925537e-06
-657618e-06
-241127e-05
-414056e-05
-550451e-05
-623519e-05
-630826e-05
-572371e-05
-450590e-05
-287404e-05
-112039e-05
+462768e-06
+180236e-05
+280097e-05
+331245e-05
+340987e-05
+321502e-05
+275225e-05
+204592e-05
+133959e-05
+681974e-06
+730687e-07
-438412e-06
-876824e-06
-116910e-05
-124217e-05
-102296e-05
-535837e-06
+146137e-06
+109603e-05
+231384e-05
+353165e-05
+455462e-05
+523659e-05
+548015e-05
+523659e-05
+450590e-05
+336116e-05
+189979e-05
+414056e-06
-998605e-06
-228949e-05
-311760e-05
-340987e-05
-326373e-05
-263047e-05
-158315e-05
-438412e-06
+608906e-06
+148573e-05
+199721e-05
+194850e-05
+131524e-05
+340987e-06
-876824e-06
-224077e-05
-340987e-05
-416492e-05
-440848e-05
-409185e-05
-333680e-05
-228949e-05
-114474e-05
-170494e-06
+584549e-06
+107167e-05
+116910e-05
+949893e-06
+487125e-06
-974249e-07
-779399e-06
-151009e-05
-214335e-05
-260612e-05
-280097e-05
-270354e-05
-233820e-05
-177800e-05
-109603e-05
-414056e-06
+170494e-06
+706331e-06
+116910e-05
+151009e-05
+175365e-05
+194850e-05
+211899e-05
+221642e-05
+219206e-05
+199721e-05
+165622e-05
+119346e-05
+633262e-06
+730687e-07
-414056e-06
-706331e-06
-706331e-06
-389700e-06
+243562e-06
+116910e-05
+231384e-05
+340987e-05
+428670e-05
+487125e-05
+504174e-05
+482253e-05
+426234e-05
+340987e-05
+233820e-05
+116910e-05
+487125e-07
-104732e-05
-216770e-05
-306888e-05
-370215e-05
-411620e-05
-414056e-05
-379957e-05
-321502e-05
-238691e-05
-146137e-05
-608906e-06
+000000e+00
+365343e-06
+535837e-06
+414056e-06
+974249e-07
-438412e-06
-119346e-05
-209464e-05
-299582e-05
-379957e-05
-445719e-05
-479818e-05
-474946e-05
-423798e-05
-321502e-05
-175365e-05
-146137e-06
+148573e-05
+297146e-05
+401878e-05
+448155e-05
+421363e-05
+333680e-05
+204592e-05
+633262e-06
-608906e-06
-155880e-05
-209464e-05
-209464e-05
-163187e-05
-852468e-06
+243562e-07
+925537e-06
+182672e-05
+250869e-05
+289839e-05
+294710e-05
+267919e-05
+211899e-05
+131524e-05
+438412e-06
-414056e-06
-121781e-05
-175365e-05
-185107e-05
-155880e-05
-852468e-06
+121781e-06
+124217e-05
+241127e-05
+328809e-05
+372650e-05
+377522e-05
+340987e-05
+275225e-05
+189979e-05
+998605e-06
+267919e-06
-340987e-06
-901181e-06
-138831e-05
-177800e-05
-207028e-05
-226513e-05
-228949e-05
-209464e-05
-175365e-05
-131524e-05
-828112e-06
-438412e-06
-243562e-06
-219206e-06
-365343e-06
-633262e-06
-974249e-06
-126652e-05
-131524e-05
-112039e-05
-755043e-06
-340987e-06
+000000e+00
+267919e-06
+365343e-06
+219206e-06
-487125e-07
-414056e-06
-876824e-06
-124217e-05
-141266e-05
-133959e-05
-998605e-06
-535837e-06
-730687e-07
+389700e-06
+852468e-06
+121781e-05
+143702e-05
+151009e-05
+146137e-05
+124217e-05
+828112e-06
+316631e-06
-194850e-06
-730687e-06
-126652e-05
-155880e-05
-155880e-05
-124217e-05
-608906e-06
+974249e-07
+901181e-06
+170494e-05
+231384e-05
+265483e-05
+260612e-05
+221642e-05
+160751e-05
+901181e-06
+243562e-06
-292275e-06
-779399e-06
-119346e-05
-141266e-05
-146137e-05
-136395e-05
-107167e-05
-584549e-06
-243562e-07
+608906e-06
+133959e-05
+202157e-05
+245998e-05
+248434e-05
+207028e-05
+124217e-05
+219206e-06
-925537e-06
-214335e-05
-309324e-05
-367779e-05
-387264e-05
-362908e-05
-309324e-05
-231384e-05
-141266e-05
-584549e-06
+974249e-07
+657618e-06
+121781e-05
+170494e-05
+209464e-05
+236255e-05
+238691e-05
+214335e-05
+163187e-05
+828112e-06
-121781e-06
-116910e-05
-226513e-05
-302017e-05
-328809e-05
-309324e-05
-231384e-05
-112039e-05
+146137e-06
+146137e-05
+263047e-05
+331245e-05
+345858e-05
+314195e-05
+233820e-05
+126652e-05
+267919e-06
-535837e-06
-114474e-05
-143702e-05
-131524e-05
-925537e-06
-389700e-06
+146137e-06
+608906e-06
+102296e-05
+129088e-05
+131524e-05
+116910e-05
+901181e-06
+584549e-06
+267919e-06
+243562e-07
-974249e-07
-194850e-06
-243562e-06
-267919e-06
-340987e-06
-438412e-06
-584549e-06
-779399e-06
-102296e-05
-129088e-05
-151009e-05
-163187e-05
-160751e-05
-146137e-05
-114474e-05
-755043e-06
-389700e-06
-974249e-07
+730687e-07
+146137e-06
+121781e-06
+243562e-07
-146137e-06
-340987e-06
-511481e-06
-657618e-06
-730687e-06
-657618e-06
-487125e-06
-267919e-06
-243562e-07
+292275e-06
+657618e-06
+998605e-06
+126652e-05
+141266e-05
+141266e-05
+129088e-05
+107167e-05
+803756e-06
+560193e-06
+389700e-06
+365343e-06
+462768e-06
+608906e-06
+755043e-06
+901181e-06
+949893e-06
+852468e-06
+657618e-06
+365343e-06
+487125e-07
-219206e-06
-462768e-06
-657618e-06
-730687e-06
-706331e-06
-633262e-06
-487125e-06
-340987e-06
-197894e-06
-304453e-08
+185716e-06
+328809e-06
+386655e-06
+331854e-06
+106559e-06
-295319e-06
-849423e-06
-148877e-05
-212204e-05
-264570e-05
-295319e-05
-297755e-05
-268223e-05
-209768e-05
-130001e-05
-398833e-06
+484080e-06
+122390e-05
+172929e-05
+195763e-05
+189674e-05
+156793e-05
+102296e-05
+347076e-06
-353165e-06
-980338e-06
-145528e-05
-169885e-05
-167145e-05
-136395e-05
-794622e-06
-243562e-07
+858557e-06
+174147e-05
+251174e-05
+308715e-05
+340683e-05
+344032e-05
+319371e-05
+268832e-05
+199112e-05
+118128e-05
+344032e-06
-447546e-06
-111430e-05
-158924e-05
-183281e-05
-180541e-05
-151009e-05
-977294e-06
-252696e-06
+578460e-06
+141266e-05
+213726e-05
+265483e-05
+287708e-05
+276443e-05
+230775e-05
+155575e-05
+587594e-06
-499303e-06
-158315e-05
-255740e-05
-333071e-05
-381784e-05
-398833e-05
-383306e-05
-337943e-05
-268527e-05
-182367e-05
-907270e-06
-487125e-07
+663707e-06
+115083e-05
+134873e-05
+125435e-05
+913359e-06
+398833e-06
-197894e-06
-770266e-06
-121172e-05
-146137e-05
-149182e-05
-132437e-05
-100165e-05
-602817e-06
-200939e-06
+137004e-06
+359254e-06
+465813e-06
+481036e-06
+435368e-06
+374477e-06
+334898e-06
+334898e-06
+371432e-06
+444501e-06
+532793e-06
+621084e-06
+706331e-06
+803756e-06
+928581e-06
+108994e-05
+129392e-05
+154358e-05
+180541e-05
+205506e-05
+224382e-05
+231993e-05
+225600e-05
+201852e-05
+160447e-05
+103818e-05
+365343e-06
-347076e-06
-101383e-05
-156184e-05
-190587e-05
-200026e-05
-181454e-05
-136395e-05
-715464e-06
+639351e-07
+849423e-06
+152226e-05
+195763e-05
+206723e-05
+180236e-05
+115083e-05
+161360e-06
-105341e-05
-235647e-05
-358037e-05
-453939e-05
-508132e-05
-510872e-05
-458506e-05
-353774e-05
-208550e-05
-411011e-06
+128479e-05
+278879e-05
+390917e-05
+453026e-05
+460028e-05
+412229e-05
+318458e-05
+191805e-05
+487125e-06
-940759e-06
-222555e-05
-324851e-05
-392440e-05
-419536e-05
-404313e-05
-347990e-05
-255740e-05
-136395e-05
-121781e-07
+135177e-05
+256654e-05
+347990e-05
+397615e-05
+397311e-05
+347076e-05
+254523e-05
+134568e-05
+578460e-07
-112039e-05
-200634e-05
-246302e-05
-243258e-05
-194241e-05
-107776e-05
+913359e-08
+115997e-05
+222251e-05
+307497e-05
+363517e-05
+385133e-05
+371737e-05
+326982e-05
+254218e-05
+159838e-05
+517570e-06
-614995e-06
-168058e-05
-257872e-05
-322416e-05
-353470e-05
-348294e-05
-309020e-05
-241127e-05
-154358e-05
-596728e-06
+298364e-06
+104732e-05
+157098e-05
+182367e-05
+179932e-05
+152226e-05
+104123e-05
+417100e-06
-277052e-06
-965116e-06
-158011e-05
-206723e-05
-236864e-05
-245389e-05
-232298e-05
-198199e-05
-147355e-05
-849423e-06
-176583e-06
+459724e-06
+989472e-06
+134873e-05
+149182e-05
+139439e-05
+106559e-05
+548015e-06
-822023e-07
-733731e-06
-129697e-05
-168667e-05
-183281e-05
-170189e-05
-130001e-05
-657618e-06
+140048e-06
+989472e-06
+179323e-05
+245389e-05
+291057e-05
+313282e-05
+310846e-05
+285881e-05
+242649e-05
+185716e-05
+120563e-05
+526703e-06
-127870e-06
-691108e-06
-109907e-05
-131524e-05
-129697e-05
-102601e-05
-529748e-06
+121781e-06
+831156e-06
+147051e-05
+190587e-05
+202766e-05
+178714e-05
+118432e-05
+289230e-06
-770266e-06
-183890e-05
-274008e-05
-333985e-05
-355905e-05
-337943e-05
-285881e-05
-210986e-05
-126043e-05
-441457e-06
+246607e-06
+736776e-06
+101383e-05
+110516e-05
+105341e-05
+913359e-06
+715464e-06
+481036e-06
+200939e-06
-137004e-06
-544971e-06
-102296e-05
-153749e-05
-200939e-05
-234733e-05
-245085e-05
-223468e-05
-166231e-05
-761132e-06
+386655e-06
+163796e-05
+279488e-05
+368388e-05
+415578e-05
+413447e-05
+360777e-05
+265483e-05
+143397e-05
+143093e-06
-101383e-05
-185716e-05
-225904e-05
-217988e-05
-166231e-05
-825067e-06
+176583e-06
+115083e-05
+191501e-05
+234124e-05
+235951e-05
+197285e-05
+126348e-05
+368388e-06
-560193e-06
-135177e-05
-187847e-05
-207637e-05
-192110e-05
-146442e-05
-791577e-06
-913359e-08
+764177e-06
+142484e-05
+190587e-05
+217988e-05
+223468e-05
+208550e-05
+175974e-05
+129392e-05
+709375e-06
+426234e-07
-663707e-06
-137004e-05
-201852e-05
-255132e-05
-290144e-05
-303844e-05
-295928e-05
-268527e-05
-227426e-05
-180541e-05
-135482e-05
-971205e-06
-688064e-06
-511481e-06
-407967e-06
-334898e-06
-258785e-06
-161360e-06
-487125e-07
+639351e-07
+158315e-06
+213117e-06
+240518e-06
+264874e-06
+328809e-06
+474946e-06
+733731e-06
+108385e-05
+147964e-05
+184498e-05
+210072e-05
+217684e-05
+202461e-05
+167145e-05
+118432e-05
+639351e-06
+155271e-06
-176583e-06
-313586e-06
-246607e-06
-121781e-07
+304453e-06
+633262e-06
+895091e-06
+101992e-05
+983383e-06
+788533e-06
+471902e-06
+822023e-07
-319676e-06
-669796e-06
-901181e-06
-968160e-06
-849423e-06
-541926e-06
-730687e-07
+490169e-06
+105645e-05
+151922e-05
+177800e-05
+174756e-05
+137917e-05
+703286e-06
-213117e-06
-123608e-05
-221033e-05
-296842e-05
-338247e-05
-338247e-05
-295928e-05
-218902e-05
-119346e-05
-133959e-06
+843334e-06
+159229e-05
+201548e-05
+207332e-05
+176583e-05
+114170e-05
+277052e-06
-730687e-06
-176887e-05
-270963e-05
-343423e-05
-384220e-05
-385437e-05
-343423e-05
-260307e-05
-143093e-05
-426234e-07
+139744e-05
+272181e-05
+377522e-05
+442979e-05
+462768e-05
+436890e-05
+370215e-05
+273703e-05
+160751e-05
+447546e-06
-611950e-06
-145528e-05
-201243e-05
-224686e-05
-214639e-05
-174756e-05
-112039e-05
-353165e-06
+441457e-06
+115997e-05
+169885e-05
+200634e-05
+205810e-05
+188456e-05
+154967e-05
+112648e-05
+703286e-06
+340987e-06
+700242e-07
-100469e-06
-203983e-06
-274008e-06
-328809e-06
-383611e-06
-426234e-06
-444501e-06
-426234e-06
-368388e-06
-295319e-06
-246607e-06
-280097e-06
-426234e-06
-709375e-06
-111125e-05
-157402e-05
-201243e-05
-231080e-05
-238691e-05
-217988e-05
-167754e-05
-934670e-06
-578460e-07
+834201e-06
+159533e-05
+210072e-05
+227731e-05
+209464e-05
+160142e-05
+870735e-06
+121781e-07
-825067e-06
-152531e-05
-201852e-05
-225600e-05
-221033e-05
-191501e-05
-142788e-05
-800711e-06
-882913e-07
+627173e-06
+128479e-05
+183890e-05
+223164e-05
+242344e-05
+238691e-05
+211595e-05
+163491e-05
+986427e-06
+249651e-06
-471902e-06
-107776e-05
-147660e-05
-161056e-05
-144920e-05
-102296e-05
-398833e-06
+340987e-06
+108690e-05
+172320e-05
+216770e-05
+236560e-05
+229862e-05
+197894e-05
+144311e-05
+748954e-06
-121781e-07
-767221e-06
-143093e-05
-195154e-05
-228340e-05
-237778e-05
-222555e-05
-184803e-05
-127870e-05
-578460e-06
+170494e-06
+885958e-06
+147964e-05
+186021e-05
+196068e-05
+175669e-05
+124217e-05
+456679e-06
-514525e-06
-154967e-05
-250869e-05
-325156e-05
-364430e-05
-360472e-05
-311151e-05
-220424e-05
-100469e-05
+337943e-06
+163796e-05
+270963e-05
+342509e-05
+371128e-05
+355601e-05
+301408e-05
+220424e-05
+126348e-05
+337943e-06
-459724e-06
-104427e-05
-138831e-05
-150704e-05
-142484e-05
-119346e-05
-858557e-06
-456679e-06
-913359e-08
+459724e-06
+919448e-06
+134873e-05
+170494e-05
+192719e-05
+196372e-05
+178105e-05
+136395e-05
+721553e-06
-730687e-07
-928581e-06
-174147e-05
-239604e-05
-279183e-05
-286186e-05
-261221e-05
-207941e-05
-133959e-05
-508436e-06
+292275e-06
+943804e-06
+136090e-05
+150400e-05
+135786e-05
+962071e-06
+380566e-06
-298364e-06
-968160e-06
-154053e-05
-193936e-05
-210986e-05
-202157e-05
-166840e-05
-107776e-05
-307497e-06
+578460e-06
+147051e-05
+227122e-05
+288621e-05
+322111e-05
+322416e-05
+288317e-05
+224382e-05
+137917e-05
+414056e-06
-511481e-06
-127261e-05
-178105e-05
-197590e-05
-185716e-05
-149486e-05
-980338e-06
-407967e-06
+130915e-06
+569327e-06
+870735e-06
+101992e-05
+102905e-05
+916403e-06
+715464e-06
+447546e-06
+127870e-06
-216162e-06
-541926e-06
-806800e-06
-971205e-06
-983383e-06
-815934e-06
-468857e-06
+274008e-07
+596728e-06
+114170e-05
+155575e-05
+175060e-05
+165927e-05
+127870e-05
+654574e-06
-124826e-06
-928581e-06
-163796e-05
-214030e-05
-236560e-05
-230775e-05
-199112e-05
-150095e-05
-922492e-06
-340987e-06
+155271e-06
+526703e-06
+745910e-06
+806800e-06
+733731e-06
+541926e-06
+258785e-06
-822023e-07
-456679e-06
-818978e-06
-110821e-05
-127566e-05
-126957e-05
-104732e-05
-618039e-06
-213117e-07
+663707e-06
+130915e-05
+180541e-05
+206115e-05
+200330e-05
+163796e-05
+101383e-05
+234429e-06
-566282e-06
-125435e-05
-170189e-05
-183890e-05
-165013e-05
-116301e-05
-465813e-06
+325765e-06
+110212e-05
+175669e-05
+221033e-05
+243258e-05
+242953e-05
+224077e-05
+193328e-05
+157098e-05
+119954e-05
+861602e-06
+566282e-06
+325765e-06
+124826e-06
-548015e-07
-216162e-06
-359254e-06
-447546e-06
-468857e-06
-420145e-06
-292275e-06
-112648e-06
+669796e-07
+210072e-06
+255740e-06
+167449e-06
-487125e-07
-377522e-06
-767221e-06
-115388e-05
-149182e-05
-173843e-05
-189065e-05
-196372e-05
-198503e-05
-199417e-05
-201243e-05
-203375e-05
-203679e-05
-197590e-05
-178714e-05
-144311e-05
-946848e-06
-344032e-06
+295319e-06
+858557e-06
+124521e-05
+138831e-05
+126043e-05
+907270e-06
+417100e-06
-852468e-07
-471902e-06
-633262e-06
-532793e-06
-182672e-06
+337943e-06
+901181e-06
+137308e-05
+165622e-05
+168058e-05
+145833e-05
+105950e-05
+590639e-06
+191805e-06
-304453e-07
-182672e-07
+234429e-06
+681974e-06
+122390e-05
+173234e-05
+210681e-05
+226817e-05
+217684e-05
+184803e-05
+134264e-05
+739820e-06
+137004e-06
-386655e-06
-773310e-06
-983383e-06
-101687e-05
-885958e-06
-624128e-06
-280097e-06
+913359e-07
+441457e-06
+715464e-06
+882913e-06
+916403e-06
+800711e-06
+538882e-06
+167449e-06
-267919e-06
-733731e-06
-117214e-05
-153444e-05
-180236e-05
-195154e-05
-197894e-05
-189979e-05
-174451e-05
-155575e-05
-136090e-05
-119650e-05
-108081e-05
-101078e-05
-992516e-06
-100774e-05
-102601e-05
-100774e-05
-928581e-06
-767221e-06
-523659e-06
-197894e-06
+170494e-06
+538882e-06
+864646e-06
+109299e-05
+119954e-05
+118737e-05
+108081e-05
+913359e-06
+742865e-06
+624128e-06
+590639e-06
+654574e-06
+800711e-06
+995561e-06
+118737e-05
+132437e-05
+137917e-05
+133959e-05
+121781e-05
+106559e-05
+922492e-06
+812889e-06
+758088e-06
+745910e-06
+736776e-06
+669796e-06
+487125e-06
+161360e-06
-292275e-06
-837245e-06
-137613e-05
-180541e-05
-202157e-05
-194241e-05
-155575e-05
-895091e-06
-639351e-07
+806800e-06
+156793e-05
+207637e-05
+224686e-05
+203679e-05
+147355e-05
+639351e-06
-340987e-06
-134264e-05
-224382e-05
-293188e-05
-333071e-05
-340987e-05
-316327e-05
-262743e-05
-185107e-05
-928581e-06
+487125e-07
+971205e-06
+172320e-05
+221337e-05
+238387e-05
+220728e-05
+171407e-05
+971205e-06
+974249e-07
-773310e-06
-150704e-05
-199417e-05
-217988e-05
-204288e-05
-161360e-05
-977294e-06
-228340e-06
+529748e-06
+120259e-05
+172625e-05
+206115e-05
+218597e-05
+210072e-05
+183890e-05
+143397e-05
+928581e-06
+377522e-06
-161360e-06
-614995e-06
-937715e-06
-110212e-05
-108385e-05
-892047e-06
-572371e-06
-164405e-06
+270963e-06
+685019e-06
+102905e-05
+129088e-05
+145833e-05
+153140e-05
+152226e-05
+143702e-05
+126652e-05
+101383e-05
+685019e-06
+283141e-06
-170494e-06
-627173e-06
-104427e-05
-138222e-05
-159533e-05
-165622e-05
-158011e-05
-139135e-05
-113865e-05
-873780e-06
-648485e-06
-499303e-06
-438412e-06
-441457e-06
-484080e-06
-529748e-06
-535837e-06
-474946e-06
-331854e-06
-103514e-06
+176583e-06
+484080e-06
+776355e-06
+102601e-05
+120868e-05
+129697e-05
+128175e-05
+116910e-05
+949893e-06
+639351e-06
+261829e-06
-158315e-06
-584549e-06
-983383e-06
-130610e-05
-152835e-05
-162882e-05
-159838e-05
-144311e-05
-118432e-05
-846379e-06
-450590e-06
-152226e-07
+444501e-06
+901181e-06
+134264e-05
+173234e-05
+202157e-05
+215857e-05
+209159e-05
+180236e-05
+131828e-05
+675885e-06
+000000e+00
+000000e+00
+000000e+00
+000000e+00
[ENDDATA]
