[FILEINFO]
File: D:\CMC thesis\AE software\TUNGSTEN\Vallen\T28.tra
SampleRate[Hz]: 10000000
SetsOnFile: 4
Samples: 2048
[SETINFO]
Set: 1
Index: 1
Time:  15 04:06:05 105.3771
Channel: 1
PreTriggerSamples: 100
Data: Amplitude [mV]
[DATA]
-608906e-08
-608906e-08
-304453e-08
+000000e+00
+000000e+00
+000000e+00
+000000e+00
+000000e+00
+000000e+00
+000000e+00
+000000e+00
-304453e-08
-304453e-08
-304453e-08
-304453e-08
+000000e+00
+000000e+00
+304453e-08
+608906e-08
+608906e-08
+608906e-08
+608906e-08
+608906e-08
+608906e-08
+304453e-08
+000000e+00
+000000e+00
+000000e+00
-304453e-08
-304453e-08
+000000e+00
-304453e-08
-304453e-08
-304453e-08
-304453e-08
-304453e-08
+000000e+00
+000000e+00
+304453e-08
+304453e-08
+304453e-08
+304453e-08
+000000e+00
+000000e+00
+000000e+00
+000000e+00
+000000e+00
-304453e-08
-608906e-08
-608906e-08
-608906e-08
-608906e-08
-608906e-08
-304453e-08
+000000e+00
+000000e+00
+000000e+00
+000000e+00
+000000e+00
+000000e+00
-304453e-08
-608906e-08
-608906e-08
-608906e-08
-608906e-08
-608906e-08
-608906e-08
-608906e-08
-304453e-08
+000000e+00
+000000e+00
+000000e+00
+000000e+00
+000000e+00
+000000e+00
+000000e+00
+000000e+00
+000000e+00
+000000e+00
+000000e+00
+000000e+00
+000000e+00
+000000e+00
+000000e+00
+000000e+00
+000000e+00
-304453e-08
-304453e-08
-304453e-08
-304453e-08
-304453e-08
+000000e+00
+000000e+00
+000000e+00
-304453e-08
-608906e-08
-304453e-08
-913359e-08
-213117e-07
-395789e-07
-669796e-07
-106559e-06
-158315e-06
-213117e-06
-240518e-06
-210072e-06
-943804e-07
+130915e-06
+468857e-06
+879869e-06
+130610e-05
+165927e-05
+184803e-05
+178714e-05
+135482e-05
+560193e-06
-414056e-06
-163187e-05
-304453e-05
-440848e-05
-552886e-05
-616213e-05
-618648e-05
-545580e-05
-382393e-05
-141266e-05
+153444e-05
+472511e-05
+774528e-05
+101078e-04
+114474e-04
+115936e-04
+104488e-04
+820805e-05
+516352e-05
+165622e-05
-199721e-05
-548015e-05
-840290e-05
-106680e-04
-119833e-04
-121294e-04
-111064e-04
-893874e-05
-594292e-05
-236255e-05
+138831e-05
+479818e-05
+745301e-05
+893874e-05
+910923e-05
+798884e-05
+584550e-05
+294710e-05
-194850e-06
-314195e-05
-550451e-05
-686846e-05
-718509e-05
-643004e-05
-465204e-05
-211899e-05
+755043e-06
+362908e-05
+606470e-05
+776964e-05
+854904e-05
+825676e-05
+701459e-05
+496867e-05
+233820e-05
-340987e-06
-280097e-05
-491996e-05
-623519e-05
-667361e-05
-640569e-05
-543144e-05
-394571e-05
-224077e-05
-633262e-06
+755043e-06
+185107e-05
+255740e-05
+287404e-05
+282532e-05
+253305e-05
+199721e-05
+133959e-05
+657618e-06
+487125e-07
-438412e-06
-755043e-06
-803756e-06
-608906e-06
-219206e-06
+267919e-06
+730687e-06
+974249e-06
+876824e-06
+365343e-06
-462768e-06
-146137e-05
-255740e-05
-343423e-05
-389700e-05
-387264e-05
-331245e-05
-224077e-05
-779399e-06
+828112e-06
+243562e-05
+387264e-05
+477382e-05
+491996e-05
+431105e-05
+294710e-05
+104732e-05
-998605e-06
-299582e-05
-462768e-05
-550451e-05
-545580e-05
-445719e-05
-272790e-05
-633262e-06
+153444e-05
+345858e-05
+474946e-05
+530966e-05
+509045e-05
+418927e-05
+294710e-05
+153444e-05
+292275e-06
-608906e-06
-126652e-05
-155880e-05
-153444e-05
-129088e-05
-949893e-06
-730687e-06
-681974e-06
-803756e-06
-112039e-05
-146137e-05
-163187e-05
-155880e-05
-109603e-05
-267919e-06
+852468e-06
+211899e-05
+316631e-05
+379957e-05
+389700e-05
+336116e-05
+231384e-05
+104732e-05
-170494e-06
-124217e-05
-216770e-05
-287404e-05
-331245e-05
-365343e-05
-394571e-05
-414056e-05
-411620e-05
-370215e-05
-287404e-05
-155880e-05
+146137e-06
+209464e-05
+404313e-05
+548015e-05
+606470e-05
+569936e-05
+433541e-05
+221642e-05
-121781e-06
-233820e-05
-416492e-05
-521223e-05
-530966e-05
-453026e-05
-311760e-05
-136395e-05
+365343e-06
+185107e-05
+297146e-05
+362908e-05
+382393e-05
+353165e-05
+289839e-05
+209464e-05
+124217e-05
+438412e-06
-243562e-06
-828112e-06
-133959e-05
-175365e-05
-207028e-05
-228949e-05
-238691e-05
-233820e-05
-202157e-05
-131524e-05
-414056e-06
+633262e-06
+182672e-05
+282532e-05
+343423e-05
+355601e-05
+311760e-05
+216770e-05
+949893e-06
-170494e-06
-107167e-05
-160751e-05
-168058e-05
-131524e-05
-657618e-06
-974249e-07
+194850e-06
+170494e-06
-292275e-06
-121781e-05
-245998e-05
-362908e-05
-435977e-05
-438412e-05
-355601e-05
-197285e-05
+487125e-07
+224077e-05
+431105e-05
+577243e-05
+638133e-05
+616213e-05
+518788e-05
+360472e-05
+170494e-05
-487125e-07
-155880e-05
-277661e-05
-362908e-05
-423798e-05
-453026e-05
-455462e-05
-431105e-05
-372650e-05
-287404e-05
-170494e-05
-316631e-06
+124217e-05
+282532e-05
+416492e-05
+504174e-05
+526095e-05
+482253e-05
+375086e-05
+226513e-05
+633262e-06
-949893e-06
-238691e-05
-353165e-05
-433541e-05
-474946e-05
-477382e-05
-440848e-05
-358037e-05
-228949e-05
-584549e-06
+148573e-05
+372650e-05
+565065e-05
+694153e-05
+735558e-05
+669796e-05
+501738e-05
+255740e-05
-194850e-06
-282532e-05
-499303e-05
-625955e-05
-657618e-05
-608906e-05
-494431e-05
-343423e-05
-187543e-05
-487125e-06
+681974e-06
+168058e-05
+253305e-05
+319067e-05
+367779e-05
+397007e-05
+394571e-05
+355601e-05
+284968e-05
+189979e-05
+755043e-06
-267919e-06
-104732e-05
-158315e-05
-175365e-05
-168058e-05
-153444e-05
-136395e-05
-131524e-05
-146137e-05
-172929e-05
-207028e-05
-228949e-05
-224077e-05
-189979e-05
-131524e-05
-560193e-06
+219206e-06
+949893e-06
+146137e-05
+168058e-05
+165622e-05
+136395e-05
+901181e-06
+365343e-06
-487125e-07
-316631e-06
-511481e-06
-511481e-06
-365343e-06
-146137e-06
+194850e-06
+584549e-06
+998605e-06
+133959e-05
+151009e-05
+153444e-05
+141266e-05
+109603e-05
+681974e-06
+292275e-06
-243562e-07
-219206e-06
-365343e-06
-487125e-06
-560193e-06
-633262e-06
-803756e-06
-104732e-05
-131524e-05
-151009e-05
-155880e-05
-138831e-05
-925537e-06
-267919e-06
+633262e-06
+165622e-05
+255740e-05
+309324e-05
+311760e-05
+258176e-05
+148573e-05
+121781e-06
-131524e-05
-258176e-05
-331245e-05
-340987e-05
-294710e-05
-202157e-05
-901181e-06
+000000e+00
+560193e-06
+779399e-06
+608906e-06
+243562e-06
-974249e-07
-365343e-06
-462768e-06
-316631e-06
-243562e-07
+316631e-06
+608906e-06
+803756e-06
+803756e-06
+608906e-06
+316631e-06
+243562e-07
-194850e-06
-340987e-06
-389700e-06
-365343e-06
-219206e-06
+000000e+00
+243562e-06
+584549e-06
+901181e-06
+112039e-05
+126652e-05
+124217e-05
+107167e-05
+779399e-06
+340987e-06
-146137e-06
-633262e-06
-107167e-05
-136395e-05
-138831e-05
-112039e-05
-657618e-06
-121781e-06
+438412e-06
+949893e-06
+126652e-05
+131524e-05
+112039e-05
+730687e-06
+243562e-06
-194850e-06
-584549e-06
-901181e-06
-114474e-05
-131524e-05
-136395e-05
-131524e-05
-116910e-05
-901181e-06
-487125e-06
-243562e-07
+511481e-06
+114474e-05
+165622e-05
+187543e-05
+175365e-05
+133959e-05
+608906e-06
-243562e-06
-107167e-05
-187543e-05
-243562e-05
-272790e-05
-275225e-05
-250869e-05
-204592e-05
-141266e-05
-633262e-06
+219206e-06
+116910e-05
+221642e-05
+311760e-05
+382393e-05
+423798e-05
+416492e-05
+358037e-05
+263047e-05
+133959e-05
-121781e-06
-163187e-05
-311760e-05
-433541e-05
-511481e-05
-530966e-05
-496867e-05
-401878e-05
-250869e-05
-779399e-06
+116910e-05
+321502e-05
+491996e-05
+608906e-05
+657618e-05
+633262e-05
+530966e-05
+343423e-05
+104732e-05
-148573e-05
-394571e-05
-582114e-05
-679539e-05
-679539e-05
-579678e-05
-389700e-05
-141266e-05
+121781e-05
+365343e-05
+545580e-05
+633262e-05
+633262e-05
+548015e-05
+392135e-05
+192414e-05
-146137e-06
-202157e-05
-362908e-05
-477382e-05
-535837e-05
-540708e-05
-499303e-05
-409185e-05
-280097e-05
-121781e-05
+535837e-06
+228949e-05
+401878e-05
+543144e-05
+613777e-05
+611341e-05
+530966e-05
+370215e-05
+151009e-05
-876824e-06
-316631e-05
-506610e-05
-616213e-05
-635698e-05
-572371e-05
-433541e-05
-245998e-05
-511481e-06
+136395e-05
+289839e-05
+379957e-05
+399442e-05
+350730e-05
+250869e-05
+124217e-05
+487125e-07
-925537e-06
-155880e-05
-172929e-05
-151009e-05
-998605e-06
-389700e-06
+974249e-07
+438412e-06
+584549e-06
+511481e-06
+389700e-06
+292275e-06
+292275e-06
+462768e-06
+730687e-06
+998605e-06
+109603e-05
+925537e-06
+487125e-06
-146137e-06
-852468e-06
-143702e-05
-168058e-05
-155880e-05
-998605e-06
-194850e-06
+657618e-06
+141266e-05
+172929e-05
+153444e-05
+852468e-06
-974249e-07
-112039e-05
-199721e-05
-245998e-05
-241127e-05
-189979e-05
-104732e-05
-730687e-07
+876824e-06
+172929e-05
+228949e-05
+248434e-05
+233820e-05
+192414e-05
+138831e-05
+755043e-06
+121781e-06
-438412e-06
-949893e-06
-136395e-05
-163187e-05
-177800e-05
-180236e-05
-165622e-05
-136395e-05
-876824e-06
-267919e-06
+438412e-06
+126652e-05
+204592e-05
+260612e-05
+280097e-05
+253305e-05
+180236e-05
+681974e-06
-657618e-06
-209464e-05
-338552e-05
-431105e-05
-474946e-05
-453026e-05
-365343e-05
-228949e-05
-657618e-06
+109603e-05
+277661e-05
+416492e-05
+506610e-05
+526095e-05
+482253e-05
+384828e-05
+241127e-05
+803756e-06
-755043e-06
-209464e-05
-304453e-05
-355601e-05
-353165e-05
-306888e-05
-231384e-05
-129088e-05
-243562e-06
+730687e-06
+163187e-05
+233820e-05
+275225e-05
+284968e-05
+258176e-05
+197285e-05
+116910e-05
+292275e-06
-608906e-06
-153444e-05
-236255e-05
-292275e-05
-319067e-05
-321502e-05
-304453e-05
-263047e-05
-197285e-05
-121781e-05
-414056e-06
+414056e-06
+124217e-05
+209464e-05
+282532e-05
+331245e-05
+350730e-05
+331245e-05
+275225e-05
+185107e-05
+681974e-06
-560193e-06
-170494e-05
-258176e-05
-302017e-05
-297146e-05
-243562e-05
-155880e-05
-560193e-06
+438412e-06
+136395e-05
+211899e-05
+270354e-05
+306888e-05
+321502e-05
+319067e-05
+292275e-05
+231384e-05
+131524e-05
+487125e-07
-148573e-05
-319067e-05
-474946e-05
-584550e-05
-623519e-05
-586985e-05
-472511e-05
-289839e-05
-828112e-06
+126652e-05
+319067e-05
+457897e-05
+528530e-05
+530966e-05
+474946e-05
+370215e-05
+233820e-05
+901181e-06
-365343e-06
-151009e-05
-255740e-05
-331245e-05
-379957e-05
-397007e-05
-375086e-05
-323938e-05
-231384e-05
-104732e-05
+219206e-06
+151009e-05
+270354e-05
+358037e-05
+406749e-05
+401878e-05
+350730e-05
+265483e-05
+151009e-05
+316631e-06
-803756e-06
-185107e-05
-265483e-05
-302017e-05
-292275e-05
-238691e-05
-146137e-05
-389700e-06
+730687e-06
+180236e-05
+260612e-05
+297146e-05
+282532e-05
+219206e-05
+119346e-05
+487125e-07
-114474e-05
-233820e-05
-323938e-05
-375086e-05
-389700e-05
-353165e-05
-280097e-05
-182672e-05
-657618e-06
+511481e-06
+165622e-05
+265483e-05
+328809e-05
+358037e-05
+348294e-05
+304453e-05
+236255e-05
+138831e-05
+414056e-06
-438412e-06
-126652e-05
-194850e-05
-241127e-05
-260612e-05
-248434e-05
-204592e-05
-133959e-05
-462768e-06
+462768e-06
+136395e-05
+219206e-05
+272790e-05
+282532e-05
+245998e-05
+163187e-05
+535837e-06
-608906e-06
-170494e-05
-255740e-05
-294710e-05
-284968e-05
-224077e-05
-119346e-05
+243562e-07
+133959e-05
+260612e-05
+353165e-05
+392135e-05
+362908e-05
+275225e-05
+138831e-05
-219206e-06
-182672e-05
-319067e-05
-399442e-05
-411620e-05
-350730e-05
-231384e-05
-803756e-06
+730687e-06
+204592e-05
+289839e-05
+314195e-05
+280097e-05
+192414e-05
+706331e-06
-487125e-06
-155880e-05
-248434e-05
-304453e-05
-321502e-05
-309324e-05
-270354e-05
-207028e-05
-131524e-05
-535837e-06
+243562e-06
+107167e-05
+192414e-05
+265483e-05
+316631e-05
+340987e-05
+336116e-05
+299582e-05
+231384e-05
+138831e-05
+389700e-06
-608906e-06
-158315e-05
-238691e-05
-287404e-05
-302017e-05
-284968e-05
-231384e-05
-155880e-05
-730687e-06
+974249e-07
+901181e-06
+163187e-05
+221642e-05
+263047e-05
+277661e-05
+267919e-05
+238691e-05
+185107e-05
+109603e-05
+292275e-06
-535837e-06
-136395e-05
-211899e-05
-267919e-05
-289839e-05
-277661e-05
-226513e-05
-143702e-05
-462768e-06
+584549e-06
+163187e-05
+250869e-05
+299582e-05
+304453e-05
+263047e-05
+177800e-05
+657618e-06
-511481e-06
-155880e-05
-241127e-05
-289839e-05
-289839e-05
-250869e-05
-187543e-05
-112039e-05
-365343e-06
+292275e-06
+876824e-06
+136395e-05
+168058e-05
+187543e-05
+197285e-05
+187543e-05
+155880e-05
+104732e-05
+316631e-06
-608906e-06
-163187e-05
-255740e-05
-319067e-05
-340987e-05
-319067e-05
-248434e-05
-136395e-05
-974249e-07
+121781e-05
+245998e-05
+336116e-05
+379957e-05
+372650e-05
+323938e-05
+243562e-05
+136395e-05
+292275e-06
-706331e-06
-165622e-05
-245998e-05
-302017e-05
-333680e-05
-343423e-05
-323938e-05
-275225e-05
-197285e-05
-901181e-06
+340987e-06
+172929e-05
+316631e-05
+435977e-05
+511481e-05
+530966e-05
+487125e-05
+379957e-05
+228949e-05
+608906e-06
-112039e-05
-270354e-05
-392135e-05
-457897e-05
-455462e-05
-384828e-05
-265483e-05
-116910e-05
+389700e-06
+185107e-05
+306888e-05
+382393e-05
+401878e-05
+355601e-05
+258176e-05
+121781e-05
-292275e-06
-180236e-05
-321502e-05
-426234e-05
-479818e-05
-477382e-05
-416492e-05
-309324e-05
-175365e-05
-316631e-06
+104732e-05
+233820e-05
+336116e-05
+394571e-05
+404313e-05
+365343e-05
+287404e-05
+175365e-05
+462768e-06
-876824e-06
-216770e-05
-309324e-05
-348294e-05
-336116e-05
-272790e-05
-163187e-05
-316631e-06
+102296e-05
+228949e-05
+316631e-05
+350730e-05
+336116e-05
+280097e-05
+187543e-05
+706331e-06
-438412e-06
-148573e-05
-236255e-05
-292275e-05
-311760e-05
-294710e-05
-233820e-05
-138831e-05
-340987e-06
+779399e-06
+194850e-05
+292275e-05
+358037e-05
+384828e-05
+362908e-05
+299582e-05
+197285e-05
+706331e-06
-584549e-06
-180236e-05
-277661e-05
-340987e-05
-362908e-05
-338552e-05
-275225e-05
-177800e-05
-633262e-06
+487125e-06
+153444e-05
+236255e-05
+280097e-05
+284968e-05
+243562e-05
+160751e-05
+560193e-06
-633262e-06
-185107e-05
-294710e-05
-382393e-05
-426234e-05
-414056e-05
-353165e-05
-243562e-05
-998605e-06
+560193e-06
+219206e-05
+370215e-05
+484689e-05
+550451e-05
+560193e-05
+516352e-05
+416492e-05
+272790e-05
+102296e-05
-803756e-06
-258176e-05
-423798e-05
-548015e-05
-606470e-05
-596728e-05
-518788e-05
-379957e-05
-192414e-05
+121781e-06
+211899e-05
+394571e-05
+528530e-05
+594292e-05
+589421e-05
+513916e-05
+375086e-05
+187543e-05
-121781e-06
-207028e-05
-377522e-05
-487125e-05
-526095e-05
-484689e-05
-367779e-05
-194850e-05
-487125e-07
+185107e-05
+358037e-05
+474946e-05
+523659e-05
+501738e-05
+416492e-05
+284968e-05
+121781e-05
-487125e-06
-219206e-05
-382393e-05
-511481e-05
-594292e-05
-625955e-05
-599163e-05
-506610e-05
-350730e-05
-148573e-05
+657618e-06
+280097e-05
+467640e-05
+586985e-05
+628391e-05
+586985e-05
+467640e-05
+287404e-05
+852468e-06
-109603e-05
-275225e-05
-389700e-05
-438412e-05
-411620e-05
-328809e-05
-209464e-05
-730687e-06
+560193e-06
+170494e-05
+255740e-05
+302017e-05
+311760e-05
+289839e-05
+245998e-05
+180236e-05
+998605e-06
+194850e-06
-608906e-06
-141266e-05
-211899e-05
-265483e-05
-294710e-05
-289839e-05
-243562e-05
-163187e-05
-584549e-06
+633262e-06
+189979e-05
+297146e-05
+370215e-05
+394571e-05
+353165e-05
+255740e-05
+114474e-05
-462768e-06
-207028e-05
-343423e-05
-428670e-05
-443283e-05
-377522e-05
-248434e-05
-828112e-06
+901181e-06
+248434e-05
+370215e-05
+431105e-05
+411620e-05
+326373e-05
+202157e-05
+608906e-06
-828112e-06
-214335e-05
-311760e-05
-375086e-05
-401878e-05
-387264e-05
-340987e-05
-267919e-05
-165622e-05
-511481e-06
+755043e-06
+214335e-05
+336116e-05
+426234e-05
+465204e-05
+440848e-05
+355601e-05
+214335e-05
+462768e-06
-131524e-05
-297146e-05
-418927e-05
-482253e-05
-477382e-05
-401878e-05
-270354e-05
-104732e-05
+706331e-06
+236255e-05
+387264e-05
+489560e-05
+523659e-05
+494431e-05
+399442e-05
+253305e-05
+852468e-06
-901181e-06
-258176e-05
-397007e-05
-479818e-05
-496867e-05
-450590e-05
-350730e-05
-209464e-05
-487125e-06
+114474e-05
+267919e-05
+387264e-05
+457897e-05
+470075e-05
+426234e-05
+336116e-05
+211899e-05
+730687e-06
-633262e-06
-185107e-05
-280097e-05
-338552e-05
-353165e-05
-328809e-05
-265483e-05
-170494e-05
-608906e-06
+462768e-06
+143702e-05
+224077e-05
+272790e-05
+282532e-05
+253305e-05
+192414e-05
+109603e-05
+194850e-06
-730687e-06
-165622e-05
-250869e-05
-311760e-05
-343423e-05
-353165e-05
-331245e-05
-275225e-05
-189979e-05
-828112e-06
+414056e-06
+175365e-05
+299582e-05
+399442e-05
+457897e-05
+465204e-05
+416492e-05
+314195e-05
+172929e-05
+146137e-06
-148573e-05
-299582e-05
-416492e-05
-479818e-05
-477382e-05
-409185e-05
-277661e-05
-107167e-05
+755043e-06
+255740e-05
+414056e-05
+516352e-05
+540708e-05
+489560e-05
+365343e-05
+182672e-05
-170494e-06
-209464e-05
-377522e-05
-489560e-05
-530966e-05
-504174e-05
-409185e-05
-265483e-05
-998605e-06
+657618e-06
+224077e-05
+360472e-05
+453026e-05
+501738e-05
+501738e-05
+453026e-05
+358037e-05
+219206e-05
+584549e-06
-112039e-05
-284968e-05
-431105e-05
-523659e-05
-550451e-05
-506610e-05
-389700e-05
-216770e-05
-267919e-06
+160751e-05
+321502e-05
+423798e-05
+450590e-05
+394571e-05
+280097e-05
+126652e-05
-365343e-06
-187543e-05
-314195e-05
-392135e-05
-414056e-05
-379957e-05
-299582e-05
-185107e-05
-584549e-06
+755043e-06
+211899e-05
+328809e-05
+416492e-05
+465204e-05
+472511e-05
+438412e-05
+358037e-05
+238691e-05
+974249e-06
-487125e-06
-189979e-05
-314195e-05
-404313e-05
-450590e-05
-443283e-05
-379957e-05
-282532e-05
-158315e-05
-267919e-06
+949893e-06
+209464e-05
+292275e-05
+336116e-05
+340987e-05
+311760e-05
+250869e-05
+158315e-05
+511481e-06
-608906e-06
-170494e-05
-267919e-05
-338552e-05
-370215e-05
-360472e-05
-314195e-05
-228949e-05
-109603e-05
+194850e-06
+155880e-05
+284968e-05
+389700e-05
+460333e-05
+477382e-05
+433541e-05
+333680e-05
+185107e-05
+730687e-07
-187543e-05
-379957e-05
-530966e-05
-613777e-05
-618648e-05
-538273e-05
-372650e-05
-153444e-05
+852468e-06
+314195e-05
+494431e-05
+594292e-05
+606470e-05
+538273e-05
+397007e-05
+207028e-05
+170494e-06
-153444e-05
-287404e-05
-367779e-05
-394571e-05
-362908e-05
-289839e-05
-197285e-05
-876824e-06
+146137e-06
+974249e-06
+168058e-05
+211899e-05
+226513e-05
+209464e-05
+163187e-05
+998605e-06
+292275e-06
-438412e-06
-116910e-05
-177800e-05
-219206e-05
-233820e-05
-219206e-05
-175365e-05
-104732e-05
-194850e-06
+803756e-06
+185107e-05
+272790e-05
+331245e-05
+350730e-05
+328809e-05
+260612e-05
+151009e-05
+292275e-06
-925537e-06
-207028e-05
-289839e-05
-326373e-05
-319067e-05
-265483e-05
-168058e-05
-535837e-06
+633262e-06
+175365e-05
+265483e-05
+316631e-05
+321502e-05
+282532e-05
+204592e-05
+974249e-06
-146137e-06
-119346e-05
-219206e-05
-299582e-05
-348294e-05
-367779e-05
-350730e-05
-299582e-05
-219206e-05
-112039e-05
+243562e-07
+124217e-05
+248434e-05
+345858e-05
+401878e-05
+404313e-05
+345858e-05
+238691e-05
+998605e-06
-414056e-06
-170494e-05
-277661e-05
-338552e-05
-350730e-05
-321502e-05
-248434e-05
-148573e-05
-487125e-06
+389700e-06
+114474e-05
+177800e-05
+216770e-05
+233820e-05
+236255e-05
+224077e-05
+194850e-05
+153444e-05
+998605e-06
+340987e-06
-389700e-06
-119346e-05
-199721e-05
-267919e-05
-306888e-05
-309324e-05
-272790e-05
-194850e-05
-828112e-06
+365343e-06
+158315e-05
+265483e-05
+333680e-05
+365343e-05
+345858e-05
+284968e-05
+197285e-05
+925537e-06
+000000e+00
-730687e-06
-131524e-05
-160751e-05
-163187e-05
-148573e-05
-119346e-05
-852468e-06
-511481e-06
-219206e-06
-487125e-07
+730687e-07
+194850e-06
+316631e-06
+462768e-06
+584549e-06
+657618e-06
+633262e-06
+438412e-06
+121781e-06
-292275e-06
-852468e-06
-143702e-05
-197285e-05
-231384e-05
-228949e-05
-192414e-05
-124217e-05
-340987e-06
+681974e-06
+172929e-05
+258176e-05
+304453e-05
+311760e-05
+272790e-05
+192414e-05
+949893e-06
-243562e-07
-974249e-06
-182672e-05
-241127e-05
-272790e-05
-275225e-05
-245998e-05
-194850e-05
-124217e-05
-414056e-06
+389700e-06
+116910e-05
+187543e-05
+228949e-05
+233820e-05
+199721e-05
+131524e-05
+462768e-06
-414056e-06
-126652e-05
-199721e-05
-236255e-05
-231384e-05
-187543e-05
-109603e-05
-146137e-06
+925537e-06
+204592e-05
+292275e-05
+350730e-05
+375086e-05
+348294e-05
+282532e-05
+187543e-05
+706331e-06
-462768e-06
-153444e-05
-241127e-05
-292275e-05
-302017e-05
-267919e-05
-197285e-05
-112039e-05
-267919e-06
+511481e-06
+112039e-05
+143702e-05
+141266e-05
+104732e-05
+511481e-06
+000000e+00
-511481e-06
-998605e-06
-136395e-05
-151009e-05
-148573e-05
-131524e-05
-901181e-06
-365343e-06
+219206e-06
+901181e-06
+160751e-05
+224077e-05
+265483e-05
+275225e-05
+248434e-05
+180236e-05
+779399e-06
-365343e-06
-158315e-05
-275225e-05
-360472e-05
-401878e-05
-392135e-05
-338552e-05
-243562e-05
-124217e-05
-730687e-07
+102296e-05
+197285e-05
+263047e-05
+292275e-05
+284968e-05
+253305e-05
+199721e-05
+134873e-05
+633262e-06
-194850e-06
-974249e-06
-160142e-05
-200026e-05
-208550e-05
-182367e-05
-122695e-05
-371432e-06
+618039e-06
+159838e-05
+242953e-05
+299277e-05
+320284e-05
+301713e-05
+245693e-05
+159229e-05
+517570e-06
-642396e-06
-174756e-05
-267919e-05
-332158e-05
-357732e-05
-341292e-05
-283750e-05
-191196e-05
-751999e-06
+493214e-06
+166536e-05
+261525e-05
+321807e-05
+342205e-05
+321502e-05
+264874e-05
+180845e-05
+806800e-06
-252696e-06
-125130e-05
-210072e-05
-273094e-05
-309020e-05
-314804e-05
-289839e-05
-236560e-05
-160751e-05
-709375e-06
+243562e-06
+112952e-05
+184194e-05
+229253e-05
+242040e-05
+221033e-05
+169580e-05
+934670e-06
+334898e-07
-873780e-06
-165927e-05
-222555e-05
-249042e-05
-243258e-05
-206419e-05
-145528e-05
-685019e-06
+164405e-06
+100469e-05
+176583e-05
+240213e-05
+288621e-05
+318458e-05
+325156e-05
+304757e-05
+254827e-05
+173538e-05
+633262e-06
-669796e-06
-204592e-05
-332463e-05
-430496e-05
-485907e-05
-472511e-05
-379957e-05
-228949e-05
-438412e-06
+163187e-05
+367779e-05
+528530e-05
+618648e-05
+630826e-05
+567500e-05
+426234e-05
+233820e-05
+267919e-06
-177800e-05
-350730e-05
-472511e-05
-530966e-05
-521223e-05
-450590e-05
-333680e-05
-189979e-05
-462768e-06
+852468e-06
+197285e-05
+267919e-05
+292275e-05
+272790e-05
+214335e-05
+129088e-05
+340987e-06
-608906e-06
-151009e-05
-224077e-05
-275225e-05
-292275e-05
-265483e-05
-204592e-05
-116910e-05
-170494e-06
+949893e-06
+207028e-05
+287404e-05
+331245e-05
+336116e-05
+299582e-05
+224077e-05
+126652e-05
+340987e-06
-511481e-06
-124217e-05
-175365e-05
-197285e-05
-197285e-05
-180236e-05
-148573e-05
-107167e-05
-584549e-06
-121781e-06
+365343e-06
+901181e-06
+136395e-05
+168058e-05
+177800e-05
+163187e-05
+126652e-05
+657618e-06
-243562e-07
-730687e-06
-143702e-05
-194850e-05
-211899e-05
-192414e-05
-143702e-05
-681974e-06
+170494e-06
+104732e-05
+187543e-05
+245998e-05
+267919e-05
+250869e-05
+199721e-05
+121781e-05
+340987e-06
-511481e-06
-131524e-05
-197285e-05
-231384e-05
-233820e-05
-209464e-05
-165622e-05
-109603e-05
-511481e-06
-730687e-07
+243562e-06
+487125e-06
+633262e-06
+681974e-06
+657618e-06
+657618e-06
+681974e-06
+706331e-06
+730687e-06
+657618e-06
+414056e-06
+487125e-07
-462768e-06
-112039e-05
-172929e-05
-214335e-05
-221642e-05
-185107e-05
-107167e-05
-974249e-07
+974249e-06
+202157e-05
+275225e-05
+306888e-05
+289839e-05
+228949e-05
+136395e-05
+365343e-06
-535837e-06
-133959e-05
-192414e-05
-221642e-05
-216770e-05
-182672e-05
-131524e-05
-681974e-06
-243562e-07
+681974e-06
+138831e-05
+199721e-05
+245998e-05
+263047e-05
+248434e-05
+199721e-05
+121781e-05
+316631e-06
-633262e-06
-153444e-05
-226513e-05
-263047e-05
-258176e-05
-216770e-05
-148573e-05
-681974e-06
+974249e-07
+755043e-06
+124217e-05
+146137e-05
+141266e-05
+109603e-05
+633262e-06
+146137e-06
-365343e-06
-876824e-06
-133959e-05
-168058e-05
-182672e-05
-180236e-05
-160751e-05
-116910e-05
-560193e-06
+974249e-07
+828112e-06
+155880e-05
+211899e-05
+238691e-05
+231384e-05
+189979e-05
+121781e-05
+414056e-06
-414056e-06
-121781e-05
-189979e-05
-228949e-05
-236255e-05
-214335e-05
-165622e-05
-974249e-06
-219206e-06
+560193e-06
+131524e-05
+194850e-05
+238691e-05
+250869e-05
+231384e-05
+185107e-05
+114474e-05
+340987e-06
-438412e-06
-119346e-05
-177800e-05
-204592e-05
-192414e-05
-146137e-05
-755043e-06
+146137e-06
+112039e-05
+209464e-05
+284968e-05
+316631e-05
+311760e-05
+265483e-05
+177800e-05
+633262e-06
-633262e-06
-187543e-05
-297146e-05
-379957e-05
-421363e-05
-411620e-05
-355601e-05
-255740e-05
-129088e-05
+243562e-07
+133959e-05
+255740e-05
+345858e-05
+384828e-05
+372650e-05
+321502e-05
+224077e-05
+901181e-06
-487125e-06
-185107e-05
-304453e-05
-387264e-05
-426234e-05
-409185e-05
-340987e-05
-228949e-05
-876824e-06
+560193e-06
+194850e-05
+314195e-05
+394571e-05
+426234e-05
+399442e-05
+321502e-05
+202157e-05
+584549e-06
-901181e-06
-227426e-05
-338247e-05
-410707e-05
-428974e-05
-391526e-05
-304757e-05
-181149e-05
-359254e-06
+112952e-05
+248434e-05
+358645e-05
+432628e-05
+463377e-05
+450590e-05
+396702e-05
+308715e-05
+195459e-05
+678930e-06
-605861e-06
-179018e-05
-275530e-05
-340683e-05
-367475e-05
-354079e-05
-302017e-05
-217684e-05
-111734e-05
+121781e-07
+106559e-05
+190587e-05
+242953e-05
+257872e-05
+235647e-05
+181149e-05
+104427e-05
+158315e-06
-718509e-06
-147355e-05
-204592e-05
-238691e-05
-246607e-05
-230166e-05
-190587e-05
-131219e-05
-572371e-06
+255740e-06
+109299e-05
+184194e-05
+241431e-05
+271572e-05
+269441e-05
+232298e-05
+161969e-05
+669796e-06
-411011e-06
-147355e-05
-236255e-05
-294710e-05
-313282e-05
-289535e-05
+000000e+00
+000000e+00
+000000e+00
+000000e+00
[ENDDATA]
