[FILEINFO]
File: D:\CMC thesis\AE software\TUNGSTEN\Vallen\T29.tra
SampleRate[Hz]: 10000000
SetsOnFile: 3
Samples: 2048
[SETINFO]
Set: 2
Index: 2
Time:  15 00:53:23 655.0660
Channel: 1
PreTriggerSamples: 100
Data: Amplitude [mV]
[DATA]
+000000e+00
+000000e+00
+000000e+00
-304453e-08
-304453e-08
-304453e-08
-608906e-08
-608906e-08
-304453e-08
-304453e-08
-304453e-08
+000000e+00
+000000e+00
+304453e-08
+000000e+00
+000000e+00
+000000e+00
-304453e-08
-304453e-08
-608906e-08
-608906e-08
-608906e-08
-304453e-08
-608906e-08
-608906e-08
-304453e-08
+000000e+00
+000000e+00
+000000e+00
+000000e+00
+304453e-08
+000000e+00
-304453e-08
-304453e-08
-304453e-08
-608906e-08
-608906e-08
-304453e-08
-304453e-08
-304453e-08
-304453e-08
-304453e-08
+000000e+00
+000000e+00
+000000e+00
+304453e-08
+304453e-08
+304453e-08
+000000e+00
-304453e-08
-304453e-08
-304453e-08
-304453e-08
-608906e-08
-608906e-08
-304453e-08
-304453e-08
-304453e-08
-304453e-08
-304453e-08
+000000e+00
+000000e+00
+000000e+00
+000000e+00
-304453e-08
-304453e-08
-304453e-08
-304453e-08
-304453e-08
-304453e-08
-304453e-08
-304453e-08
-304453e-08
-304453e-08
-304453e-08
-304453e-08
-304453e-08
-304453e-08
+000000e+00
+000000e+00
+000000e+00
+304453e-08
+304453e-08
+304453e-08
+000000e+00
-304453e-08
-304453e-08
+000000e+00
-304453e-08
-304453e-08
-608906e-08
-608906e-08
-608906e-08
-608906e-08
-608906e-08
-608906e-08
-913359e-08
-121781e-07
-274008e-07
-456679e-07
-761132e-07
-124826e-06
-188761e-06
-258785e-06
-313586e-06
-328809e-06
-255740e-06
-639351e-07
+280097e-06
+785488e-06
+142179e-05
+212508e-05
+279488e-05
+330636e-05
+348294e-05
+316631e-05
+219206e-05
+535837e-06
-180236e-05
-472511e-05
-794013e-05
-111308e-04
-138100e-04
-154175e-04
-155149e-04
-137369e-04
-969378e-05
-353165e-05
+433541e-05
+132498e-04
+221155e-04
+299338e-04
+356088e-04
+381419e-04
+369240e-04
+315900e-04
+222129e-04
+942586e-05
-560193e-05
-214335e-04
-363882e-04
-486150e-04
-565308e-04
-589664e-04
-551912e-04
-451321e-04
-295928e-04
-101078e-04
+113500e-04
+323451e-04
+501738e-04
+624981e-04
+676129e-04
+646414e-04
+536568e-04
+357306e-04
+129332e-04
-120076e-04
-360229e-04
-560193e-04
-694153e-04
-742865e-04
-697319e-04
-560680e-04
-348294e-04
-850032e-05
+197529e-04
+463499e-04
+680269e-04
+818856e-04
+859288e-04
+795718e-04
+633506e-04
+390430e-04
+964507e-05
-212630e-04
-498572e-04
-726059e-04
-867082e-04
-903129e-04
-829330e-04
-654452e-04
-398711e-04
-940150e-05
+220911e-04
+508071e-04
+732392e-04
+866595e-04
+893874e-04
+811793e-04
+631070e-04
+375329e-04
+774528e-05
-226269e-04
-497598e-04
-701947e-04
-815934e-04
-828599e-04
-739455e-04
-561655e-04
-320772e-04
-489560e-05
+218232e-04
+446937e-04
+609636e-04
+686846e-04
+672232e-04
+570423e-04
+397737e-04
+179505e-04
-557758e-05
-276200e-04
-453757e-04
-567744e-04
-605009e-04
-563603e-04
-451564e-04
-286186e-04
-908487e-05
+108872e-04
+286673e-04
+418927e-04
+489560e-04
+493944e-04
+432810e-04
+315900e-04
+161969e-04
-706331e-06
-166353e-04
-292275e-04
-368510e-04
-386290e-04
-343179e-04
-245998e-04
-108629e-04
+477382e-05
+200695e-04
+327591e-04
+409428e-04
+434759e-04
+398468e-04
+303722e-04
+162212e-04
-608906e-06
-177557e-04
-328322e-04
-436464e-04
-486150e-04
-468127e-04
-383367e-04
-243806e-04
-667361e-05
+124460e-04
+302748e-04
+443527e-04
+528287e-04
+543875e-04
+487612e-04
+367048e-04
+196068e-04
-487125e-06
-210438e-04
-395545e-04
-538516e-04
-624007e-04
-641056e-04
-587472e-04
-469832e-04
-299338e-04
-959635e-05
+119102e-04
+322233e-04
+489560e-04
+602817e-04
+649093e-04
+621327e-04
+520980e-04
+359011e-04
+153931e-04
-718509e-05
-292031e-04
-478843e-04
-608662e-04
-664925e-04
-639595e-04
-533889e-04
-359985e-04
-139561e-04
+998605e-05
+328322e-04
+516596e-04
+640325e-04
+683192e-04
+639351e-04
+514891e-04
+326373e-04
+983992e-05
-139318e-04
-355844e-04
-523659e-04
-621815e-04
-637646e-04
-569692e-04
-428183e-04
-231871e-04
-365343e-06
+226026e-04
+426234e-04
+574076e-04
+651529e-04
+647632e-04
+563603e-04
+411377e-04
+210194e-04
-151009e-05
-235768e-04
-422824e-04
-552886e-04
-610854e-04
-589664e-04
-492727e-04
-335629e-04
-140048e-04
+657618e-05
+251600e-04
+391892e-04
+468370e-04
+470075e-04
+397250e-04
+262804e-04
+871953e-05
-103514e-04
-280584e-04
-415517e-04
-487125e-04
-485176e-04
-407723e-04
-264022e-04
-735558e-05
+137856e-04
+339039e-04
+501008e-04
+599650e-04
+619135e-04
+553130e-04
+406018e-04
+195581e-04
-530966e-05
-307619e-04
-533158e-04
-699998e-04
-784271e-04
-771849e-04
-659323e-04
-458141e-04
-193145e-04
+104732e-04
+398468e-04
+649581e-04
+826650e-04
+906782e-04
+877799e-04
+742134e-04
+513673e-04
+220424e-04
-101809e-04
-415761e-04
-682462e-04
-868787e-04
-951841e-04
-919204e-04
-772092e-04
-525607e-04
-208489e-04
+141266e-04
+482984e-04
+774041e-04
+949406e-04
+997144e-04
+989837e-04
+872927e-04
+606470e-04
+265483e-04
-108629e-04
-471537e-04
-779156e-04
-955738e-04
-997631e-04
-997631e-04
-901180e-04
-652747e-04
-323694e-04
+360472e-05
+383611e-04
+676616e-04
+881939e-04
+975954e-04
+948432e-04
+804730e-04
+564334e-04
+258420e-04
-750172e-05
-393597e-04
-657131e-04
-834688e-04
-905565e-04
-861967e-04
-710958e-04
-471780e-04
-176583e-04
+135421e-04
+424773e-04
+653478e-04
+793282e-04
+827625e-04
+752364e-04
+578217e-04
+329296e-04
+392135e-05
-252087e-04
-506366e-04
-688794e-04
-775502e-04
-756505e-04
-633749e-04
-425260e-04
-160020e-04
+123973e-04
+387751e-04
+596484e-04
+721919e-04
+749198e-04
+676860e-04
+516596e-04
+293005e-04
+387264e-05
-209464e-04
-417709e-04
-559950e-04
-618161e-04
-587472e-04
-475677e-04
-300069e-04
-879260e-05
+130306e-04
+323207e-04
+463743e-04
+535350e-04
+527069e-04
+440604e-04
+290326e-04
+966942e-05
-113987e-04
-311760e-04
-467396e-04
-558732e-04
-572859e-04
-505148e-04
-363638e-04
-168302e-04
+562629e-05
+276930e-04
+462038e-04
+584793e-04
+625224e-04
+576756e-04
+443770e-04
+241857e-04
-487125e-07
-249895e-04
-471293e-04
-632288e-04
-710228e-04
-691473e-04
-577486e-04
-381662e-04
-131037e-04
+141510e-04
+400173e-04
+607931e-04
+737507e-04
+771849e-04
+705844e-04
+547772e-04
+318823e-04
+496867e-05
-224321e-04
-466909e-04
-647389e-04
-742865e-04
-742134e-04
-646171e-04
-467640e-04
-230897e-04
+345858e-05
+293736e-04
+512942e-04
+665656e-04
+733366e-04
+707548e-04
+590882e-04
+399442e-04
+158315e-04
-102053e-04
-347076e-04
-545092e-04
-671745e-04
-709984e-04
-654939e-04
-514404e-04
-306401e-04
-589421e-05
+194850e-04
+422337e-04
+593805e-04
+686359e-04
+689281e-04
+602086e-04
+436707e-04
+216283e-04
-311760e-05
-272790e-04
-478113e-04
-622302e-04
-686846e-04
-665169e-04
-562385e-04
-391892e-04
-176339e-04
+565065e-05
+276443e-04
+455705e-04
+573589e-04
+614995e-04
+573833e-04
+457166e-04
+282045e-04
+696588e-05
-152470e-04
-354870e-04
-511481e-04
-601599e-04
-613290e-04
-544849e-04
-403339e-04
-206784e-04
+177800e-05
+242344e-04
+437681e-04
+576999e-04
+642761e-04
+626442e-04
+530722e-04
+368266e-04
+161238e-04
-630826e-05
-274738e-04
-444014e-04
-550451e-04
-581627e-04
-534863e-04
-416735e-04
-244537e-04
-433541e-05
+159777e-04
+338308e-04
+468614e-04
+535593e-04
+532184e-04
+460576e-04
+332950e-04
+167327e-04
-131524e-05
-184377e-04
-324425e-04
-416248e-04
-449372e-04
-421363e-04
-338064e-04
-213117e-04
-643004e-05
+881695e-05
+222129e-04
+320041e-04
+369240e-04
+364369e-04
+307863e-04
+208489e-04
+808627e-05
-567500e-05
-184377e-04
-284724e-04
-346589e-04
-363151e-04
-333193e-04
-264509e-04
-168789e-04
-591856e-05
+489560e-05
+139805e-04
+202644e-04
+231384e-04
+224808e-04
+186569e-04
+124947e-04
+504174e-05
-248434e-05
-889002e-05
-131524e-04
-147355e-04
-135908e-04
-979120e-05
-404313e-05
+255740e-05
+901180e-05
+143215e-04
+175365e-04
+180967e-04
+158803e-04
+111795e-04
+465204e-05
-280097e-05
-100591e-04
-161238e-04
-201426e-04
-213848e-04
-196068e-04
-150765e-04
-820805e-05
+243562e-06
+901180e-05
+170494e-04
+233333e-04
+269623e-04
+274495e-04
+246729e-04
+188761e-04
+105706e-04
+755043e-06
-927972e-05
-183646e-04
-253305e-04
-292518e-04
-296902e-04
-265483e-04
-201426e-04
-112282e-04
-876824e-06
+964507e-05
+190466e-04
+262073e-04
+302017e-04
+306645e-04
+274251e-04
+207759e-04
+114231e-04
+292275e-06
-112282e-04
-217258e-04
-301043e-04
-354627e-04
-369971e-04
-343666e-04
-280097e-04
-186082e-04
-706331e-05
+521223e-05
+168302e-04
+265483e-04
+333193e-04
+364613e-04
+356575e-04
+310785e-04
+232846e-04
+131524e-04
+180236e-05
-969378e-05
-200939e-04
-282289e-04
-333437e-04
-349755e-04
-329296e-04
-273764e-04
-188517e-04
-828112e-05
+326373e-05
+145163e-04
+242344e-04
+314195e-04
+353165e-04
+353896e-04
+316387e-04
+245511e-04
+148086e-04
+353165e-05
-803756e-05
-186812e-04
-271085e-04
-323207e-04
-337821e-04
-312490e-04
-250138e-04
-156854e-04
-431105e-05
+781835e-05
+193632e-04
+287891e-04
+350730e-04
+374599e-04
+356088e-04
+297633e-04
+206297e-04
+925537e-05
-306888e-05
-147842e-04
-246485e-04
-316144e-04
-349999e-04
-344884e-04
-303966e-04
-234550e-04
-144432e-04
-460333e-05
+491996e-05
+132254e-04
+193145e-04
+226513e-04
+231871e-04
+209951e-04
+165379e-04
+104975e-04
+358037e-05
-345858e-05
-988863e-05
-151496e-04
-187787e-04
-205079e-04
-202887e-04
-182428e-04
-146137e-04
-969378e-05
-389700e-05
+221642e-05
+806191e-05
+131767e-04
+170737e-04
+194119e-04
+199478e-04
+186082e-04
+153931e-04
+106437e-04
+487125e-05
-136395e-05
-730687e-05
-123730e-04
-159777e-04
-176339e-04
-171224e-04
-144920e-04
-100104e-04
-409185e-05
+263047e-05
+937715e-05
+155636e-04
+205079e-04
+235281e-04
+242588e-04
+225052e-04
+183159e-04
+120563e-04
+423798e-05
-433541e-05
-127383e-04
-200939e-04
-254035e-04
-280340e-04
-276443e-04
-241857e-04
-178775e-04
-942586e-05
+219206e-06
+993734e-05
+184864e-04
+249164e-04
+284481e-04
+286186e-04
+253792e-04
+190466e-04
+102783e-04
+000000e+00
-105219e-04
-201182e-04
-277174e-04
-322476e-04
-332219e-04
-305184e-04
-243319e-04
-152714e-04
-438412e-05
+708766e-05
+178044e-04
+263291e-04
+315170e-04
+327348e-04
+297633e-04
+228949e-04
+129819e-04
+121781e-05
-108385e-04
-215065e-04
-294223e-04
-335385e-04
-332950e-04
-286673e-04
-201913e-04
-891438e-05
+377522e-05
+161725e-04
+266214e-04
+339039e-04
+370215e-04
+355844e-04
+298607e-04
+206541e-04
+906052e-05
-348294e-05
-153201e-04
-250869e-04
-315657e-04
-340744e-04
-325399e-04
-272059e-04
-187056e-04
-813498e-05
+319067e-05
+138587e-04
+227244e-04
+288621e-04
+315413e-04
+306158e-04
+262804e-04
+190709e-04
+993734e-05
-487125e-07
-954764e-05
-173903e-04
-227731e-04
-249895e-04
-239665e-04
-200452e-04
-137856e-04
-621084e-05
+158315e-05
+845161e-05
+134934e-04
+160751e-04
+158559e-04
+131037e-04
+828112e-05
+216770e-05
-421363e-05
-996170e-05
-141997e-04
-163674e-04
-161725e-04
-136151e-04
-910923e-05
-340987e-05
+258176e-05
+796449e-05
+118858e-04
+139074e-04
+137126e-04
+113744e-04
+737994e-05
+231384e-05
-297146e-05
-752607e-05
-106437e-04
-117641e-04
-105462e-04
-723380e-05
-233820e-05
+355601e-05
+954764e-05
+145894e-04
+178531e-04
+188274e-04
+172442e-04
+131037e-04
+677103e-05
-949893e-06
-896309e-05
-162700e-04
-218962e-04
-247703e-04
-244293e-04
-207759e-04
-139561e-04
-484689e-05
+555322e-05
+159290e-04
+247703e-04
+308593e-04
+332706e-04
+315170e-04
+255740e-04
+160264e-04
+392135e-05
-927972e-05
-218962e-04
-323694e-04
-392866e-04
-416979e-04
-392379e-04
-320284e-04
-208489e-04
-713637e-05
+767221e-05
+217501e-04
+332706e-04
+409672e-04
+437925e-04
+413082e-04
+337090e-04
+217745e-04
+684410e-05
-937715e-05
-248677e-04
-378252e-04
-467152e-04
-502713e-04
-479574e-04
-400173e-04
-272790e-04
-110821e-04
+677103e-05
+242101e-04
+391648e-04
+498816e-04
+550451e-04
+538760e-04
+465448e-04
+337821e-04
+169032e-04
-204592e-05
-208002e-04
-371432e-04
-491509e-04
-552399e-04
-546310e-04
-473242e-04
-340257e-04
-163430e-04
+358037e-05
+233333e-04
+404801e-04
+529017e-04
+590151e-04
+580165e-04
+498572e-04
+356332e-04
+170981e-04
-358037e-05
-237230e-04
-408698e-04
-527556e-04
-578217e-04
-555566e-04
-461307e-04
-307376e-04
-113013e-04
+954764e-05
+290083e-04
+447180e-04
+545580e-04
+572371e-04
+524390e-04
+406505e-04
+234550e-04
+321502e-05
-176583e-04
-364856e-04
-508071e-04
-589908e-04
-598920e-04
-535106e-04
-406993e-04
-230410e-04
-284968e-05
+174391e-04
+352922e-04
+485663e-04
+557271e-04
+559950e-04
+492239e-04
+364126e-04
+193632e-04
+730687e-07
-189979e-04
-354870e-04
-472998e-04
-530966e-04
-522685e-04
-450103e-04
-324181e-04
-160751e-04
+182672e-05
+188761e-04
+330027e-04
+426234e-04
+465448e-04
+444501e-04
+368023e-04
+247703e-04
+100835e-04
-528530e-05
-191927e-04
-298607e-04
-359742e-04
-368510e-04
-324912e-04
-235281e-04
-113500e-04
+238691e-05
+158072e-04
+269380e-04
+343666e-04
+370945e-04
+346346e-04
+275469e-04
+168789e-04
+389700e-05
-945022e-05
-213117e-04
-301774e-04
-349025e-04
-348294e-04
-300556e-04
-213848e-04
-988863e-05
+282532e-05
+149304e-04
+248434e-04
+312734e-04
+333193e-04
+308106e-04
+242344e-04
+144676e-04
+282532e-05
-908487e-05
-196555e-04
-273764e-04
-312734e-04
-310298e-04
-267919e-04
-191927e-04
-932844e-05
+136395e-05
+113500e-04
+193632e-04
+242832e-04
+255740e-04
+233820e-04
+179018e-04
+100104e-04
+876824e-06
-830547e-05
-162212e-04
-219693e-04
-247216e-04
-242344e-04
-207759e-04
-147599e-04
-696588e-05
+153444e-05
+947457e-05
+159533e-04
+203131e-04
+220667e-04
+210925e-04
+177313e-04
+125435e-04
+628391e-05
-974249e-07
-582114e-05
-103027e-04
-129332e-04
-135177e-04
-123730e-04
-962071e-05
-569936e-05
-133959e-05
+306888e-05
+703895e-05
+101565e-04
+120563e-04
+125922e-04
+120563e-04
+103758e-04
+762350e-05
+418927e-05
+462768e-06
-326373e-05
-660054e-05
-930408e-05
-112769e-04
-122025e-04
-120563e-04
-109847e-04
-910923e-05
-674668e-05
-401878e-05
-116910e-05
+160751e-05
+426234e-05
+650311e-05
+832983e-05
+962071e-05
+102783e-04
+102296e-04
+932844e-05
+755043e-05
+487125e-05
+146137e-05
-258176e-05
-696588e-05
-110821e-04
-145407e-04
-169276e-04
-177070e-04
-166353e-04
-138100e-04
-930408e-05
-348294e-05
+292275e-05
+918230e-05
+145650e-04
+184133e-04
+202400e-04
+198260e-04
+171955e-04
+124947e-04
+625955e-05
-779399e-06
-784271e-05
-139561e-04
-184133e-04
-207759e-04
-205810e-04
-177800e-04
-127140e-04
-586985e-05
+197285e-05
+988863e-05
+169519e-04
+223590e-04
+253061e-04
+254523e-04
+227487e-04
+173660e-04
+100591e-04
+155880e-05
-725816e-05
-151496e-04
-212143e-04
-247459e-04
-253305e-04
-228705e-04
-175121e-04
-100104e-04
-126652e-05
+781835e-05
+159777e-04
+221885e-04
+256715e-04
+259394e-04
+229923e-04
+170250e-04
+889002e-05
-560193e-06
-101809e-04
-186082e-04
-248921e-04
-281802e-04
-280584e-04
-246241e-04
-182428e-04
-974249e-05
-146137e-06
+935279e-05
+175608e-04
+234794e-04
+264265e-04
+261586e-04
+227000e-04
+164648e-04
+828112e-05
-901181e-06
-998605e-05
-179262e-04
-238204e-04
-269136e-04
-268406e-04
-236499e-04
-176826e-04
-954764e-05
-194850e-06
+915794e-05
+173660e-04
+233820e-04
+264022e-04
+260368e-04
+222129e-04
+154906e-04
+660054e-05
-316631e-05
-124704e-04
-201426e-04
-249408e-04
-262560e-04
-240152e-04
-184864e-04
-103758e-04
-657618e-06
+925537e-05
+180236e-04
+246241e-04
+281558e-04
+282045e-04
+248434e-04
+185838e-04
+102540e-04
+876824e-06
-832983e-05
-161725e-04
-217988e-04
-245267e-04
-241370e-04
-208246e-04
-150765e-04
-757479e-05
+657618e-06
+845161e-05
+148817e-04
+191684e-04
+208733e-04
+198260e-04
+161482e-04
+104001e-04
+338552e-05
-406749e-05
-109847e-04
-164648e-04
-198260e-04
-205810e-04
-187056e-04
-144676e-04
-835419e-05
-126652e-05
+589421e-05
+122025e-04
+166840e-04
+187787e-04
+183646e-04
+154175e-04
+104001e-04
+409185e-05
-272790e-05
-908487e-05
-140292e-04
-170250e-04
-177800e-04
-161482e-04
-124947e-04
-742865e-05
-168058e-05
+399442e-05
+879260e-05
+119102e-04
+131037e-04
+125435e-04
+102540e-04
+664925e-05
+236255e-05
-182672e-05
-526095e-05
-750172e-05
-818369e-05
-730687e-05
-499303e-05
-168058e-05
+214335e-05
+586985e-05
+884131e-05
+106680e-04
+110334e-04
+979120e-05
+713637e-05
+340987e-05
-828112e-06
-494431e-05
-842726e-05
-108142e-04
-117153e-04
-108872e-04
-852468e-05
-504174e-05
-925537e-06
+333680e-05
+711202e-05
+976685e-05
+108872e-04
+103027e-04
+811062e-05
+453026e-05
+243562e-07
-482253e-05
-945022e-05
-130306e-04
-150278e-04
-152470e-04
-135664e-04
-100104e-04
-496867e-05
+828112e-06
+674668e-05
+121050e-04
+162456e-04
+186082e-04
+189004e-04
+170981e-04
+133472e-04
+798884e-05
+163187e-05
-506610e-05
-113744e-04
-165622e-04
-200939e-04
-215309e-04
-206054e-04
-174147e-04
-122999e-04
-567500e-05
+168058e-05
+881695e-05
+149547e-04
+193145e-04
+213604e-04
+208002e-04
+176826e-04
+124217e-04
+560193e-05
-175365e-05
-871953e-05
-144189e-04
-180480e-04
-192901e-04
-180723e-04
-145894e-04
-925537e-05
-275225e-05
+406749e-05
+103514e-04
+154906e-04
+189248e-04
+202400e-04
+194850e-04
+168302e-04
+124704e-04
+689281e-05
+755043e-06
-540708e-05
-109359e-04
-153688e-04
-182428e-04
-192171e-04
-183159e-04
-154906e-04
-110821e-04
-557758e-05
+511481e-06
+652747e-05
+118128e-04
+157828e-04
+179749e-04
+180236e-04
+158072e-04
+115936e-04
+579678e-05
-104732e-05
-803756e-05
-142484e-04
-188761e-04
-213604e-04
-212873e-04
-185351e-04
-133959e-04
-645440e-05
+141266e-05
+913359e-05
+157341e-04
+204105e-04
+224564e-04
+215065e-04
+177800e-04
+116666e-04
+397007e-05
-421363e-05
-119589e-04
-181454e-04
-220180e-04
-230897e-04
-211412e-04
-164892e-04
-974249e-05
-165622e-05
+681974e-05
+144920e-04
+204592e-04
+240152e-04
+247703e-04
+226026e-04
+177557e-04
+108872e-04
+282532e-05
-543144e-05
-129332e-04
-187299e-04
-221398e-04
-228218e-04
-206784e-04
-160508e-04
-957200e-05
-187543e-05
+613777e-05
+134690e-04
+192658e-04
+228949e-04
+239909e-04
+223590e-04
+182428e-04
+121050e-04
+448155e-05
-360472e-05
-112526e-04
-176826e-04
-221398e-04
-241857e-04
-235038e-04
-202400e-04
-149304e-04
-811062e-05
-633262e-06
+650311e-05
+125435e-04
+167084e-04
+185351e-04
+179749e-04
+150521e-04
+102783e-04
+435977e-05
-199721e-05
-786706e-05
-124460e-04
-151983e-04
-158559e-04
-143215e-04
-108629e-04
-604034e-05
-608906e-06
+465204e-05
+906052e-05
+119346e-04
+129575e-04
+122268e-04
+979120e-05
+601599e-05
+163187e-05
-280097e-05
-664925e-05
-949893e-05
-110821e-04
-112039e-04
-100348e-04
-784271e-05
-494431e-05
-172929e-05
+143702e-05
+433541e-05
+669796e-05
+837854e-05
+932844e-05
+954764e-05
+920665e-05
+835419e-05
+708766e-05
+569936e-05
+418927e-05
+267919e-05
+136395e-05
+267919e-06
-584549e-06
-131524e-05
-199721e-05
-255740e-05
-297146e-05
-331245e-05
-358037e-05
-372650e-05
-362908e-05
-323938e-05
-250869e-05
-138831e-05
-487125e-07
+148573e-05
+311760e-05
+450590e-05
+540708e-05
+557758e-05
+487125e-05
+314195e-05
+511481e-06
-284968e-05
-660054e-05
-102783e-04
-132741e-04
-150521e-04
-153931e-04
-139074e-04
-106193e-04
-586985e-05
-121781e-06
+591856e-05
+113987e-04
+156367e-04
+179993e-04
+180967e-04
+158315e-04
+113744e-04
+526095e-05
-180236e-05
-893874e-05
-152470e-04
-199234e-04
-222616e-04
-219206e-04
-189491e-04
-134690e-04
-606470e-05
+238691e-05
+109603e-04
+186082e-04
+243806e-04
+275956e-04
+277905e-04
+249164e-04
+192414e-04
+113744e-04
+236255e-05
-672232e-05
-147599e-04
-207028e-04
-238935e-04
-239909e-04
-209707e-04
-153688e-04
-781835e-05
+706331e-06
+891438e-05
+159290e-04
+209464e-04
+233089e-04
+227974e-04
+195824e-04
+141023e-04
+699024e-05
-852468e-06
-847597e-05
-149791e-04
-196798e-04
-221155e-04
-220911e-04
-197042e-04
-152470e-04
-930408e-05
-263047e-05
+411620e-05
+100835e-04
+145407e-04
+170981e-04
+174391e-04
+155149e-04
+116423e-04
+635698e-05
+316631e-06
-565065e-05
-108385e-04
-146137e-04
-165379e-04
-163187e-04
-140292e-04
-100835e-04
-501738e-05
+414056e-06
+545580e-05
+947457e-05
+119102e-04
+125678e-04
+115692e-04
+901180e-05
+533401e-05
+126652e-05
-272790e-05
-608906e-05
-840290e-05
-947457e-05
-923101e-05
-784271e-05
-550451e-05
-253305e-05
+608906e-06
+362908e-05
+621084e-05
+808627e-05
+913359e-05
+930408e-05
+864646e-05
+725816e-05
+543144e-05
+323938e-05
+102296e-05
-803756e-06
-214335e-05
-292275e-05
-311760e-05
-275225e-05
-199721e-05
-104732e-05
-170494e-06
+487125e-06
+901181e-06
+925537e-06
+608906e-06
+146137e-06
-414056e-06
-974249e-06
-136395e-05
-151009e-05
-133959e-05
-901181e-06
-365343e-06
+974249e-07
+414056e-06
+535837e-06
+365343e-06
-974249e-07
-876824e-06
-189979e-05
-299582e-05
-411620e-05
-499303e-05
-543144e-05
-543144e-05
-494431e-05
-394571e-05
-250869e-05
-901181e-06
+706331e-06
+224077e-05
+345858e-05
+421363e-05
+440848e-05
+392135e-05
+294710e-05
+165622e-05
+267919e-06
-102296e-05
-214335e-05
-282532e-05
-297146e-05
-260612e-05
-172929e-05
-584549e-06
+657618e-06
+189979e-05
+287404e-05
+350730e-05
+370215e-05
+338552e-05
+267919e-05
+168058e-05
+560193e-06
-487125e-06
-136395e-05
-194850e-05
-204592e-05
-158315e-05
-608906e-06
+803756e-06
+255740e-05
+450590e-05
+625955e-05
+755043e-05
+825676e-05
+806191e-05
+689281e-05
+482253e-05
+197285e-05
-129088e-05
-460333e-05
-752607e-05
-971814e-05
-108385e-04
-106193e-04
-920665e-05
-686846e-05
-382393e-05
-535837e-06
+253305e-05
+501738e-05
+647876e-05
+677103e-05
+594292e-05
+409185e-05
+146137e-05
-148573e-05
-435977e-05
-681974e-05
-854904e-05
-932844e-05
-906052e-05
-781835e-05
-579678e-05
-311760e-05
-146137e-06
+275225e-05
+533401e-05
+735558e-05
+871953e-05
+923101e-05
+889002e-05
+784271e-05
+625955e-05
+423798e-05
+204592e-05
+243562e-07
-177800e-05
-326373e-05
-428670e-05
-474946e-05
-467640e-05
-416492e-05
-331245e-05
-224077e-05
-114474e-05
-170494e-06
+657618e-06
+126652e-05
+172929e-05
+204592e-05
+224077e-05
+243562e-05
+265483e-05
+292275e-05
+319067e-05
+338552e-05
+343423e-05
+323938e-05
+267919e-05
+172929e-05
+511481e-06
-901181e-06
-243562e-05
-389700e-05
-501738e-05
-560193e-05
-555322e-05
-482253e-05
-353165e-05
-182672e-05
+000000e+00
+177800e-05
+331245e-05
+426234e-05
+448155e-05
+379957e-05
+231384e-05
+267919e-06
-224077e-05
-496867e-05
-742865e-05
-920665e-05
-100348e-04
-962071e-05
-784271e-05
-482253e-05
-852468e-06
+372650e-05
+835419e-05
+122512e-04
+149060e-04
+159046e-04
+148573e-04
+117397e-04
+681974e-05
+560193e-06
-621084e-05
-126409e-04
-178288e-04
-209464e-04
-214822e-04
-192171e-04
-143215e-04
-723380e-05
+114474e-05
+964507e-05
+172199e-04
+228461e-04
+257445e-04
+255984e-04
+222616e-04
+161238e-04
+815934e-05
-681974e-06
-918230e-05
-161969e-04
-208976e-04
-226269e-04
-211656e-04
-168058e-04
-101809e-04
-216770e-05
+625955e-05
+139318e-04
+197529e-04
+230653e-04
+233820e-04
+206297e-04
+151496e-04
+755043e-05
-116910e-05
-983992e-05
-174391e-04
-229679e-04
-256228e-04
-250869e-04
-213361e-04
-148573e-04
-643004e-05
+280097e-05
+114718e-04
+184864e-04
+227974e-04
+237717e-04
+212630e-04
+156611e-04
+762350e-05
-175365e-05
-110577e-04
-190466e-04
-245754e-04
-268893e-04
-256958e-04
-210681e-04
-136151e-04
-440848e-05
+543144e-05
+145163e-04
+216527e-04
+259150e-04
+266457e-04
+239422e-04
+180480e-04
+974249e-05
+121781e-06
-957200e-05
-180480e-04
-241857e-04
-271328e-04
-265239e-04
-223103e-04
-151252e-04
-567500e-05
+489560e-05
+151252e-04
+237717e-04
+297146e-04
+322720e-04
+310785e-04
+261829e-04
+180723e-04
+784271e-05
-323938e-05
-139074e-04
-228218e-04
-289108e-04
-313708e-04
-298851e-04
-247216e-04
-165135e-04
-606470e-05
+526095e-05
+159046e-04
+246485e-04
+304696e-04
+326373e-04
+308350e-04
+252818e-04
+165622e-04
+569936e-05
-604034e-05
-170981e-04
-261342e-04
-321989e-04
-345128e-04
-328566e-04
-274008e-04
-186325e-04
-769657e-05
+399442e-05
+151009e-04
+242588e-04
+303966e-04
+326861e-04
+308350e-04
+251113e-04
+161238e-04
+494431e-05
-703895e-05
-184133e-04
-276687e-04
-337090e-04
-358524e-04
-337090e-04
-276930e-04
-184377e-04
-694153e-05
+526095e-05
+167327e-04
+261829e-04
+324669e-04
+348781e-04
+332219e-04
+277417e-04
+190709e-04
+832983e-05
-314195e-05
-140292e-04
-229192e-04
-288378e-04
-310785e-04
-293005e-04
-237960e-04
-152470e-04
-470075e-05
+664925e-05
+173660e-04
+260125e-04
+315900e-04
+334167e-04
+312734e-04
+254035e-04
+164405e-04
+545580e-05
-633262e-05
-173173e-04
-260855e-04
-316631e-04
-332706e-04
-306645e-04
-240883e-04
-142484e-04
-231384e-05
+102296e-04
+217014e-04
+305914e-04
+357793e-04
+364613e-04
+323451e-04
+238691e-04
+121294e-04
-153444e-05
-154418e-04
-276687e-04
-367292e-04
-414543e-04
-410890e-04
-356819e-04
-258907e-04
-129332e-04
+168058e-05
+160508e-04
+282289e-04
+367536e-04
+404801e-04
+388482e-04
+319797e-04
+207028e-04
+655183e-05
-884131e-05
-234063e-04
-350973e-04
-424286e-04
-443527e-04
-406018e-04
-314439e-04
-180723e-04
-221642e-05
+141997e-04
+289352e-04
+399929e-04
+460820e-04
+463743e-04
+407723e-04
+300556e-04
+155393e-04
-876824e-06
-170737e-04
-309568e-04
-406505e-04
-450103e-04
-435976e-04
-364613e-04
-245267e-04
-925537e-05
+740429e-05
+232846e-04
+364126e-04
+450590e-04
+481523e-04
+453269e-04
+368997e-04
+239909e-04
+811062e-05
-879260e-05
-243806e-04
-368266e-04
-445963e-04
-466665e-04
-428183e-04
-335629e-04
-200939e-04
-397007e-05
+000000e+00
+000000e+00
+000000e+00
+000000e+00
[ENDDATA]
