[FILEINFO]
File: D:\CMC thesis\AE software\TUNGSTEN\Vallen\T31.tra
SampleRate[Hz]: 10000000
SetsOnFile: 8
Samples: 2048
[SETINFO]
Set: 2
Index: 2
Time:  15 12:43:00 283.1841
Channel: 2
PreTriggerSamples: 100
Data: Amplitude [mV]
[DATA]
-304453e-08
-304453e-08
+000000e+00
+000000e+00
-304453e-08
-304453e-08
-304453e-08
-304453e-08
-608906e-08
-608906e-08
-608906e-08
-608906e-08
-608906e-08
-304453e-08
-304453e-08
-304453e-08
-608906e-08
-608906e-08
-608906e-08
-608906e-08
-913359e-08
-913359e-08
-608906e-08
-608906e-08
-913359e-08
-913359e-08
-913359e-08
-608906e-08
-608906e-08
-608906e-08
-608906e-08
-608906e-08
-608906e-08
-304453e-08
-304453e-08
-304453e-08
-304453e-08
+000000e+00
+000000e+00
+000000e+00
+000000e+00
+000000e+00
+000000e+00
-304453e-08
-608906e-08
-608906e-08
-608906e-08
-608906e-08
-608906e-08
-608906e-08
-608906e-08
-608906e-08
-304453e-08
-304453e-08
+000000e+00
+000000e+00
-304453e-08
-304453e-08
-304453e-08
+000000e+00
+000000e+00
+000000e+00
+304453e-08
+304453e-08
+608906e-08
+608906e-08
+608906e-08
+608906e-08
+608906e-08
+304453e-08
+000000e+00
+000000e+00
+000000e+00
-304453e-08
-304453e-08
-304453e-08
-304453e-08
-304453e-08
-304453e-08
-304453e-08
+000000e+00
+000000e+00
-304453e-08
-304453e-08
-304453e-08
-304453e-08
-608906e-08
-608906e-08
-608906e-08
-913359e-08
-913359e-08
-913359e-08
-608906e-08
-608906e-08
-608906e-08
-913359e-08
-152226e-07
-213117e-07
-304453e-07
-487125e-07
-700242e-07
-103514e-06
-143093e-06
-176583e-06
-188761e-06
-161360e-06
-761132e-07
+791577e-07
+301408e-06
+572371e-06
+861602e-06
+109603e-05
+121781e-05
+118432e-05
+962071e-06
+554104e-06
-608906e-08
-630217e-06
-122390e-05
-170189e-05
-198808e-05
-207028e-05
-199112e-05
-181149e-05
-161056e-05
-145528e-05
-135177e-05
-126652e-05
-112343e-05
-812889e-06
-258785e-06
+572371e-06
+164405e-05
+283141e-05
+398224e-05
+492909e-05
+551364e-05
+562324e-05
+523050e-05
+438108e-05
+304453e-05
+143702e-05
-487125e-07
-146137e-05
-284968e-05
-406749e-05
-504174e-05
-574807e-05
-613777e-05
-618648e-05
-589421e-05
-523659e-05
-421363e-05
-292275e-05
-141266e-05
+121781e-06
+160751e-05
+304453e-05
+418927e-05
+491996e-05
+513916e-05
+487125e-05
+406749e-05
+282532e-05
+133959e-05
-170494e-06
-160751e-05
-280097e-05
-345858e-05
-353165e-05
-299582e-05
-187543e-05
-389700e-06
+124217e-05
+284968e-05
+416492e-05
+494431e-05
+504174e-05
+445719e-05
+331245e-05
+168058e-05
-146137e-06
-204592e-05
-392135e-05
-543144e-05
-645440e-05
-684410e-05
-655183e-05
-552886e-05
-377522e-05
-138831e-05
+138831e-05
+423798e-05
+677103e-05
+864646e-05
+957200e-05
+935279e-05
+794013e-05
+548015e-05
+228949e-05
-124217e-05
-457897e-05
-733122e-05
-927972e-05
-102540e-04
-101078e-04
-893874e-05
-713637e-05
-484689e-05
-216770e-05
+389700e-06
+275225e-05
+489560e-05
+645440e-05
+742865e-05
+776964e-05
+737994e-05
+635698e-05
+465204e-05
+233820e-05
-194850e-06
-270354e-05
-499303e-05
-664925e-05
-750172e-05
-742865e-05
-635698e-05
-443283e-05
-185107e-05
+949893e-06
+370215e-05
+604034e-05
+759914e-05
+830547e-05
+798884e-05
+669796e-05
+457897e-05
+192414e-05
-755043e-06
-323938e-05
-523659e-05
-635698e-05
-660054e-05
-604034e-05
-472511e-05
-289839e-05
-949893e-06
+779399e-06
+216770e-05
+304453e-05
+326373e-05
+299582e-05
+231384e-05
+136395e-05
+438412e-06
-316631e-06
-876824e-06
-119346e-05
-121781e-05
-998605e-06
-608906e-06
-194850e-06
+194850e-06
+511481e-06
+657618e-06
+608906e-06
+316631e-06
-121781e-06
-657618e-06
-131524e-05
-199721e-05
-250869e-05
-272790e-05
-265483e-05
-228949e-05
-172929e-05
-998605e-06
-219206e-06
+535837e-06
+131524e-05
+209464e-05
+277661e-05
+321502e-05
+343423e-05
+345858e-05
+319067e-05
+255740e-05
+158315e-05
+414056e-06
-901181e-06
-231384e-05
-350730e-05
-426234e-05
-448155e-05
-406749e-05
-304453e-05
-153444e-05
+170494e-06
+192414e-05
+355601e-05
+470075e-05
+526095e-05
+523659e-05
+462768e-05
+348294e-05
+189979e-05
+194850e-06
-153444e-05
-323938e-05
-470075e-05
-569936e-05
-608906e-05
-579678e-05
-474946e-05
-299582e-05
-803756e-06
+165622e-05
+414056e-05
+611341e-05
+730687e-05
+752607e-05
+664925e-05
+472511e-05
+202157e-05
-998605e-06
-401878e-05
-657618e-05
-837854e-05
-927972e-05
-910923e-05
-803756e-05
-625955e-05
-394571e-05
-131524e-05
+138831e-05
+401878e-05
+638133e-05
+828112e-05
+959635e-05
+101322e-04
+976685e-05
+840290e-05
+606470e-05
+284968e-05
-852468e-06
-450590e-05
-774528e-05
-101322e-04
-112526e-04
-108385e-04
-901180e-05
-621084e-05
-275225e-05
+852468e-06
+401878e-05
+640569e-05
+776964e-05
+798884e-05
+718509e-05
+567500e-05
+358037e-05
+119346e-05
-998605e-06
-294710e-05
-453026e-05
-548015e-05
-577243e-05
-538273e-05
-433541e-05
-272790e-05
-803756e-06
+136395e-05
+362908e-05
+552886e-05
+686846e-05
+752607e-05
+733122e-05
+640569e-05
+474946e-05
+248434e-05
+730687e-07
-226513e-05
-438412e-05
-596728e-05
-684410e-05
-706331e-05
-662489e-05
-560193e-05
-414056e-05
-243562e-05
-779399e-06
+633262e-06
+175365e-05
+250869e-05
+277661e-05
+258176e-05
+199721e-05
+119346e-05
+414056e-06
-243562e-06
-755043e-06
-104732e-05
-998605e-06
-657618e-06
-170494e-06
+438412e-06
+114474e-05
+177800e-05
+219206e-05
+231384e-05
+209464e-05
+163187e-05
+998605e-06
+292275e-06
-365343e-06
-102296e-05
-158315e-05
-197285e-05
-216770e-05
-211899e-05
-189979e-05
-148573e-05
-876824e-06
-194850e-06
+560193e-06
+143702e-05
+228949e-05
+292275e-05
+321502e-05
+314195e-05
+263047e-05
+158315e-05
+243562e-06
-126652e-05
-280097e-05
-406749e-05
-482253e-05
-489560e-05
-431105e-05
-309324e-05
-143702e-05
+292275e-06
+194850e-05
+336116e-05
+423798e-05
+443283e-05
+397007e-05
+304453e-05
+177800e-05
+462768e-06
-779399e-06
-192414e-05
-277661e-05
-328809e-05
-343423e-05
-328809e-05
-284968e-05
-209464e-05
-109603e-05
-243562e-07
+109603e-05
+228949e-05
+328809e-05
+392135e-05
+406749e-05
+365343e-05
+280097e-05
+158315e-05
+243562e-06
-109603e-05
-236255e-05
-321502e-05
-358037e-05
-345858e-05
-292275e-05
-207028e-05
-102296e-05
-730687e-07
+730687e-06
+136395e-05
+172929e-05
+177800e-05
+153444e-05
+109603e-05
+535837e-06
+243562e-07
-414056e-06
-755043e-06
-901181e-06
-803756e-06
-414056e-06
+194850e-06
+998605e-06
+189979e-05
+265483e-05
+304453e-05
+304453e-05
+260612e-05
+165622e-05
+462768e-06
-828112e-06
-209464e-05
-306888e-05
-362908e-05
-375086e-05
-345858e-05
-289839e-05
-219206e-05
-153444e-05
-104732e-05
-730687e-06
-584549e-06
-487125e-06
-389700e-06
-243562e-06
-243562e-07
+292275e-06
+681974e-06
+102296e-05
+126652e-05
+136395e-05
+129088e-05
+116910e-05
+104732e-05
+998605e-06
+109603e-05
+126652e-05
+151009e-05
+177800e-05
+197285e-05
+207028e-05
+197285e-05
+168058e-05
+124217e-05
+681974e-06
+730687e-07
-681974e-06
-158315e-05
-253305e-05
-345858e-05
-431105e-05
-501738e-05
-540708e-05
-538273e-05
-489560e-05
-389700e-05
-243562e-05
-730687e-06
+112039e-05
+304453e-05
+477382e-05
+601599e-05
+672232e-05
+689281e-05
+652747e-05
+565065e-05
+426234e-05
+250869e-05
+706331e-06
-107167e-05
-284968e-05
-433541e-05
-538273e-05
-589421e-05
-577243e-05
-504174e-05
-375086e-05
-197285e-05
-730687e-07
+180236e-05
+355601e-05
+477382e-05
+530966e-05
+513916e-05
+416492e-05
+250869e-05
+535837e-06
-168058e-05
-389700e-05
-567500e-05
-679539e-05
-711202e-05
-657618e-05
-513916e-05
-289839e-05
-267919e-06
+250869e-05
+511481e-05
+708766e-05
+823241e-05
+832983e-05
+733122e-05
+550451e-05
+294710e-05
+000000e+00
-284968e-05
-530966e-05
-706331e-05
-798884e-05
-801320e-05
-716073e-05
-560193e-05
-345858e-05
-104732e-05
+133959e-05
+355601e-05
+526095e-05
+621084e-05
+645440e-05
+608906e-05
+509045e-05
+350730e-05
+160751e-05
-219206e-06
-180236e-05
-302017e-05
-372650e-05
-387264e-05
-345858e-05
-258176e-05
-138831e-05
-170494e-06
+974249e-06
+202157e-05
+272790e-05
+299582e-05
+287404e-05
+241127e-05
+170494e-05
+852468e-06
+243562e-07
-730687e-06
-141266e-05
-194850e-05
-231384e-05
-241127e-05
-226513e-05
-189979e-05
-136395e-05
-706331e-06
-243562e-07
+633262e-06
+126652e-05
+170494e-05
+189979e-05
+182672e-05
+151009e-05
+998605e-06
+365343e-06
-243562e-06
-852468e-06
-138831e-05
-172929e-05
-189979e-05
-192414e-05
-185107e-05
-170494e-05
-153444e-05
-136395e-05
-119346e-05
-102296e-05
-828112e-06
-584549e-06
-292275e-06
+000000e+00
+340987e-06
+706331e-06
+107167e-05
+138831e-05
+163187e-05
+185107e-05
+211899e-05
+241127e-05
+265483e-05
+289839e-05
+299582e-05
+284968e-05
+236255e-05
+143702e-05
+219206e-06
-131524e-05
-306888e-05
-467640e-05
-582114e-05
-625955e-05
-589421e-05
-470075e-05
-280097e-05
-584549e-06
+170494e-05
+377522e-05
+518788e-05
+577243e-05
+552886e-05
+457897e-05
+314195e-05
+146137e-05
-730687e-07
-129088e-05
-226513e-05
-284968e-05
-304453e-05
-297146e-05
-265483e-05
-216770e-05
-155880e-05
-779399e-06
+121781e-06
+116910e-05
+236255e-05
+345858e-05
+423798e-05
+448155e-05
+397007e-05
+280097e-05
+112039e-05
-803756e-06
-270354e-05
-433541e-05
-528530e-05
-540708e-05
-472511e-05
-338552e-05
-165622e-05
+487125e-07
+155880e-05
+267919e-05
+319067e-05
+319067e-05
+275225e-05
+202157e-05
+119346e-05
+462768e-06
-974249e-07
-633262e-06
-124217e-05
-187543e-05
-253305e-05
-309324e-05
-343423e-05
-348294e-05
-311760e-05
-221642e-05
-852468e-06
+706331e-06
+228949e-05
+370215e-05
+453026e-05
+460333e-05
+389700e-05
+250869e-05
+852468e-06
-779399e-06
-219206e-05
-309324e-05
-328809e-05
-287404e-05
-194850e-05
-730687e-06
+414056e-06
+133959e-05
+202157e-05
+233820e-05
+231384e-05
+207028e-05
+172929e-05
+148573e-05
+131524e-05
+119346e-05
+107167e-05
+852468e-06
+487125e-06
-243562e-07
-681974e-06
-148573e-05
-231384e-05
-292275e-05
-314195e-05
-302017e-05
-245998e-05
-153444e-05
-487125e-06
+535837e-06
+138831e-05
+192414e-05
+197285e-05
+158315e-05
+779399e-06
-194850e-06
-112039e-05
-199721e-05
-248434e-05
-245998e-05
-192414e-05
-949893e-06
+146137e-06
+124217e-05
+226513e-05
+292275e-05
+309324e-05
+280097e-05
+204592e-05
+998605e-06
-974249e-07
-116910e-05
-224077e-05
-306888e-05
-355601e-05
-372650e-05
-348294e-05
-284968e-05
-182672e-05
-584549e-06
+779399e-06
+221642e-05
+345858e-05
+431105e-05
+465204e-05
+438412e-05
+355601e-05
+224077e-05
+730687e-06
-706331e-06
-204592e-05
-304453e-05
-360472e-05
-375086e-05
-345858e-05
-280097e-05
-192414e-05
-901181e-06
+121781e-06
+104732e-05
+194850e-05
+270354e-05
+319067e-05
+340987e-05
+333680e-05
+297146e-05
+231384e-05
+143702e-05
+511481e-06
-316631e-06
-109603e-05
-172929e-05
-211899e-05
-231384e-05
-226513e-05
-204592e-05
-175365e-05
-143702e-05
-109603e-05
-779399e-06
-511481e-06
-292275e-06
-146137e-06
-730687e-07
-487125e-07
-730687e-07
-121781e-06
-121781e-06
-487125e-07
+146137e-06
+511481e-06
+104732e-05
+158315e-05
+199721e-05
+224077e-05
+216770e-05
+177800e-05
+109603e-05
+316631e-06
-438412e-06
-119346e-05
-175365e-05
-204592e-05
-207028e-05
-180236e-05
-136395e-05
-852468e-06
-316631e-06
+170494e-06
+633262e-06
+109603e-05
+143702e-05
+160751e-05
+158315e-05
+131524e-05
+730687e-06
-730687e-07
-107167e-05
-228949e-05
-340987e-05
-418927e-05
-450590e-05
-421363e-05
-333680e-05
-192414e-05
-170494e-06
+170494e-05
+348294e-05
+482253e-05
+557758e-05
+562629e-05
+499303e-05
+375086e-05
+209464e-05
+414056e-06
-116910e-05
-258176e-05
-358037e-05
-401878e-05
-392135e-05
-336116e-05
-236255e-05
-104732e-05
+340987e-06
+168058e-05
+284968e-05
+367779e-05
+401878e-05
+372650e-05
+294710e-05
+177800e-05
+414056e-06
-925537e-06
-221642e-05
-316631e-05
-360472e-05
-358037e-05
-319067e-05
-245998e-05
-151009e-05
-584549e-06
+194850e-06
+803756e-06
+126652e-05
+148573e-05
+148573e-05
+141266e-05
+121781e-05
+974249e-06
+779399e-06
+633262e-06
+560193e-06
+535837e-06
+560193e-06
+584549e-06
+614995e-06
+569327e-06
+368388e-06
+639351e-07
-325765e-06
-751999e-06
-114170e-05
-142788e-05
-156184e-05
-150704e-05
-128175e-05
-919448e-06
-481036e-06
-578460e-07
+283141e-06
+481036e-06
+517570e-06
+398833e-06
+164405e-06
-115692e-06
-368388e-06
-541926e-06
-602817e-06
-544971e-06
-414056e-06
-261829e-06
-152226e-06
-149182e-06
-280097e-06
-520614e-06
-815934e-06
-109907e-05
-125739e-05
-121477e-05
-922492e-06
-374477e-06
+377522e-06
+122390e-05
+203375e-05
+267310e-05
+302931e-05
+302931e-05
+267919e-05
+203070e-05
+119954e-05
+322720e-06
-484080e-06
-113256e-05
-156793e-05
-180236e-05
-186630e-05
-180845e-05
-167145e-05
-147355e-05
-121781e-05
-867691e-06
-404922e-06
+161360e-06
+809845e-06
+147964e-05
+207028e-05
+248434e-05
+264570e-05
+250869e-05
+209464e-05
+146137e-05
+715464e-06
-182672e-07
-621084e-06
-102296e-05
-119346e-05
-113561e-05
-910314e-06
-608906e-06
-307497e-06
-882913e-07
+608906e-08
-243562e-07
-176583e-06
-407967e-06
-657618e-06
-882913e-06
-103818e-05
-110821e-05
-108690e-05
-100165e-05
-895091e-06
-797666e-06
-736776e-06
-727642e-06
-739820e-06
-739820e-06
-678930e-06
-514525e-06
-222251e-06
+176583e-06
+633262e-06
+107167e-05
+140048e-05
+154662e-05
+148269e-05
+120259e-05
+761132e-06
+243562e-06
-246607e-06
-630217e-06
-852468e-06
-898136e-06
-800711e-06
-618039e-06
-432323e-06
-304453e-06
-280097e-06
-371432e-06
-541926e-06
-721553e-06
-831156e-06
-791577e-06
-538882e-06
-426234e-07
+669796e-06
+151313e-05
+237778e-05
+312673e-05
+363517e-05
+381175e-05
+360777e-05
+304148e-05
+221033e-05
+124217e-05
+283141e-06
-535837e-06
-112648e-05
-145224e-05
-154053e-05
-146442e-05
-130915e-05
-115388e-05
-105950e-05
-103818e-05
-106863e-05
-111430e-05
-113256e-05
-108994e-05
-989472e-06
-870735e-06
-773310e-06
-730687e-06
-779399e-06
-907270e-06
-106559e-05
-118432e-05
-119041e-05
-101687e-05
-654574e-06
-127870e-06
+493214e-06
+109907e-05
+158315e-05
+185716e-05
+187847e-05
+165318e-05
+122390e-05
+672841e-06
+100469e-06
-417100e-06
-834201e-06
-111430e-05
-126043e-05
-130610e-05
-129088e-05
-123608e-05
-114474e-05
-101687e-05
-855513e-06
-633262e-06
-334898e-06
+243562e-07
+429279e-06
+849423e-06
+122999e-05
+151313e-05
+166231e-05
+165013e-05
+147660e-05
+116301e-05
+761132e-06
+350121e-06
+121781e-07
-203983e-06
-252696e-06
-133959e-06
+124826e-06
+462768e-06
+797666e-06
+106254e-05
+119650e-05
+116605e-05
+965116e-06
+618039e-06
+176583e-06
-292275e-06
-718509e-06
-104123e-05
-120259e-05
-115692e-05
-904225e-06
-456679e-06
+130915e-06
+782444e-06
+140962e-05
+189674e-05
+215553e-05
+211899e-05
+176278e-05
+113256e-05
+310542e-06
-593683e-06
-144006e-05
-210986e-05
-251783e-05
-262438e-05
-245693e-05
-207941e-05
-158011e-05
-106254e-05
-611950e-06
-267919e-06
-639351e-07
+000000e+00
-487125e-07
-179627e-06
-365343e-06
-581505e-06
-806800e-06
-102296e-05
-118737e-05
-125739e-05
-120563e-05
-980338e-06
-557149e-06
+517570e-07
+803756e-06
+162273e-05
+237473e-05
+294406e-05
+321198e-05
+309629e-05
+255740e-05
+163796e-05
+435368e-06
-895091e-06
-216770e-05
-319676e-05
-383306e-05
-398833e-05
-361994e-05
-278270e-05
-157707e-05
-161360e-06
+128479e-05
+259698e-05
+362908e-05
+426843e-05
+446937e-05
+422276e-05
+355905e-05
+256349e-05
+135786e-05
+822023e-07
-111734e-05
-210072e-05
-273703e-05
-292579e-05
-262743e-05
-185716e-05
-706331e-06
+672841e-06
+208550e-05
+332463e-05
+419840e-05
+454548e-05
+428974e-05
+334289e-05
+182672e-05
+121781e-06
-170494e-05
-348294e-05
-489560e-05
-584550e-05
-618648e-05
-594292e-05
-516352e-05
-392135e-05
-241127e-05
-828112e-06
+657618e-06
+197285e-05
+297146e-05
+360472e-05
+382393e-05
+355601e-05
+292275e-05
+199721e-05
+876824e-06
-219206e-06
-121781e-05
-209464e-05
-265483e-05
-272790e-05
-228949e-05
-138831e-05
-267919e-06
+974249e-06
+231384e-05
+338552e-05
+394571e-05
+389700e-05
+319067e-05
+187543e-05
+219206e-06
-165622e-05
-358037e-05
-521223e-05
-635698e-05
-691717e-05
-684410e-05
-608906e-05
-465204e-05
-263047e-05
-340987e-06
+214335e-05
+470075e-05
+686846e-05
+845161e-05
+925537e-05
+915794e-05
+815934e-05
+633262e-05
+382393e-05
+998605e-06
-180236e-05
-438412e-05
-625955e-05
-728251e-05
-742865e-05
-672232e-05
-526095e-05
-316631e-05
-901181e-06
+126652e-05
+321502e-05
+460333e-05
+526095e-05
+521223e-05
+448155e-05
+316631e-05
+151009e-05
-194850e-06
-187543e-05
-338552e-05
-450590e-05
-518788e-05
-535837e-05
-496867e-05
-401878e-05
-258176e-05
-852468e-06
+114474e-05
+333680e-05
+533401e-05
+689281e-05
+779399e-05
+786706e-05
+699024e-05
+523659e-05
+267919e-05
-365343e-06
-345858e-05
-628391e-05
-845161e-05
-971814e-05
-986427e-05
-884131e-05
-696588e-05
-445719e-05
-148573e-05
+155880e-05
+438412e-05
+662489e-05
+808627e-05
+869517e-05
+835419e-05
+713637e-05
+521223e-05
+270354e-05
-487125e-07
-270354e-05
-506610e-05
-672232e-05
-750172e-05
-740429e-05
-643004e-05
-467640e-05
-238691e-05
-243562e-07
+216770e-05
+401878e-05
+521223e-05
+557758e-05
+516352e-05
+411620e-05
+260612e-05
+925537e-06
-633262e-06
-199721e-05
-302017e-05
-358037e-05
-365343e-05
-331245e-05
-265483e-05
-170494e-05
-657618e-06
+292275e-06
+119346e-05
+211899e-05
+287404e-05
+338552e-05
+367779e-05
+362908e-05
+326373e-05
+260612e-05
+163187e-05
+511481e-06
-633262e-06
-177800e-05
-275225e-05
-331245e-05
-343423e-05
-319067e-05
-245998e-05
-141266e-05
-365343e-06
+633262e-06
+151009e-05
+214335e-05
+243562e-05
+231384e-05
+185107e-05
+116910e-05
+438412e-06
-194850e-06
-730687e-06
-116910e-05
-138831e-05
-136395e-05
-119346e-05
-925537e-06
-657618e-06
-414056e-06
-243562e-06
-194850e-06
-194850e-06
-194850e-06
-219206e-06
-219206e-06
-170494e-06
-974249e-07
-243562e-07
+000000e+00
-487125e-07
-219206e-06
-535837e-06
-949893e-06
-136395e-05
-168058e-05
-182672e-05
-172929e-05
-141266e-05
-901181e-06
-267919e-06
+389700e-06
+102296e-05
+148573e-05
+172929e-05
+175365e-05
+158315e-05
+126652e-05
+901181e-06
+584549e-06
+365343e-06
+267919e-06
+243562e-06
+267919e-06
+340987e-06
+365343e-06
+292275e-06
+170494e-06
+243562e-07
-146137e-06
-340987e-06
-511481e-06
-633262e-06
-657618e-06
-584549e-06
-462768e-06
-243562e-06
+000000e+00
+243562e-06
+584549e-06
+998605e-06
+141266e-05
+187543e-05
+231384e-05
+258176e-05
+265483e-05
+241127e-05
+182672e-05
+925537e-06
-146137e-06
-131524e-05
-253305e-05
-350730e-05
-406749e-05
-411620e-05
-365343e-05
-275225e-05
-151009e-05
-243562e-06
+852468e-06
+172929e-05
+219206e-05
+211899e-05
+163187e-05
+852468e-06
+000000e+00
-852468e-06
-165622e-05
-221642e-05
-255740e-05
-258176e-05
-231384e-05
-185107e-05
-121781e-05
-487125e-06
+292275e-06
+112039e-05
+202157e-05
+282532e-05
+336116e-05
+355601e-05
+333680e-05
+267919e-05
+151009e-05
+974249e-07
-146137e-05
-311760e-05
-448155e-05
-538273e-05
-567500e-05
-533401e-05
-433541e-05
-277661e-05
-949893e-06
+901181e-06
+267919e-05
+416492e-05
+511481e-05
+543144e-05
+511481e-05
+428670e-05
+306888e-05
+165622e-05
+365343e-06
-730687e-06
-158315e-05
-199721e-05
-189979e-05
-136395e-05
-560193e-06
+389700e-06
+148573e-05
+255740e-05
+333680e-05
+377522e-05
+375086e-05
+328809e-05
+243562e-05
+131524e-05
+170494e-06
-102296e-05
-226513e-05
-331245e-05
-409185e-05
-457897e-05
-472511e-05
-453026e-05
-392135e-05
-302017e-05
-187543e-05
-608906e-06
+633262e-06
+182672e-05
+275225e-05
+326373e-05
+328809e-05
+282532e-05
+189979e-05
+681974e-06
-681974e-06
-214335e-05
-343423e-05
-438412e-05
-491996e-05
-494431e-05
-443283e-05
-345858e-05
-209464e-05
-584549e-06
+852468e-06
+219206e-05
+319067e-05
+370215e-05
+375086e-05
+338552e-05
+270354e-05
+177800e-05
+828112e-06
+121781e-06
-340987e-06
-633262e-06
-657618e-06
-438412e-06
-146137e-06
+194850e-06
+608906e-06
+109603e-05
+155880e-05
+200330e-05
+242953e-05
+270050e-05
+278574e-05
+264265e-05
+222555e-05
+153140e-05
+602817e-06
-484080e-06
-160751e-05
-263352e-05
-344945e-05
-397007e-05
-413751e-05
-394266e-05
-342205e-05
-264265e-05
-167145e-05
-587594e-06
+526703e-06
+158011e-05
+250260e-05
+321198e-05
+364430e-05
+374477e-05
+346467e-05
+280706e-05
+181758e-05
+581505e-06
-779399e-06
-211290e-05
-326678e-05
-409794e-05
-451808e-05
-447241e-05
-395484e-05
-302931e-05
-180845e-05
-420145e-06
+974249e-06
+219815e-05
+312064e-05
+363517e-05
+366257e-05
+320893e-05
+234733e-05
+118432e-05
-103514e-06
-130915e-05
-226513e-05
-281619e-05
-287708e-05
-242953e-05
-154967e-05
-371432e-06
+931626e-06
+215857e-05
+314500e-05
+376608e-05
+393962e-05
+365039e-05
+295015e-05
+194241e-05
+748954e-06
-496258e-06
-165318e-05
-261829e-05
-332158e-05
-373259e-05
-383306e-05
-364126e-05
-318153e-05
-250260e-05
-165927e-05
-703286e-06
+292275e-06
+123912e-05
+205506e-05
+266092e-05
+297450e-05
+295015e-05
+257263e-05
+188456e-05
+955982e-06
-852468e-07
-109299e-05
-193023e-05
-246302e-05
-261525e-05
-236255e-05
-174451e-05
-867691e-06
+149182e-06
+115388e-05
+199721e-05
+256654e-05
+280401e-05
+269136e-05
+225295e-05
+157402e-05
+764177e-06
-578460e-07
-788533e-06
-133046e-05
-160751e-05
-161360e-05
-136395e-05
-898136e-06
-301408e-06
+328809e-06
+876824e-06
+126043e-05
+143093e-05
+135177e-05
+104427e-05
+560193e-06
-243562e-07
-611950e-06
-110821e-05
-144920e-05
-158924e-05
-152226e-05
-128175e-05
-916403e-06
-496258e-06
-100469e-06
+216162e-06
+429279e-06
+532793e-06
+544971e-06
+502347e-06
+441457e-06
+386655e-06
+347076e-06
+313586e-06
+246607e-06
+109603e-06
-109603e-06
-417100e-06
-776355e-06
-113865e-05
-142484e-05
-156793e-05
-150400e-05
-120868e-05
-703286e-06
-334898e-07
+712420e-06
+140962e-05
+195459e-05
+226513e-05
+228644e-05
+201852e-05
+147964e-05
+748954e-06
-639351e-07
-867691e-06
-157098e-05
-209768e-05
-238387e-05
-242344e-05
-222251e-05
-182672e-05
-130001e-05
-691108e-06
-548015e-07
+557149e-06
+110821e-05
+158315e-05
+196981e-05
+226208e-05
+245085e-05
+252087e-05
+246607e-05
+226513e-05
+192110e-05
+143702e-05
+846379e-06
+188761e-06
-493214e-06
-114170e-05
-169885e-05
-210986e-05
-232906e-05
-233515e-05
-211899e-05
-168362e-05
-105950e-05
-298364e-06
+526703e-06
+132741e-05
+200026e-05
+245998e-05
+262438e-05
+244780e-05
+193023e-05
+112039e-05
+103514e-06
-989472e-06
-201852e-05
-285272e-05
-338552e-05
-354383e-05
-329722e-05
-268832e-05
-179932e-05
-745910e-06
+334898e-06
+132133e-05
+210377e-05
+260916e-05
+280401e-05
+269441e-05
+231384e-05
+172625e-05
+995561e-06
+182672e-06
-642396e-06
-142179e-05
-211595e-05
-267310e-05
-304453e-05
-318458e-05
-305671e-05
-263656e-05
-192719e-05
-962071e-06
+182672e-06
+139439e-05
+253609e-05
+347685e-05
+408880e-05
+429279e-05
+406445e-05
+340987e-05
+239300e-05
+111734e-05
-267919e-06
-160751e-05
-275834e-05
-359863e-05
-402182e-05
-393049e-05
-333680e-05
-221642e-05
-730687e-06
+925537e-06
+265483e-05
+428670e-05
+550451e-05
+604034e-05
+594292e-05
+518788e-05
+377522e-05
+189979e-05
-730687e-07
-202157e-05
-377522e-05
-501738e-05
-569936e-05
-584550e-05
-545580e-05
-460333e-05
-353165e-05
-226513e-05
-901181e-06
+292275e-06
+138831e-05
+243562e-05
+316631e-05
+350730e-05
+343423e-05
+294710e-05
+202157e-05
+706331e-06
-779399e-06
-233820e-05
-377522e-05
-477382e-05
-513916e-05
-482253e-05
-375086e-05
-194850e-05
+170494e-06
+236255e-05
+448155e-05
+596728e-05
+664925e-05
+652747e-05
+557758e-05
+392135e-05
+170494e-05
-560193e-06
-258176e-05
-428670e-05
-538273e-05
-579678e-05
-552886e-05
-467640e-05
-345858e-05
-192414e-05
-316631e-06
+124217e-05
+277661e-05
+409185e-05
+506610e-05
+560193e-05
+562629e-05
+511481e-05
+401878e-05
+243562e-05
+681974e-06
-114474e-05
-292275e-05
-433541e-05
-518788e-05
-533401e-05
-479818e-05
-367779e-05
-207028e-05
-340987e-06
+131524e-05
+272790e-05
+367779e-05
+404313e-05
+375086e-05
+297146e-05
+180236e-05
+487125e-06
-803756e-06
-197285e-05
-280097e-05
-319067e-05
-316631e-05
-272790e-05
-189979e-05
-876824e-06
+121781e-06
+107167e-05
+192414e-05
+245998e-05
+258176e-05
+228949e-05
+163187e-05
+706331e-06
-292275e-06
-126652e-05
-224077e-05
-297146e-05
-333680e-05
-336116e-05
-302017e-05
-236255e-05
-146137e-05
-511481e-06
+365343e-06
+119346e-05
+192414e-05
+238691e-05
+253305e-05
+238691e-05
+194850e-05
+136395e-05
+681974e-06
+000000e+00
-560193e-06
-998605e-06
-119346e-05
-107167e-05
-657618e-06
-121781e-06
+487125e-06
+114474e-05
+168058e-05
+197285e-05
+189979e-05
+153444e-05
+974249e-06
+267919e-06
-462768e-06
-116910e-05
-168058e-05
-192414e-05
-189979e-05
-163187e-05
-114474e-05
-535837e-06
+000000e+00
+487125e-06
+852468e-06
+998605e-06
+901181e-06
+608906e-06
+219206e-06
-219206e-06
-633262e-06
-998605e-06
-119346e-05
-116910e-05
-949893e-06
-584549e-06
-170494e-06
+292275e-06
+803756e-06
+124217e-05
+153444e-05
+170494e-05
+170494e-05
+153444e-05
+119346e-05
+681974e-06
+974249e-07
-535837e-06
-124217e-05
-189979e-05
-238691e-05
-263047e-05
-255740e-05
-214335e-05
-148573e-05
-681974e-06
+146137e-06
+949893e-06
+168058e-05
+214335e-05
+228949e-05
+207028e-05
+153444e-05
+852468e-06
+121781e-06
-584549e-06
-124217e-05
-170494e-05
-189979e-05
-185107e-05
-155880e-05
-104732e-05
-462768e-06
+730687e-07
+608906e-06
+109603e-05
+143702e-05
+163187e-05
+165622e-05
+151009e-05
+121781e-05
+779399e-06
+316631e-06
-121781e-06
-584549e-06
-104732e-05
-141266e-05
-160751e-05
-165622e-05
-155880e-05
-124217e-05
-779399e-06
-267919e-06
+000000e+00
+000000e+00
+000000e+00
+000000e+00
[ENDDATA]
