[FILEINFO]
File: D:\CMC thesis\AE software\TUNGSTEN\Vallen\T4.tra
SampleRate[Hz]: 10000000
SetsOnFile: 9
Samples: 2048
[SETINFO]
Set: 2
Index: 2
Time:  14 20:22:56 962.0139
Channel: 2
PreTriggerSamples: 100
Data: Amplitude [mV]
[DATA]
-304453e-08
-304453e-08
-304453e-08
-304453e-08
-304453e-08
-608906e-08
-608906e-08
-304453e-08
-304453e-08
-304453e-08
-304453e-08
-304453e-08
-304453e-08
-608906e-08
-304453e-08
+000000e+00
+000000e+00
+000000e+00
-304453e-08
-304453e-08
-304453e-08
-304453e-08
-304453e-08
+000000e+00
+000000e+00
+000000e+00
+000000e+00
+000000e+00
+000000e+00
+000000e+00
-304453e-08
-304453e-08
+000000e+00
+000000e+00
+000000e+00
+000000e+00
-304453e-08
-304453e-08
-304453e-08
+000000e+00
-304453e-08
-304453e-08
-304453e-08
-608906e-08
-304453e-08
-304453e-08
-304453e-08
+000000e+00
+000000e+00
+000000e+00
+000000e+00
+000000e+00
+000000e+00
+000000e+00
+000000e+00
+000000e+00
+000000e+00
-304453e-08
-304453e-08
+000000e+00
+000000e+00
+000000e+00
+304453e-08
+000000e+00
+000000e+00
+000000e+00
+000000e+00
+000000e+00
-304453e-08
+000000e+00
+000000e+00
-304453e-08
-304453e-08
+000000e+00
+000000e+00
-304453e-08
-304453e-08
+000000e+00
+000000e+00
+000000e+00
-304453e-08
-304453e-08
-608906e-08
-608906e-08
-608906e-08
-913359e-08
-608906e-08
-304453e-08
-304453e-08
+000000e+00
+000000e+00
-304453e-08
-304453e-08
+000000e+00
+000000e+00
-608906e-08
-913359e-08
-152226e-07
-274008e-07
-517570e-07
-852468e-07
-133959e-06
-200939e-06
-270963e-06
-316631e-06
-310542e-06
-219206e-06
-213117e-07
+292275e-06
+712420e-06
+118737e-05
+163796e-05
+197590e-05
+211899e-05
+200330e-05
+158620e-05
+797666e-06
-194850e-06
-124217e-05
-241127e-05
-353165e-05
-448155e-05
-521223e-05
-560193e-05
-555322e-05
-501738e-05
-394571e-05
-233820e-05
-340987e-06
+194850e-05
+438412e-05
+660054e-05
+835419e-05
+942586e-05
+962071e-05
+898745e-05
+755043e-05
+545580e-05
+287404e-05
+146137e-06
-245998e-05
-482253e-05
-660054e-05
-767221e-05
-803756e-05
-767221e-05
-662489e-05
-491996e-05
-272790e-05
-487125e-06
+165622e-05
+355601e-05
+479818e-05
+518788e-05
+467640e-05
+333680e-05
+133959e-05
-974249e-06
-331245e-05
-538273e-05
-681974e-05
-747736e-05
-728251e-05
-625955e-05
-445719e-05
-207028e-05
+462768e-06
+302017e-05
+530966e-05
+703895e-05
+823241e-05
+869517e-05
+837854e-05
+740429e-05
+594292e-05
+404313e-05
+182672e-05
-316631e-06
-228949e-05
-401878e-05
-523659e-05
-589421e-05
-591856e-05
-528530e-05
-409185e-05
-250869e-05
-828112e-06
+828112e-06
+238691e-05
+365343e-05
+445719e-05
+477382e-05
+467640e-05
+411620e-05
+321502e-05
+207028e-05
+755043e-06
-487125e-06
-170494e-05
-282532e-05
-372650e-05
-431105e-05
-445719e-05
-421363e-05
-362908e-05
-282532e-05
-192414e-05
-998605e-06
-267919e-06
+170494e-06
+365343e-06
+340987e-06
+146137e-06
-194850e-06
-608906e-06
-104732e-05
-138831e-05
-153444e-05
-151009e-05
-129088e-05
-876824e-06
-316631e-06
+292275e-06
+949893e-06
+165622e-05
+228949e-05
+277661e-05
+302017e-05
+302017e-05
+284968e-05
+253305e-05
+209464e-05
+165622e-05
+129088e-05
+102296e-05
+901181e-06
+828112e-06
+706331e-06
+535837e-06
+267919e-06
-146137e-06
-803756e-06
-172929e-05
-275225e-05
-379957e-05
-467640e-05
-523659e-05
-540708e-05
-501738e-05
-401878e-05
-250869e-05
-633262e-06
+160751e-05
+401878e-05
+616213e-05
+784271e-05
+891438e-05
+910923e-05
+832983e-05
+667361e-05
+428670e-05
+143702e-05
-155880e-05
-435977e-05
-664925e-05
-823241e-05
-896309e-05
-876824e-05
-772092e-05
-604034e-05
-384828e-05
-136395e-05
+109603e-05
+333680e-05
+509045e-05
+608906e-05
+630826e-05
+577243e-05
+438412e-05
+233820e-05
+487125e-07
-228949e-05
-440848e-05
-589421e-05
-652747e-05
-630826e-05
-518788e-05
-321502e-05
-828112e-06
+175365e-05
+428670e-05
+625955e-05
+750172e-05
+789142e-05
+733122e-05
+596728e-05
+387264e-05
+126652e-05
-148573e-05
-406749e-05
-616213e-05
-752607e-05
-803756e-05
-772092e-05
-662489e-05
-491996e-05
-284968e-05
-755043e-06
+107167e-05
+250869e-05
+343423e-05
+377522e-05
+358037e-05
+306888e-05
+236255e-05
+163187e-05
+107167e-05
+706331e-06
+511481e-06
+462768e-06
+511481e-06
+608906e-06
+681974e-06
+657618e-06
+560193e-06
+414056e-06
+243562e-06
+487125e-07
-121781e-06
-316631e-06
-560193e-06
-779399e-06
-925537e-06
-925537e-06
-803756e-06
-487125e-06
-243562e-07
+511481e-06
+119346e-05
+185107e-05
+231384e-05
+248434e-05
+233820e-05
+185107e-05
+112039e-05
+365343e-06
-389700e-06
-116910e-05
-187543e-05
-241127e-05
-272790e-05
-282532e-05
-272790e-05
-245998e-05
-199721e-05
-138831e-05
-706331e-06
-243562e-07
+633262e-06
+124217e-05
+168058e-05
+187543e-05
+175365e-05
+136395e-05
+706331e-06
-121781e-06
-109603e-05
-224077e-05
-328809e-05
-411620e-05
-467640e-05
-487125e-05
-460333e-05
-377522e-05
-241127e-05
-681974e-06
+136395e-05
+362908e-05
+567500e-05
+725816e-05
+825676e-05
+835419e-05
+745301e-05
+574807e-05
+331245e-05
+487125e-06
-238691e-05
-504174e-05
-701459e-05
-815934e-05
-837854e-05
-764786e-05
-613777e-05
-399442e-05
-138831e-05
+141266e-05
+411620e-05
+640569e-05
+813498e-05
+913359e-05
+927972e-05
+852468e-05
+694153e-05
+465204e-05
+182672e-05
-107167e-05
-377522e-05
-604034e-05
-757479e-05
-828112e-05
-811062e-05
-713637e-05
-555322e-05
-350730e-05
-126652e-05
+779399e-06
+250869e-05
+387264e-05
+455462e-05
+450590e-05
+382393e-05
+258176e-05
+974249e-06
-755043e-06
-243562e-05
-394571e-05
-496867e-05
-533401e-05
-499303e-05
-394571e-05
-236255e-05
-487125e-06
+153444e-05
+353165e-05
+511481e-05
+604034e-05
+630826e-05
+596728e-05
+496867e-05
+343423e-05
+155880e-05
-316631e-06
-202157e-05
-345858e-05
-438412e-05
-474946e-05
-448155e-05
-365343e-05
-238691e-05
-901181e-06
+511481e-06
+175365e-05
+267919e-05
+306888e-05
+289839e-05
+224077e-05
+126652e-05
+267919e-06
-584549e-06
-124217e-05
-153444e-05
-138831e-05
-901181e-06
-243562e-06
+462768e-06
+114474e-05
+163187e-05
+182672e-05
+175365e-05
+143702e-05
+876824e-06
+243562e-06
-438412e-06
-119346e-05
-189979e-05
-248434e-05
-284968e-05
-292275e-05
-265483e-05
-204592e-05
-116910e-05
-243562e-06
+681974e-06
+151009e-05
+202157e-05
+214335e-05
+180236e-05
+114474e-05
+389700e-06
-292275e-06
-779399e-06
-104732e-05
-974249e-06
-633262e-06
-219206e-06
+194850e-06
+511481e-06
+657618e-06
+608906e-06
+438412e-06
+267919e-06
+121781e-06
+730687e-07
+121781e-06
+170494e-06
+243562e-06
+194850e-06
-243562e-07
-414056e-06
-102296e-05
-170494e-05
-231384e-05
-277661e-05
-294710e-05
-270354e-05
-209464e-05
-124217e-05
-340987e-06
+560193e-06
+146137e-05
+224077e-05
+275225e-05
+297146e-05
+299582e-05
+282532e-05
+248434e-05
+204592e-05
+160751e-05
+119346e-05
+755043e-06
+316631e-06
-974249e-07
-560193e-06
-109603e-05
-160751e-05
-204592e-05
-236255e-05
-253305e-05
-253305e-05
-236255e-05
-202157e-05
-158315e-05
-107167e-05
-511481e-06
-243562e-07
+414056e-06
+828112e-06
+119346e-05
+143702e-05
+153444e-05
+158315e-05
+160751e-05
+158315e-05
+155880e-05
+151009e-05
+143702e-05
+136395e-05
+119346e-05
+949893e-06
+681974e-06
+389700e-06
+974249e-07
-170494e-06
-414056e-06
-681974e-06
-901181e-06
-107167e-05
-124217e-05
-131524e-05
-129088e-05
-114474e-05
-876824e-06
-535837e-06
-121781e-06
+316631e-06
+681974e-06
+901181e-06
+876824e-06
+535837e-06
-243562e-07
-779399e-06
-170494e-05
-263047e-05
-328809e-05
-355601e-05
-343423e-05
-289839e-05
-199721e-05
-852468e-06
+267919e-06
+133959e-05
+231384e-05
+292275e-05
+306888e-05
+272790e-05
+199721e-05
+974249e-06
-121781e-06
-116910e-05
-221642e-05
-297146e-05
-326373e-05
-319067e-05
-270354e-05
-177800e-05
-584549e-06
+730687e-06
+214335e-05
+348294e-05
+450590e-05
+513916e-05
+530966e-05
+496867e-05
+411620e-05
+287404e-05
+138831e-05
-121781e-06
-158315e-05
-287404e-05
-372650e-05
-409185e-05
-387264e-05
-309324e-05
-177800e-05
-219206e-06
+146137e-05
+314195e-05
+443283e-05
+516352e-05
+516352e-05
+443283e-05
+304453e-05
+116910e-05
-803756e-06
-270354e-05
-433541e-05
-535837e-05
-569936e-05
-528530e-05
-423798e-05
-275225e-05
-104732e-05
+535837e-06
+189979e-05
+292275e-05
+343423e-05
+340987e-05
+294710e-05
+207028e-05
+876824e-06
-414056e-06
-182672e-05
-323938e-05
-445719e-05
-540708e-05
-591856e-05
-589421e-05
-530966e-05
-421363e-05
-267919e-05
-925537e-06
+755043e-06
+236255e-05
+377522e-05
+467640e-05
+499303e-05
+477382e-05
+406749e-05
+304453e-05
+187543e-05
+706331e-06
-267919e-06
-998605e-06
-148573e-05
-163187e-05
-148573e-05
-109603e-05
-487125e-06
+146137e-06
+803756e-06
+148573e-05
+204592e-05
+241127e-05
+248434e-05
+231384e-05
+194850e-05
+141266e-05
+730687e-06
+730687e-07
-535837e-06
-116910e-05
-163187e-05
-185107e-05
-177800e-05
-146137e-05
-949893e-06
-316631e-06
+365343e-06
+107167e-05
+168058e-05
+211899e-05
+228949e-05
+221642e-05
+189979e-05
+143702e-05
+901181e-06
+316631e-06
-121781e-06
-535837e-06
-925537e-06
-116910e-05
-131524e-05
-141266e-05
-143702e-05
-141266e-05
-136395e-05
-129088e-05
-119346e-05
-102296e-05
-876824e-06
-755043e-06
-681974e-06
-681974e-06
-755043e-06
-974249e-06
-131524e-05
-168058e-05
-197285e-05
-216770e-05
-219206e-05
-197285e-05
-160751e-05
-112039e-05
-608906e-06
-267919e-06
-146137e-06
-292275e-06
-657618e-06
-124217e-05
-187543e-05
-231384e-05
-245998e-05
-211899e-05
-124217e-05
+000000e+00
+160751e-05
+348294e-05
+518788e-05
+643004e-05
+711202e-05
+708766e-05
+640569e-05
+513916e-05
+336116e-05
+138831e-05
-389700e-06
-180236e-05
-277661e-05
-311760e-05
-289839e-05
-216770e-05
-104732e-05
+146137e-06
+141266e-05
+265483e-05
+370215e-05
+448155e-05
+491996e-05
+499303e-05
+467640e-05
+387264e-05
+260612e-05
+998605e-06
-828112e-06
-282532e-05
-487125e-05
-657618e-05
-774528e-05
-830547e-05
-811062e-05
-716073e-05
-560193e-05
-360472e-05
-138831e-05
+657618e-06
+233820e-05
+358037e-05
+418927e-05
+409185e-05
+338552e-05
+219206e-05
+730687e-06
-755043e-06
-224077e-05
-348294e-05
-433541e-05
-472511e-05
-457897e-05
-389700e-05
-272790e-05
-121781e-05
+414056e-06
+207028e-05
+362908e-05
+482253e-05
+548015e-05
+557758e-05
+516352e-05
+426234e-05
+299582e-05
+151009e-05
+146137e-06
-998605e-06
-194850e-05
-253305e-05
-265483e-05
-233820e-05
-175365e-05
-974249e-06
-194850e-06
+487125e-06
+109603e-05
+146137e-05
+148573e-05
+116910e-05
+584549e-06
-146137e-06
-998605e-06
-185107e-05
-245998e-05
-270354e-05
-253305e-05
-194850e-05
-974249e-06
+146137e-06
+129088e-05
+245998e-05
+338552e-05
+392135e-05
+399442e-05
+360472e-05
+284968e-05
+172929e-05
+438412e-06
-901181e-06
-228949e-05
-345858e-05
-428670e-05
-470075e-05
-457897e-05
-389700e-05
-275225e-05
-129088e-05
+292275e-06
+187543e-05
+326373e-05
+421363e-05
+457897e-05
+421363e-05
+323938e-05
+182672e-05
+267919e-06
-129088e-05
-265483e-05
-348294e-05
-367779e-05
-319067e-05
-204592e-05
-487125e-06
+131524e-05
+321502e-05
+479818e-05
+574807e-05
+599163e-05
+545580e-05
+406749e-05
+199721e-05
-365343e-06
-280097e-05
-511481e-05
-689281e-05
-796449e-05
-825676e-05
-772092e-05
-652747e-05
-477382e-05
-265483e-05
-633262e-06
+114474e-05
+258176e-05
+350730e-05
+392135e-05
+375086e-05
+314195e-05
+224077e-05
+119346e-05
+267919e-06
-535837e-06
-121781e-05
-160751e-05
-165622e-05
-136395e-05
-730687e-06
+121781e-06
+121781e-05
+255740e-05
+394571e-05
+509045e-05
+579678e-05
+604034e-05
+569936e-05
+470075e-05
+316631e-05
+126652e-05
-706331e-06
-260612e-05
-426234e-05
-543144e-05
-599163e-05
-589421e-05
-523659e-05
-411620e-05
-270354e-05
-119346e-05
+146137e-06
+126652e-05
+216770e-05
+270354e-05
+284968e-05
+267919e-05
+228949e-05
+177800e-05
+124217e-05
+706331e-06
+219206e-06
-146137e-06
-511481e-06
-974249e-06
-141266e-05
-180236e-05
-214335e-05
-233820e-05
-236255e-05
-216770e-05
-180236e-05
-129088e-05
-706331e-06
-243562e-06
+974249e-07
+316631e-06
+365343e-06
+267919e-06
+974249e-07
-487125e-07
-121781e-06
-730687e-07
+194850e-06
+730687e-06
+146137e-05
+228949e-05
+299582e-05
+343423e-05
+358037e-05
+331245e-05
+265483e-05
+163187e-05
+438412e-06
-779399e-06
-197285e-05
-294710e-05
-362908e-05
-394571e-05
-389700e-05
-350730e-05
-280097e-05
-185107e-05
-755043e-06
+292275e-06
+124217e-05
+209464e-05
+270354e-05
+289839e-05
+263047e-05
+194850e-05
+949893e-06
-121781e-06
-119346e-05
-216770e-05
-280097e-05
-297146e-05
-260612e-05
-175365e-05
-584549e-06
+730687e-06
+209464e-05
+333680e-05
+426234e-05
+477382e-05
+479818e-05
+438412e-05
+360472e-05
+248434e-05
+119346e-05
-487125e-07
-124217e-05
-238691e-05
-321502e-05
-362908e-05
-365343e-05
-326373e-05
-248434e-05
-148573e-05
-487125e-06
+389700e-06
+104732e-05
+136395e-05
+124217e-05
+730687e-06
+000000e+00
-901181e-06
-185107e-05
-260612e-05
-304453e-05
-311760e-05
-282532e-05
-214335e-05
-121781e-05
-267919e-06
+706331e-06
+163187e-05
+233820e-05
+272790e-05
+267919e-05
+214335e-05
+126652e-05
+243562e-06
-949893e-06
-224077e-05
-328809e-05
-389700e-05
-401878e-05
-360472e-05
-272790e-05
-141266e-05
+730687e-07
+153444e-05
+287404e-05
+384828e-05
+433541e-05
+418927e-05
+353165e-05
+248434e-05
+121781e-05
+243562e-07
-107167e-05
-197285e-05
-248434e-05
-253305e-05
-211899e-05
-133959e-05
-389700e-06
+706331e-06
+189979e-05
+297146e-05
+389700e-05
+453026e-05
+474946e-05
+462768e-05
+414056e-05
+333680e-05
+224077e-05
+102296e-05
-487125e-07
-104732e-05
-192414e-05
-250869e-05
-272790e-05
-255740e-05
-204592e-05
-131524e-05
-560193e-06
+730687e-07
+560193e-06
+803756e-06
+681974e-06
+243562e-06
-487125e-06
-151009e-05
-265483e-05
-370215e-05
-453026e-05
-499303e-05
-496867e-05
-445719e-05
-358037e-05
-233820e-05
-949893e-06
+219206e-06
+119346e-05
+192414e-05
+226513e-05
+221642e-05
+182672e-05
+124217e-05
+560193e-06
-243562e-07
-511481e-06
-925537e-06
-112039e-05
-109603e-05
-852468e-06
-462768e-06
+000000e+00
+560193e-06
+116910e-05
+172929e-05
+219206e-05
+243562e-05
+243562e-05
+226513e-05
+189979e-05
+146137e-05
+998605e-06
+487125e-06
+730687e-07
-267919e-06
-633262e-06
-974249e-06
-124217e-05
-133959e-05
-116910e-05
-779399e-06
-267919e-06
+389700e-06
+116910e-05
+192414e-05
+250869e-05
+277661e-05
+265483e-05
+209464e-05
+126652e-05
+365343e-06
-535837e-06
-136395e-05
-202157e-05
-233820e-05
-226817e-05
-190892e-05
-133959e-05
-648485e-06
+213117e-07
+557149e-06
+867691e-06
+901181e-06
+651529e-06
+161360e-06
-505392e-06
-124826e-05
-193632e-05
-245389e-05
-270050e-05
-259698e-05
-213117e-05
-133350e-05
-292275e-06
+858557e-06
+195763e-05
+286490e-05
+346467e-05
+365648e-05
+340683e-05
+275225e-05
+177496e-05
+602817e-06
-624128e-06
-176278e-05
-269136e-05
-332463e-05
-361081e-05
-354688e-05
-316631e-05
-253305e-05
-172320e-05
-843334e-06
+304453e-07
+809845e-06
+141266e-05
+178409e-05
+188152e-05
+170494e-05
+127261e-05
+642396e-06
-112648e-06
-864646e-06
-148573e-05
-185716e-05
-188152e-05
-145833e-05
-608906e-06
+511481e-06
+185107e-05
+326373e-05
+450590e-05
+533401e-05
+560193e-05
+526095e-05
+423798e-05
+260612e-05
+681974e-06
-136395e-05
-336116e-05
-494431e-05
-591856e-05
-616213e-05
-565065e-05
-443283e-05
-265483e-05
-706331e-06
+124217e-05
+304453e-05
+435977e-05
+506610e-05
+516352e-05
+472511e-05
+377522e-05
+253305e-05
+124217e-05
+730687e-07
-949893e-06
-182672e-05
-241127e-05
-270354e-05
-272790e-05
-250869e-05
-211899e-05
-168058e-05
-121781e-05
-755043e-06
-438412e-06
-267919e-06
-194850e-06
-243562e-06
-389700e-06
-633262e-06
-901181e-06
-114474e-05
-136395e-05
-153444e-05
-163187e-05
-163187e-05
-158315e-05
-146137e-05
-116910e-05
-730687e-06
-243562e-06
+316631e-06
+102296e-05
+172929e-05
+231384e-05
+270354e-05
+280097e-05
+258176e-05
+207028e-05
+141266e-05
+706331e-06
+974249e-07
-389700e-06
-755043e-06
-876824e-06
-828112e-06
-657618e-06
-389700e-06
-146137e-06
+243562e-07
+146137e-06
+267919e-06
+365343e-06
+389700e-06
+414056e-06
+462768e-06
+511481e-06
+560193e-06
+633262e-06
+755043e-06
+949893e-06
+119346e-05
+148573e-05
+182672e-05
+211899e-05
+228949e-05
+224077e-05
+192414e-05
+143702e-05
+755043e-06
+000000e+00
-730687e-06
-153444e-05
-228949e-05
-287404e-05
-326373e-05
-350730e-05
-362908e-05
-358037e-05
-338552e-05
-306888e-05
-255740e-05
-189979e-05
-114474e-05
-389700e-06
+170494e-06
+608906e-06
+901181e-06
+974249e-06
+876824e-06
+608906e-06
+340987e-06
+170494e-06
+974249e-07
+219206e-06
+560193e-06
+112039e-05
+182672e-05
+250869e-05
+299582e-05
+321502e-05
+316631e-05
+272790e-05
+192414e-05
+876824e-06
-243562e-06
-141266e-05
-258176e-05
-345858e-05
-397007e-05
-409185e-05
-379957e-05
-316631e-05
-224077e-05
-114474e-05
-170494e-06
+681974e-06
+138831e-05
+180236e-05
+194850e-05
+180236e-05
+146137e-05
+102296e-05
+560193e-06
+194850e-06
+000000e+00
-487125e-07
-730687e-07
-487125e-07
+243562e-07
+974249e-07
+170494e-06
+219206e-06
+243562e-06
+267919e-06
+292275e-06
+292275e-06
+267919e-06
+219206e-06
+146137e-06
+487125e-07
-243562e-07
-974249e-07
-146137e-06
-146137e-06
-146137e-06
-974249e-07
+000000e+00
+974249e-07
+219206e-06
+316631e-06
+365343e-06
+365343e-06
+292275e-06
+194850e-06
+974249e-07
+243562e-07
-243562e-07
-243562e-07
+000000e+00
+487125e-07
+170494e-06
+389700e-06
+608906e-06
+730687e-06
+730687e-06
+535837e-06
+170494e-06
-365343e-06
-112039e-05
-197285e-05
-275225e-05
-333680e-05
-358037e-05
-345858e-05
-302017e-05
-219206e-05
-109603e-05
-243562e-07
+102296e-05
+202157e-05
+275225e-05
+306888e-05
+304453e-05
+267919e-05
+197285e-05
+109603e-05
+219206e-06
-681974e-06
-155880e-05
-224077e-05
-265483e-05
-267919e-05
-228949e-05
-155880e-05
-608906e-06
+438412e-06
+151009e-05
+245998e-05
+302017e-05
+311760e-05
+275225e-05
+189979e-05
+779399e-06
-340987e-06
-141266e-05
-228949e-05
-272790e-05
-265483e-05
-207028e-05
-109603e-05
+000000e+00
+114474e-05
+231384e-05
+316631e-05
+353165e-05
+343423e-05
+292275e-05
+199721e-05
+779399e-06
-438412e-06
-163187e-05
-263047e-05
-319067e-05
-331245e-05
-303235e-05
-238082e-05
-140048e-05
-255740e-06
+858557e-06
+178714e-05
+239909e-05
+262743e-05
+244476e-05
+190587e-05
+111125e-05
+200939e-06
-697197e-06
-144311e-05
-195154e-05
-218293e-05
-213117e-05
-183585e-05
-137004e-05
-812889e-06
-252696e-06
+216162e-06
+538882e-06
+660663e-06
+544971e-06
+216162e-06
-286186e-06
-907270e-06
-153749e-05
-207028e-05
-238996e-05
-240213e-05
-206419e-05
-137004e-05
-395789e-06
+758088e-06
+194850e-05
+300495e-05
+380871e-05
+425321e-05
+427452e-05
+385437e-05
+304453e-05
+195154e-05
+694153e-06
-569327e-06
-168058e-05
-250260e-05
-294101e-05
-294406e-05
-251478e-05
-172016e-05
-688064e-06
+407967e-06
+139135e-05
+209768e-05
+238996e-05
+220119e-05
+154967e-05
+529748e-06
-703286e-06
-195763e-05
-302322e-05
-371737e-05
-391222e-05
-356514e-05
-272181e-05
-148877e-05
-395789e-07
+141875e-05
+269441e-05
+363212e-05
+411925e-05
+413143e-05
+370824e-05
+293188e-05
+193936e-05
+892047e-06
-517570e-07
-779399e-06
-121781e-05
-133655e-05
-118432e-05
-825067e-06
-368388e-06
+761132e-07
+398833e-06
+541926e-06
+481036e-06
+234429e-06
-149182e-06
-593683e-06
-102296e-05
-137308e-05
-159838e-05
-168667e-05
-165318e-05
-151009e-05
-128784e-05
-100774e-05
-688064e-06
-344032e-06
+182672e-07
+380566e-06
+724598e-06
+100774e-05
+117519e-05
+117519e-05
+962071e-06
+520614e-06
-130915e-06
-928581e-06
-176887e-05
-252087e-05
-306280e-05
-329114e-05
-315109e-05
-263047e-05
-177496e-05
-681974e-06
+508436e-06
+167754e-05
+270050e-05
+348599e-05
+397615e-05
+415274e-05
+402487e-05
+362603e-05
+300799e-05
+221946e-05
+131219e-05
+365343e-06
-551060e-06
-135177e-05
-196372e-05
-231689e-05
-235038e-05
-203679e-05
-139744e-05
-490169e-06
+584549e-06
+170189e-05
+271572e-05
+348599e-05
+390309e-05
+387873e-05
+331245e-05
+221642e-05
+828112e-06
-706331e-06
-236255e-05
-394571e-05
-523659e-05
-606470e-05
-633262e-05
-606470e-05
-521223e-05
-377522e-05
-197285e-05
-974249e-07
+177800e-05
+355601e-05
+491996e-05
+567500e-05
+579678e-05
+528530e-05
+411620e-05
+245998e-05
+608906e-06
-138831e-05
-331245e-05
-482253e-05
-574807e-05
-599163e-05
-550451e-05
-431105e-05
-258176e-05
-608906e-06
+141266e-05
+333680e-05
+484689e-05
+569936e-05
+586985e-05
+540708e-05
+433541e-05
+280097e-05
+104732e-05
-681974e-06
-228949e-05
-362908e-05
-448155e-05
-482253e-05
-467640e-05
-404313e-05
-297146e-05
-158315e-05
-121781e-06
+133959e-05
+267919e-05
+377522e-05
+445719e-05
+457897e-05
+416492e-05
+326373e-05
+202157e-05
+608906e-06
-779399e-06
-209464e-05
-314195e-05
-377522e-05
-399442e-05
-377522e-05
-321502e-05
-236255e-05
-133959e-05
-414056e-06
+365343e-06
+104732e-05
+153444e-05
+177800e-05
+180236e-05
+163187e-05
+133959e-05
+998605e-06
+706331e-06
+487125e-06
+365343e-06
+389700e-06
+535837e-06
+706331e-06
+852468e-06
+974249e-06
+974249e-06
+779399e-06
+414056e-06
-730687e-07
-633262e-06
-124217e-05
-182672e-05
-224077e-05
-236255e-05
-216770e-05
-172929e-05
-104732e-05
-267919e-06
+462768e-06
+116910e-05
+170494e-05
+194850e-05
+185107e-05
+146137e-05
+876824e-06
+170494e-06
-608906e-06
-138831e-05
-207028e-05
-255740e-05
-272790e-05
-260612e-05
-221642e-05
-158315e-05
-755043e-06
+730687e-07
+876824e-06
+175365e-05
+250869e-05
+299582e-05
+319067e-05
+314195e-05
+277661e-05
+202157e-05
+102296e-05
-487125e-07
-119346e-05
-241127e-05
-343423e-05
-406749e-05
-426234e-05
-389700e-05
-304453e-05
-180236e-05
-340987e-06
+126652e-05
+289839e-05
+426234e-05
+518788e-05
+557758e-05
+545580e-05
+479818e-05
+365343e-05
+216770e-05
+584549e-06
-949893e-06
-243562e-05
-372650e-05
-457897e-05
-494431e-05
-484689e-05
-423798e-05
-321502e-05
-185107e-05
-389700e-06
+102296e-05
+238691e-05
+338552e-05
+382393e-05
+367779e-05
+299582e-05
+180236e-05
+292275e-06
-138831e-05
-306888e-05
-443283e-05
-530966e-05
-560193e-05
-526095e-05
-428670e-05
-280097e-05
-102296e-05
+779399e-06
+253305e-05
+406749e-05
+511481e-05
+555322e-05
+540708e-05
+474946e-05
+362908e-05
+219206e-05
+706331e-06
-657618e-06
-185107e-05
-277661e-05
-326373e-05
-328809e-05
-302017e-05
-236255e-05
-141266e-05
-462768e-06
+414056e-06
+121781e-05
+194850e-05
+241127e-05
+248434e-05
+226513e-05
+182672e-05
+121781e-05
+535837e-06
-487125e-07
-560193e-06
-104732e-05
-136395e-05
-146137e-05
-138831e-05
-121781e-05
-949893e-06
-633262e-06
-389700e-06
-219206e-06
-121781e-06
-974249e-07
-974249e-07
-974249e-07
-974249e-07
-487125e-07
+487125e-07
+146137e-06
+292275e-06
+438412e-06
+535837e-06
+584549e-06
+535837e-06
+389700e-06
+146137e-06
-146137e-06
-438412e-06
-755043e-06
-102296e-05
-114474e-05
-107167e-05
-803756e-06
-414056e-06
+243562e-07
+535837e-06
+109603e-05
+155880e-05
+189979e-05
+204592e-05
+194850e-05
+168058e-05
+121781e-05
+633262e-06
+730687e-07
-511481e-06
-114474e-05
-168058e-05
-204592e-05
-226513e-05
-226513e-05
-199721e-05
-160751e-05
-112039e-05
-560193e-06
-121781e-06
+219206e-06
+487125e-06
+608906e-06
+633262e-06
+608906e-06
+560193e-06
+618039e-06
+748954e-06
+867691e-06
+100469e-05
+108385e-05
+102905e-05
+797666e-06
+365343e-06
-240518e-06
-943804e-06
-163796e-05
-219206e-05
-249651e-05
-246911e-05
-207637e-05
-134264e-05
-356210e-06
+758088e-06
+185107e-05
+277965e-05
+342814e-05
+369606e-05
+354079e-05
+296842e-05
+204592e-05
+885958e-06
-380566e-06
-161664e-05
-267614e-05
-345554e-05
-386046e-05
-384524e-05
-340987e-05
-258785e-05
-146137e-05
-130915e-06
+126957e-05
+259698e-05
+370215e-05
+444501e-05
+474033e-05
+453330e-05
+381175e-05
+263047e-05
+110821e-05
-581505e-06
-225295e-05
-370519e-05
-476773e-05
-531879e-05
-530052e-05
-473120e-05
-368997e-05
-231689e-05
-788533e-06
+718509e-06
+204288e-05
+305062e-05
+366561e-05
+386046e-05
+364735e-05
+307193e-05
+222555e-05
+121477e-05
+140048e-06
-876824e-06
-172929e-05
-234733e-05
-267005e-05
-267005e-05
-236560e-05
-180236e-05
-106254e-05
-228340e-06
+605861e-06
+135177e-05
+194241e-05
+232906e-05
+249347e-05
+244780e-05
+221946e-05
+184803e-05
+137917e-05
+864646e-06
+337943e-06
-170494e-06
-630217e-06
-102296e-05
-132741e-05
-152835e-05
-162273e-05
-159533e-05
-145224e-05
-121172e-05
-889002e-06
-517570e-06
-137004e-06
+225295e-06
+548015e-06
+806800e-06
+992516e-06
+109603e-05
+110821e-05
+102296e-05
+815934e-06
+487125e-06
+365343e-07
-523659e-06
-113561e-05
-173234e-05
-223164e-05
-254523e-05
-261221e-05
-238691e-05
-187847e-05
-113561e-05
-243562e-06
+694153e-06
+157402e-05
+230775e-05
+281314e-05
+304148e-05
+298668e-05
+267005e-05
+211595e-05
+138222e-05
+541926e-06
-316631e-06
-110516e-05
-173234e-05
-211595e-05
-219815e-05
-195763e-05
-140962e-05
-618039e-06
+325765e-06
+129088e-05
+215553e-05
+279183e-05
+310846e-05
+306280e-05
+264570e-05
+189979e-05
+904225e-06
-234429e-06
-139135e-05
-245389e-05
-331549e-05
-390309e-05
-416492e-05
-407053e-05
-364735e-05
-294406e-05
-204592e-05
-103818e-05
-274008e-07
+889002e-06
+164100e-05
+217684e-05
+248129e-05
+255740e-05
+243562e-05
+215553e-05
+176887e-05
+131828e-05
+822023e-06
+298364e-06
-219206e-06
-721553e-06
-118432e-05
-156184e-05
-181758e-05
-189674e-05
-175974e-05
-140353e-05
-831156e-06
-882913e-07
+739820e-06
+156793e-05
+229862e-05
+282228e-05
+305062e-05
+294710e-05
+250565e-05
+175365e-05
+779399e-06
+000000e+00
+000000e+00
+000000e+00
+000000e+00
[ENDDATA]
