[FILEINFO]
File: D:\CMC thesis\AE software\TUNGSTEN\Vallen\T5.tra
SampleRate[Hz]: 10000000
SetsOnFile: 4
Samples: 2048
[SETINFO]
Set: 1
Index: 1
Time:  14 20:07:54 421.3538
Channel: 2
PreTriggerSamples: 100
Data: Amplitude [mV]
[DATA]
-304453e-08
+000000e+00
+304453e-08
+304453e-08
+304453e-08
+304453e-08
+304453e-08
+304453e-08
+000000e+00
+000000e+00
+000000e+00
+000000e+00
-304453e-08
-304453e-08
-304453e-08
+000000e+00
+000000e+00
+000000e+00
+000000e+00
+000000e+00
+304453e-08
+304453e-08
+304453e-08
+304453e-08
+304453e-08
+608906e-08
+304453e-08
+000000e+00
+000000e+00
+000000e+00
+000000e+00
-304453e-08
-304453e-08
-304453e-08
-304453e-08
-304453e-08
+000000e+00
-304453e-08
-304453e-08
+000000e+00
+000000e+00
+000000e+00
+000000e+00
-304453e-08
+000000e+00
+304453e-08
+000000e+00
+000000e+00
+000000e+00
-304453e-08
-304453e-08
-304453e-08
+000000e+00
-304453e-08
-608906e-08
-608906e-08
-608906e-08
-608906e-08
-304453e-08
-304453e-08
-304453e-08
-304453e-08
-608906e-08
-608906e-08
-608906e-08
-608906e-08
-304453e-08
-304453e-08
-304453e-08
-304453e-08
-304453e-08
-304453e-08
-304453e-08
+000000e+00
+000000e+00
+000000e+00
+000000e+00
-304453e-08
-304453e-08
-304453e-08
-304453e-08
-304453e-08
-304453e-08
+000000e+00
+304453e-08
+304453e-08
+304453e-08
+304453e-08
+000000e+00
+000000e+00
-304453e-08
-304453e-08
-304453e-08
-608906e-08
-608906e-08
-608906e-08
-913359e-08
-121781e-07
-182672e-07
-395789e-07
-730687e-07
-130915e-06
-225295e-06
-362299e-06
-508436e-06
-627173e-06
-681974e-06
-602817e-06
-325765e-06
+179627e-06
+898136e-06
+178105e-05
+272485e-05
+358645e-05
+423189e-05
+455462e-05
+426234e-05
+328809e-05
+172929e-05
-365343e-06
-292275e-05
-579678e-05
-876824e-05
-114474e-04
-133472e-04
-142240e-04
-137613e-04
-118128e-04
-835419e-05
-353165e-05
+214335e-05
+813498e-05
+137613e-04
+184133e-04
+217745e-04
+233820e-04
+230410e-04
+208489e-04
+170494e-04
+119833e-04
+596728e-05
-487125e-06
-684410e-05
-126896e-04
-174634e-04
-208246e-04
-225782e-04
-224077e-04
-203618e-04
-166840e-04
-117641e-04
-611341e-05
-340987e-06
+489560e-05
+906052e-05
+115936e-04
+122999e-04
+112039e-04
+852468e-05
+489560e-05
+925537e-06
-289839e-05
-596728e-05
-784271e-05
-835419e-05
-752607e-05
-552886e-05
-255740e-05
+901181e-06
+445719e-05
+786706e-05
+108872e-04
+131524e-04
+145894e-04
+151009e-04
+144676e-04
+127870e-04
+993734e-05
+601599e-05
+131524e-05
-392135e-05
-932844e-05
-141510e-04
-177800e-04
-199478e-04
-202157e-04
-184864e-04
-148329e-04
-959635e-05
-343423e-05
+297146e-05
+898745e-05
+139074e-04
+172442e-04
+187056e-04
+182428e-04
+159533e-04
+120320e-04
+703895e-05
+138831e-05
-438412e-05
-981556e-05
-142727e-04
-173416e-04
-188517e-04
-185838e-04
-165622e-04
-128844e-04
-779399e-05
-180236e-05
+453026e-05
+105219e-04
+154906e-04
+187787e-04
+198747e-04
+187543e-04
+153688e-04
+101322e-04
+379957e-05
-282532e-05
-891438e-05
-136882e-04
-165866e-04
-174634e-04
-163674e-04
-136151e-04
-964507e-05
-513916e-05
-730687e-06
+331245e-05
+657618e-05
+891438e-05
+104245e-04
+110577e-04
+109603e-04
+102296e-04
+896309e-05
+735558e-05
+550451e-05
+340987e-05
+114474e-05
-102296e-05
-309324e-05
-506610e-05
-664925e-05
-779399e-05
-852468e-05
-862211e-05
-798884e-05
-667361e-05
-465204e-05
-197285e-05
+104732e-05
+416492e-05
+708766e-05
+932844e-05
+105950e-04
+106680e-04
+937715e-05
+684410e-05
+331245e-05
-755043e-06
-470075e-05
-811062e-05
-106193e-04
-117641e-04
-113744e-04
-957200e-05
-674668e-05
-333680e-05
+219206e-06
+358037e-05
+630826e-05
+811062e-05
+898745e-05
+879260e-05
+759914e-05
+565065e-05
+299582e-05
-730687e-07
-331245e-05
-655183e-05
-945022e-05
-116179e-04
-125922e-04
-123486e-04
-106924e-04
-769657e-05
-370215e-05
+925537e-06
+560193e-05
+979120e-05
+128357e-04
+144189e-04
+143945e-04
+128114e-04
+991298e-05
+611341e-05
+202157e-05
-182672e-05
-491996e-05
-686846e-05
-750172e-05
-691717e-05
-530966e-05
-292275e-05
-243562e-06
+224077e-05
+426234e-05
+548015e-05
+569936e-05
+504174e-05
+367779e-05
+182672e-05
+000000e+00
-158315e-05
-282532e-05
-353165e-05
-375086e-05
-360472e-05
-328809e-05
-299582e-05
-282532e-05
-289839e-05
-326373e-05
-382393e-05
-445719e-05
-504174e-05
-545580e-05
-555322e-05
-526095e-05
-453026e-05
-338552e-05
-180236e-05
+487125e-07
+204592e-05
+421363e-05
+613777e-05
+764786e-05
+869517e-05
+908487e-05
+881695e-05
+801320e-05
+684410e-05
+552886e-05
+414056e-05
+280097e-05
+163187e-05
+584549e-06
-340987e-06
-136395e-05
-265483e-05
-411620e-05
-557758e-05
-686846e-05
-776964e-05
-806191e-05
-757479e-05
-625955e-05
-409185e-05
-129088e-05
+180236e-05
+484689e-05
+735558e-05
+889002e-05
+920665e-05
+813498e-05
+569936e-05
+211899e-05
-226513e-05
-689281e-05
-111552e-04
-144189e-04
-161238e-04
-158803e-04
-135908e-04
-927972e-05
-345858e-05
+306888e-05
+954764e-05
+151983e-04
+192171e-04
+210681e-04
+205567e-04
+178044e-04
+132985e-04
+755043e-05
+131524e-05
-465204e-05
-981556e-05
-135664e-04
-155636e-04
-158559e-04
-145163e-04
-117397e-04
-781835e-05
-299582e-05
+226513e-05
+737994e-05
+119346e-04
+155636e-04
+177070e-04
+179749e-04
+162212e-04
+124460e-04
+694153e-05
+219206e-06
-706331e-05
-140048e-04
-197042e-04
-235281e-04
-249408e-04
-237717e-04
-201182e-04
-144676e-04
-747736e-05
+487125e-07
+716073e-05
+130306e-04
+169763e-04
+186569e-04
+180236e-04
+151252e-04
+103758e-04
+445719e-05
-185107e-05
-776964e-05
-125191e-04
-154175e-04
-161238e-04
-144432e-04
-105462e-04
-494431e-05
+170494e-05
+862211e-05
+148817e-04
+196555e-04
+224077e-04
+227244e-04
+205079e-04
+161238e-04
+100835e-04
+316631e-05
-389700e-05
-103514e-04
-154906e-04
-186812e-04
-196311e-04
-185351e-04
-154906e-04
-109359e-04
-562629e-05
-170494e-06
+489560e-05
+906052e-05
+117641e-04
+128357e-04
+124947e-04
+106680e-04
+759914e-05
+370215e-05
-535837e-06
-455462e-05
-808627e-05
-107167e-04
-120076e-04
-117884e-04
-100104e-04
-689281e-05
-287404e-05
+153444e-05
+577243e-05
+932844e-05
+115692e-04
+121294e-04
+108872e-04
+803756e-05
+406749e-05
-511481e-06
-501738e-05
-896309e-05
-116910e-04
-127383e-04
-122512e-04
-101322e-04
-664925e-05
-238691e-05
+221642e-05
+647876e-05
+986427e-05
+119102e-04
+123486e-04
+110577e-04
+806191e-05
+375086e-05
-126652e-05
-633262e-05
-107655e-04
-138587e-04
-150765e-04
-139805e-04
-106193e-04
-540708e-05
+112039e-05
+813498e-05
+145163e-04
+193388e-04
+218962e-04
+216283e-04
+185107e-04
+128844e-04
+543144e-05
-267919e-05
-103758e-04
-166353e-04
-205567e-04
-216527e-04
-198016e-04
-153931e-04
-920665e-05
-219206e-05
+472511e-05
+105219e-04
+144676e-04
+161482e-04
+153444e-04
+123243e-04
+755043e-05
+163187e-05
-462768e-05
-104488e-04
-151252e-04
-179993e-04
-186569e-04
-169519e-04
-129819e-04
-703895e-05
+219206e-06
+786706e-05
+149304e-04
+204592e-04
+237473e-04
+241614e-04
+214335e-04
+159046e-04
+823241e-05
-657618e-06
-962071e-05
-174634e-04
-230410e-04
-255740e-04
-248190e-04
-207759e-04
-138831e-04
-516352e-05
+423798e-05
+131037e-04
+202887e-04
+248434e-04
+263291e-04
+247216e-04
+201182e-04
+130549e-04
+443283e-05
-472511e-05
-133229e-04
-204105e-04
-250626e-04
-267188e-04
-252818e-04
-206541e-04
-132985e-04
-416492e-05
+582114e-05
+152957e-04
+228949e-04
+277174e-04
+288378e-04
+259881e-04
+195581e-04
+102540e-04
-730687e-06
-119346e-04
-217501e-04
-288621e-04
-323938e-04
-319067e-04
-274738e-04
-195824e-04
-930408e-05
+199721e-05
+129575e-04
+221155e-04
+284968e-04
+312734e-04
+300312e-04
+251113e-04
+170737e-04
+679539e-05
-428670e-05
-146868e-04
-231871e-04
-287160e-04
-305184e-04
-282776e-04
-223834e-04
-135664e-04
-294710e-05
+813498e-05
+184133e-04
+265970e-04
+316631e-04
+331001e-04
+309081e-04
+253792e-04
+170981e-04
+699024e-05
-372650e-05
-138831e-04
-225052e-04
-286916e-04
-317362e-04
-313952e-04
-276687e-04
-208002e-04
-115936e-04
-104732e-05
+964507e-05
+192171e-04
+264996e-04
+303966e-04
+304696e-04
+267188e-04
+194363e-04
+964507e-05
-126652e-05
-118371e-04
-205323e-04
-259881e-04
-275225e-04
-251113e-04
-190953e-04
-104975e-04
-657618e-06
+889002e-05
+168058e-04
+221885e-04
+243075e-04
+230166e-04
+187056e-04
+121538e-04
+421363e-05
-409185e-05
-119346e-04
-186082e-04
-233576e-04
-258663e-04
-259881e-04
-237473e-04
-192901e-04
-129332e-04
-528530e-05
+287404e-05
+107167e-04
+174147e-04
+222129e-04
+244293e-04
+237230e-04
+202887e-04
+145650e-04
+718509e-05
-706331e-06
-794013e-05
-135664e-04
-168058e-04
-173660e-04
-151983e-04
-107167e-04
-477382e-05
+175365e-05
+798884e-05
+130793e-04
+164161e-04
+176826e-04
+168058e-04
+140535e-04
+976685e-05
+438412e-05
-136395e-05
-686846e-05
-115936e-04
-150034e-04
-166353e-04
-161969e-04
-136882e-04
-923101e-05
-338552e-05
+289839e-05
+884131e-05
+135421e-04
+162212e-04
+164405e-04
+141510e-04
+971814e-05
+377522e-05
-263047e-05
-854904e-05
-131037e-04
-156123e-04
-158803e-04
-139318e-04
-100348e-04
-496867e-05
+462768e-06
+567500e-05
+996170e-05
+126652e-04
+135177e-04
+126652e-04
+100591e-04
+591856e-05
+925537e-06
-445719e-05
-974249e-05
-140779e-04
-169276e-04
-179749e-04
-168789e-04
-137369e-04
-879260e-05
-260612e-05
+404313e-05
+102540e-04
+151496e-04
+179993e-04
+183402e-04
+160264e-04
+113013e-04
+474946e-05
-277661e-05
-102053e-04
-165622e-04
-209220e-04
-225539e-04
-210438e-04
-165622e-04
-964507e-05
-998605e-06
+830547e-05
+171468e-04
+243806e-04
+290813e-04
+306645e-04
+288378e-04
+239178e-04
+165379e-04
+745301e-05
-219206e-05
-112282e-04
-186325e-04
-234307e-04
-252087e-04
-238935e-04
-196068e-04
-129088e-04
-460333e-05
+431105e-05
+127627e-04
+197042e-04
+242588e-04
+259394e-04
+244780e-04
+198503e-04
+123730e-04
+292275e-05
-740429e-05
-174878e-04
-260125e-04
-318579e-04
-342692e-04
-328566e-04
-277905e-04
-195581e-04
-918230e-05
+194850e-05
+124947e-04
+210925e-04
+266944e-04
+286916e-04
+269380e-04
+218232e-04
+140535e-04
+470075e-05
-506610e-05
-141023e-04
-212630e-04
-256471e-04
-268162e-04
-248434e-04
-198260e-04
-122512e-04
-319067e-05
+652747e-05
+157828e-04
+233333e-04
+285942e-04
+308593e-04
+296415e-04
+252087e-04
+180480e-04
+896309e-05
-998605e-06
-106437e-04
-187299e-04
-242344e-04
-264996e-04
-254766e-04
-211656e-04
-141753e-04
-565065e-05
+328809e-05
+114474e-04
+177313e-04
+214335e-04
+221642e-04
+198016e-04
+147842e-04
+779399e-05
-194850e-06
-815934e-05
-150034e-04
-198747e-04
-222129e-04
-216040e-04
-181697e-04
-123243e-04
-467640e-05
+377522e-05
+119346e-04
+188274e-04
+234063e-04
+249651e-04
+232602e-04
+183646e-04
+107898e-04
+160751e-05
-791577e-05
-164892e-04
-228949e-04
-262073e-04
-259637e-04
-221155e-04
-152957e-04
-645440e-05
+309324e-05
+118128e-04
+185838e-04
+224808e-04
+229436e-04
+200695e-04
+144676e-04
+689281e-05
-148573e-05
-932844e-05
-157098e-04
-198503e-04
-211656e-04
-196555e-04
-155393e-04
-940150e-05
-207028e-05
+565065e-05
+127870e-04
+183402e-04
+216527e-04
+223103e-04
+201913e-04
+154418e-04
+854904e-05
+365343e-06
-815934e-05
-158315e-04
-217014e-04
-248921e-04
-249164e-04
-216770e-04
-155636e-04
-730687e-05
+211899e-05
+113256e-04
+190709e-04
+241857e-04
+259637e-04
+242101e-04
+190953e-04
+112526e-04
+187543e-05
-772092e-05
-160508e-04
-219937e-04
-246972e-04
-237473e-04
-193876e-04
-121050e-04
-306888e-05
+662489e-05
+155880e-04
+225052e-04
+267188e-04
+275225e-04
+248190e-04
+189979e-04
+106437e-04
+803756e-06
-925537e-05
-184133e-04
-255253e-04
-297146e-04
-304696e-04
-275713e-04
-213848e-04
-125435e-04
-211899e-05
+864646e-05
+185594e-04
+262317e-04
+305914e-04
+311516e-04
+277661e-04
+209220e-04
+114231e-04
+340987e-06
-107655e-04
-205323e-04
-277174e-04
-313708e-04
-312003e-04
-272790e-04
-199721e-04
-101809e-04
+803756e-06
+116910e-04
+211168e-04
+280827e-04
+317849e-04
+316875e-04
+278148e-04
+206297e-04
+109359e-04
-292275e-06
-116910e-04
-218719e-04
-296415e-04
-341231e-04
-346102e-04
-309324e-04
-235281e-04
-131524e-04
-104732e-05
+113256e-04
+223834e-04
+307863e-04
+354870e-04
+357306e-04
+315657e-04
+235525e-04
+126409e-04
+292275e-06
-119346e-04
-224564e-04
-299094e-04
-335142e-04
-328078e-04
-279853e-04
-197285e-04
-906052e-05
+245998e-05
+133959e-04
+223590e-04
+283507e-04
+307376e-04
+291057e-04
+238204e-04
+157341e-04
+567500e-05
-513916e-05
-151983e-04
-233820e-04
-287647e-04
-305671e-04
-284481e-04
-226513e-04
-138343e-04
-302017e-05
+845161e-05
+192414e-04
+278392e-04
+330270e-04
+341718e-04
+309568e-04
+237230e-04
+134446e-04
+143702e-05
-108629e-04
-217258e-04
-296659e-04
-337334e-04
-333437e-04
-285699e-04
-201426e-04
-910923e-05
+309324e-05
+146868e-04
+241614e-04
+303479e-04
+324912e-04
+303235e-04
+242101e-04
+151496e-04
+438412e-05
-679539e-05
-168302e-04
-244293e-04
-288621e-04
-296902e-04
-270111e-04
-212386e-04
-131767e-04
-404313e-05
+516352e-05
+133959e-04
+195093e-04
+229679e-04
+233820e-04
+206784e-04
+153201e-04
+781835e-05
-901181e-06
-959635e-05
-171955e-04
-227731e-04
-253792e-04
-246485e-04
-206297e-04
-136395e-04
-470075e-05
+509045e-05
+143945e-04
+218719e-04
+265970e-04
+279122e-04
+256958e-04
+203375e-04
+125191e-04
+345858e-05
-555322e-05
-133959e-04
-190466e-04
-219206e-04
-217988e-04
-189004e-04
-138100e-04
-711202e-05
+365343e-06
+764786e-05
+140292e-04
+188030e-04
+215553e-04
+220424e-04
+201182e-04
+159046e-04
+986427e-05
+270354e-05
-487125e-05
-119589e-04
-175121e-04
-208002e-04
-212873e-04
-188761e-04
-140048e-04
-723380e-05
+340987e-06
+742865e-05
+128844e-04
+158072e-04
+157828e-04
+128844e-04
+752607e-05
+560193e-06
-677103e-05
-132741e-04
-179749e-04
-202157e-04
-197285e-04
-165379e-04
-110577e-04
-414056e-05
+328809e-05
+103758e-04
+162943e-04
+203618e-04
+220667e-04
+212143e-04
+179505e-04
+125922e-04
+565065e-05
-202157e-05
-952329e-05
-161238e-04
-210925e-04
-236499e-04
-233089e-04
-201426e-04
-144432e-04
-672232e-05
+207028e-05
+108629e-04
+185107e-04
+239422e-04
+265239e-04
+258907e-04
+219206e-04
+151983e-04
+652747e-05
-292275e-05
-118371e-04
-191927e-04
-238447e-04
-252574e-04
-233333e-04
-181697e-04
-104488e-04
-129088e-05
+815934e-05
+166840e-04
+230897e-04
+265726e-04
+266944e-04
+234550e-04
+172199e-04
+884131e-05
-608906e-06
-988863e-05
-178288e-04
-234550e-04
-260125e-04
-253305e-04
-214091e-04
-148086e-04
-638133e-05
+270354e-05
+112282e-04
+181210e-04
+224808e-04
+237473e-04
+216527e-04
+164892e-04
+896309e-05
-487125e-07
-942586e-05
-179018e-04
-243075e-04
-278392e-04
-280340e-04
-247459e-04
-183159e-04
-959635e-05
+316631e-06
+102783e-04
+189248e-04
+251843e-04
+283994e-04
+280827e-04
+243562e-04
+177557e-04
+913359e-05
-414056e-06
-969378e-05
-174878e-04
-228949e-04
-252087e-04
-243319e-04
-203618e-04
-137856e-04
-552886e-05
+333680e-05
+116666e-04
+185351e-04
+231141e-04
+248434e-04
+235525e-04
+194850e-04
+130306e-04
+489560e-05
-372650e-05
-119346e-04
-188517e-04
-234307e-04
-251356e-04
-237717e-04
-193632e-04
-123243e-04
-370215e-05
+555322e-05
+142971e-04
+211899e-04
+252574e-04
+259394e-04
+232115e-04
+172199e-04
+884131e-05
-779399e-06
-104245e-04
-186812e-04
-243806e-04
-267675e-04
-256228e-04
-210194e-04
-135908e-04
-443283e-05
+538273e-05
+144920e-04
+217258e-04
+263291e-04
+277661e-04
+260125e-04
+213361e-04
+143945e-04
+596728e-05
-284968e-05
-110577e-04
-178531e-04
-225052e-04
-245754e-04
-237717e-04
-203131e-04
-147355e-04
-757479e-05
+267919e-06
+769657e-05
+137369e-04
+175608e-04
+187543e-04
+171711e-04
+130062e-04
+679539e-05
-487125e-06
-776964e-05
-138831e-04
-179505e-04
-194850e-04
-182185e-04
-143945e-04
-850032e-05
-146137e-05
+567500e-05
+119346e-04
+164648e-04
+186812e-04
+184620e-04
+159046e-04
+114474e-04
+574807e-05
-462768e-06
-633262e-05
-111552e-04
-143458e-04
-155393e-04
-145894e-04
-116666e-04
-713637e-05
-155880e-05
+450590e-05
+102296e-04
+148573e-04
+177557e-04
+184864e-04
+169519e-04
+132011e-04
+759914e-05
+755043e-06
-640569e-05
-129332e-04
-179993e-04
-209707e-04
-213848e-04
-191440e-04
-146137e-04
-825676e-05
-876824e-06
+647876e-05
+128357e-04
+173416e-04
+195093e-04
+191196e-04
+161482e-04
+110821e-04
+465204e-05
-221642e-05
-867082e-05
-137856e-04
-168302e-04
-175121e-04
-156367e-04
-115205e-04
-567500e-05
+114474e-05
+796449e-05
+138100e-04
+178288e-04
+195093e-04
+186325e-04
+151739e-04
+962071e-05
+280097e-05
-445719e-05
-112526e-04
-166597e-04
-199965e-04
-208002e-04
-190466e-04
-150765e-04
-935279e-05
-267919e-05
+421363e-05
+103758e-04
+151009e-04
+178531e-04
+182672e-04
+164648e-04
+125922e-04
+718509e-05
+901181e-06
-552886e-05
-113500e-04
-159046e-04
-186325e-04
-192414e-04
-176826e-04
-141266e-04
-889002e-05
-255740e-05
+426234e-05
+107411e-04
+161238e-04
+198503e-04
+213848e-04
+204836e-04
+172199e-04
+119589e-04
+509045e-05
-245998e-05
-971814e-05
-159533e-04
-202644e-04
-220180e-04
-209707e-04
-172686e-04
-112769e-04
-382393e-05
+411620e-05
+116179e-04
+175121e-04
+210681e-04
+219206e-04
+199234e-04
+153688e-04
+901180e-05
+180236e-05
-533401e-05
-113987e-04
-155636e-04
-173173e-04
-165379e-04
-134203e-04
-840290e-05
-228949e-05
+414056e-05
+100104e-04
+146137e-04
+173660e-04
+178775e-04
+161238e-04
+122512e-04
+672232e-05
+170494e-06
-672232e-05
-132254e-04
-184864e-04
-219693e-04
-231871e-04
-217501e-04
-179749e-04
-122755e-04
-518788e-05
+238691e-05
+949893e-05
+153444e-04
+191196e-04
+203131e-04
+189491e-04
+151009e-04
+935279e-05
+255740e-05
-440848e-05
-105950e-04
-152226e-04
-176096e-04
-174634e-04
-148573e-04
-102053e-04
-418927e-05
+236255e-05
+862211e-05
+136638e-04
+168545e-04
+178775e-04
+165379e-04
+130306e-04
+776964e-05
+148573e-05
-496867e-05
-108142e-04
-152957e-04
-177557e-04
-178044e-04
-155149e-04
-111795e-04
-526095e-05
+146137e-05
+811062e-05
+138100e-04
+178288e-04
+196798e-04
+191927e-04
+163917e-04
+116910e-04
+574807e-05
-681974e-06
-672232e-05
-116179e-04
-148086e-04
-159290e-04
-148817e-04
-118858e-04
-735558e-05
-192414e-05
+377522e-05
+908487e-05
+131280e-04
+153688e-04
+156611e-04
+138100e-04
+988863e-05
+435977e-05
-204592e-05
-857339e-05
-143215e-04
-184864e-04
-205810e-04
-201426e-04
-171711e-04
-120320e-04
-533401e-05
+202157e-05
+901180e-05
+146381e-04
+181454e-04
+191196e-04
+175365e-04
+135908e-04
+784271e-05
+114474e-05
-557758e-05
-113744e-04
-155636e-04
-176339e-04
-173173e-04
-147355e-04
-103027e-04
-462768e-05
+163187e-05
+769657e-05
+127627e-04
+162700e-04
+178044e-04
+171468e-04
+143458e-04
+964507e-05
+358037e-05
-302017e-05
-942586e-05
-148817e-04
-185838e-04
-200452e-04
-189735e-04
-152957e-04
-945022e-05
-216770e-05
+586985e-05
+135908e-04
+197773e-04
+236499e-04
+247216e-04
+226756e-04
+177313e-04
+105706e-04
+211899e-05
-660054e-05
-144189e-04
-202644e-04
-235281e-04
-237717e-04
-209220e-04
-155880e-04
-852468e-05
-560193e-06
+735558e-05
+141997e-04
+190953e-04
+216527e-04
+216527e-04
+191927e-04
+146381e-04
+847597e-05
+151009e-05
-540708e-05
-115449e-04
-162212e-04
-188761e-04
-192901e-04
-175121e-04
-137856e-04
-847597e-05
-233820e-05
+379957e-05
+930408e-05
+132985e-04
+153201e-04
+152470e-04
+131524e-04
+925537e-05
+409185e-05
-143702e-05
-667361e-05
-109847e-04
-138831e-04
-150521e-04
-142971e-04
-118858e-04
-820805e-05
-358037e-05
+129088e-05
+574807e-05
+945022e-05
+118371e-04
+126409e-04
+119346e-04
+966942e-05
+616213e-05
+194850e-05
-258176e-05
-674668e-05
-100104e-04
-119346e-04
-122025e-04
-107167e-04
-769657e-05
-353165e-05
+133959e-05
+623519e-05
+105462e-04
+136882e-04
+152714e-04
+151009e-04
+132498e-04
+986427e-05
+540708e-05
+584549e-06
-414056e-05
-818369e-05
-110821e-04
-124704e-04
-123243e-04
-107167e-04
-789142e-05
-443283e-05
-779399e-06
+270354e-05
+543144e-05
+701459e-05
+737994e-05
+652747e-05
+455462e-05
+175365e-05
-126652e-05
-411620e-05
-633262e-05
-752607e-05
-755043e-05
-635698e-05
-397007e-05
-730687e-06
+299582e-05
+669796e-05
+981556e-05
+119102e-04
+126896e-04
+121781e-04
+101809e-04
+684410e-05
+253305e-05
-228949e-05
-708766e-05
-113744e-04
-145894e-04
-163430e-04
-162943e-04
-143458e-04
-107167e-04
-577243e-05
+000000e+00
+584550e-05
+109116e-04
+145407e-04
+161969e-04
+154662e-04
+124704e-04
+757479e-05
+138831e-05
-513916e-05
-111064e-04
-155636e-04
-178288e-04
-175852e-04
-148329e-04
-996170e-05
-367779e-05
+309324e-05
+952329e-05
+148817e-04
+183890e-04
+197042e-04
+188517e-04
+158803e-04
+112282e-04
+545580e-05
-852468e-06
-696588e-05
-122755e-04
-162456e-04
-183646e-04
-184133e-04
-163187e-04
-121538e-04
-643004e-05
+121781e-06
+679539e-05
+127140e-04
+169276e-04
+188030e-04
+181210e-04
+148086e-04
+925537e-05
+226513e-05
-528530e-05
-122755e-04
-176096e-04
-207272e-04
-211412e-04
-187543e-04
-140292e-04
-737994e-05
+219206e-06
+786706e-05
+147112e-04
+198747e-04
+230166e-04
+237960e-04
+220180e-04
+180480e-04
+122999e-04
+521223e-05
-238691e-05
-964507e-05
-158803e-04
-203375e-04
-224564e-04
-218962e-04
-186325e-04
-130793e-04
-584550e-05
+216770e-05
+979120e-05
+160995e-04
+202887e-04
+215796e-04
+197529e-04
+151739e-04
+845161e-05
+438412e-06
-772092e-05
-147599e-04
-198260e-04
-224321e-04
-221885e-04
-193388e-04
-144920e-04
-823241e-05
-146137e-05
+494431e-05
+103027e-04
+141023e-04
+160020e-04
+158559e-04
+138343e-04
+102540e-04
+557758e-05
+340987e-06
-489560e-05
-969378e-05
-133229e-04
-152714e-04
-154175e-04
-136151e-04
-979120e-05
-438412e-05
+192414e-05
+850032e-05
+144432e-04
+189491e-04
+214335e-04
+215553e-04
+191927e-04
+146137e-04
+835419e-05
+124217e-05
-572371e-05
-115936e-04
-157098e-04
-176339e-04
-170737e-04
-142727e-04
-966942e-05
-394571e-05
+197285e-05
+728251e-05
+113013e-04
+136151e-04
+139561e-04
+123243e-04
+898745e-05
+433541e-05
-828112e-06
-582114e-05
-102296e-04
-132741e-04
-145894e-04
-141023e-04
-118858e-04
-828112e-05
-365343e-05
+124217e-05
+574807e-05
+932844e-05
+114231e-04
+117397e-04
+102783e-04
+730687e-05
+316631e-05
-143702e-05
-577243e-05
-947457e-05
-118371e-04
-124947e-04
-113987e-04
-852468e-05
-428670e-05
+706331e-06
+594292e-05
+106924e-04
+142484e-04
+161725e-04
+160020e-04
+136882e-04
+940150e-05
+360472e-05
-284968e-05
-920665e-05
-146137e-04
-182428e-04
-196798e-04
-188030e-04
-155636e-04
-103758e-04
-401878e-05
+267919e-05
+891438e-05
+138343e-04
+168545e-04
+177800e-04
+165135e-04
+133472e-04
+876824e-05
+336116e-05
-207028e-05
-684410e-05
-105462e-04
-126409e-04
-130062e-04
-118371e-04
-901180e-05
-496867e-05
-243562e-06
+479818e-05
+957200e-05
+134203e-04
+158315e-04
+165135e-04
+151983e-04
+120563e-04
+730687e-05
+133959e-05
-509045e-05
-111795e-04
-161238e-04
-191440e-04
-197285e-04
-178044e-04
-135908e-04
-745301e-05
-243562e-06
+699024e-05
+132498e-04
+175852e-04
+194850e-04
+187056e-04
+152470e-04
+962071e-05
+272790e-05
-457897e-05
-113744e-04
-167084e-04
-198747e-04
-205567e-04
-187299e-04
-146624e-04
-879260e-05
-189979e-05
+516352e-05
+115449e-04
+163674e-04
+191196e-04
+194363e-04
+173416e-04
+131524e-04
+725816e-05
+414056e-06
-643004e-05
-124704e-04
-169276e-04
-191684e-04
-190466e-04
-165866e-04
-120320e-04
-601599e-05
+755043e-06
+740429e-05
+130549e-04
+170737e-04
+190222e-04
+187543e-04
+162943e-04
+119102e-04
+621084e-05
-121781e-06
-640569e-05
-118371e-04
-157585e-04
-177557e-04
-175121e-04
-150034e-04
-105219e-04
-467640e-05
+185107e-05
+835419e-05
+138587e-04
+176096e-04
+191684e-04
+183402e-04
+150278e-04
+962071e-05
+302017e-05
-409185e-05
-108385e-04
-161969e-04
-193632e-04
-199721e-04
-180236e-04
-137613e-04
-759914e-05
-438412e-06
+669796e-05
+129819e-04
+175121e-04
+197529e-04
+194850e-04
+168302e-04
+121050e-04
+589421e-05
-901181e-06
-750172e-05
-130549e-04
-168302e-04
-184864e-04
-179505e-04
-152714e-04
-108629e-04
-545580e-05
+316631e-06
+582114e-05
+104001e-04
+134690e-04
+147599e-04
+141753e-04
+119589e-04
+840290e-05
+384828e-05
-974249e-06
-550451e-05
-942586e-05
-121294e-04
-132741e-04
-129575e-04
-110334e-04
-772092e-05
-340987e-05
+143702e-05
+621084e-05
+104001e-04
+133959e-04
+148329e-04
+144432e-04
+122512e-04
+847597e-05
+343423e-05
-204592e-05
-725816e-05
-115936e-04
-144432e-04
-153688e-04
-141510e-04
-110821e-04
-662489e-05
-138831e-05
+387264e-05
+852468e-05
+116910e-04
+130062e-04
+126165e-04
+103758e-04
+664925e-05
+209464e-05
-275225e-05
-718509e-05
-106437e-04
-125922e-04
-128844e-04
-116666e-04
-889002e-05
-496867e-05
-487125e-06
+414056e-05
+840290e-05
+116423e-04
+134690e-04
+137613e-04
+125435e-04
+983992e-05
+596728e-05
+165622e-05
-270354e-05
-650311e-05
-927972e-05
-107411e-04
-105462e-04
-884131e-05
-596728e-05
-226513e-05
+175365e-05
+555322e-05
+871953e-05
+108385e-04
+115692e-04
+107167e-04
+837854e-05
+487125e-05
+608906e-06
-399442e-05
-842726e-05
-119346e-04
-140779e-04
-145650e-04
-132741e-04
-102296e-04
-579678e-05
-779399e-06
+428670e-05
+879260e-05
+118371e-04
+129575e-04
+122512e-04
+962071e-05
+540708e-05
+340987e-06
-482253e-05
-945022e-05
-127627e-04
-142727e-04
-139561e-04
-118371e-04
-823241e-05
-353165e-05
+155880e-05
+635698e-05
+104245e-04
+132011e-04
+144920e-04
+142240e-04
+123973e-04
+925537e-05
+506610e-05
+389700e-06
-426234e-05
-845161e-05
-116179e-04
-133959e-04
-135908e-04
-121538e-04
-908487e-05
-472511e-05
+292275e-06
+545580e-05
+101565e-04
+000000e+00
+000000e+00
+000000e+00
+000000e+00
[ENDDATA]
