[FILEINFO]
File: D:\CMC thesis\AE software\TUNGSTEN\Vallen\T7.tra
SampleRate[Hz]: 10000000
SetsOnFile: 2
Samples: 2048
[SETINFO]
Set: 1
Index: 1
Time:  14 22:12:21 826.5869
Channel: 1
PreTriggerSamples: 100
Data: Amplitude [mV]
[DATA]
-608906e-08
-608906e-08
-608906e-08
-304453e-08
-304453e-08
+000000e+00
+304453e-08
+000000e+00
-304453e-08
-304453e-08
+000000e+00
+000000e+00
-608906e-08
-608906e-08
-304453e-08
-304453e-08
-608906e-08
-304453e-08
-304453e-08
-304453e-08
+000000e+00
+000000e+00
+000000e+00
-304453e-08
-304453e-08
-608906e-08
-608906e-08
-608906e-08
-608906e-08
-608906e-08
-608906e-08
-608906e-08
-304453e-08
-304453e-08
-304453e-08
-304453e-08
-608906e-08
-608906e-08
+000000e+00
+000000e+00
-304453e-08
-304453e-08
-304453e-08
-608906e-08
-608906e-08
-608906e-08
-304453e-08
-304453e-08
-304453e-08
+000000e+00
+000000e+00
+000000e+00
+000000e+00
+304453e-08
+000000e+00
+000000e+00
+000000e+00
-304453e-08
-304453e-08
-304453e-08
-304453e-08
-304453e-08
-304453e-08
+000000e+00
+000000e+00
+000000e+00
+304453e-08
+304453e-08
+304453e-08
+000000e+00
+000000e+00
+000000e+00
+000000e+00
+000000e+00
+000000e+00
+000000e+00
-304453e-08
+000000e+00
+000000e+00
+000000e+00
-304453e-08
-304453e-08
-304453e-08
-304453e-08
-304453e-08
+000000e+00
+000000e+00
+000000e+00
+000000e+00
+000000e+00
+000000e+00
-304453e-08
-304453e-08
-304453e-08
-304453e-08
-608906e-08
-608906e-08
-913359e-08
-182672e-07
-365343e-07
-639351e-07
-103514e-06
-155271e-06
-216162e-06
-261829e-06
-267919e-06
-203983e-06
-456679e-07
+219206e-06
+590639e-06
+102296e-05
+144920e-05
+177800e-05
+192414e-05
+181758e-05
+140657e-05
+703286e-06
-270963e-06
-141266e-05
-258176e-05
-367779e-05
-455462e-05
-513916e-05
-535837e-05
-516352e-05
-455462e-05
-345858e-05
-185107e-05
+974249e-07
+236255e-05
+489560e-05
+735558e-05
+947457e-05
+110090e-04
+116910e-04
+113500e-04
+993734e-05
+750172e-05
+418927e-05
+389700e-06
-353165e-05
-725816e-05
-104488e-04
-127383e-04
-139318e-04
-140779e-04
-131767e-04
-112039e-04
-830547e-05
-479818e-05
-998605e-06
+287404e-05
+643004e-05
+925537e-05
+111552e-04
+118615e-04
+113013e-04
+954764e-05
+691717e-05
+370215e-05
+340987e-06
-270354e-05
-518788e-05
-679539e-05
-750172e-05
-733122e-05
-643004e-05
-494431e-05
-304453e-05
-104732e-05
+852468e-06
+263047e-05
+416492e-05
+523659e-05
+577243e-05
+572371e-05
+509045e-05
+392135e-05
+238691e-05
+755043e-06
-803756e-06
-214335e-05
-302017e-05
-331245e-05
-309324e-05
-236255e-05
-124217e-05
+000000e+00
+121781e-05
+233820e-05
+316631e-05
+358037e-05
+358037e-05
+314195e-05
+226513e-05
+998605e-06
-511481e-06
-224077e-05
-409185e-05
-574807e-05
-696588e-05
-757479e-05
-745301e-05
-660054e-05
-501738e-05
-287404e-05
-633262e-06
+148573e-05
+333680e-05
+462768e-05
+526095e-05
+530966e-05
+491996e-05
+418927e-05
+331245e-05
+236255e-05
+138831e-05
+487125e-06
-340987e-06
-119346e-05
-211899e-05
-289839e-05
-348294e-05
-384828e-05
-384828e-05
-353165e-05
-297146e-05
-214335e-05
-121781e-05
-340987e-06
+584549e-06
+155880e-05
+258176e-05
+372650e-05
+487125e-05
+589421e-05
+672232e-05
+716073e-05
+699024e-05
+611341e-05
+443283e-05
+207028e-05
-633262e-06
-348294e-05
-611341e-05
-815934e-05
-932844e-05
-942586e-05
-842726e-05
-645440e-05
-365343e-05
-365343e-06
+306888e-05
+630826e-05
+893874e-05
+107655e-04
+114961e-04
+109359e-04
+915794e-05
+640569e-05
+287404e-05
-102296e-05
-482253e-05
-823241e-05
-109603e-04
-125678e-04
-129819e-04
-124947e-04
-109847e-04
-864646e-05
-591856e-05
-289839e-05
+121781e-06
+299582e-05
+550451e-05
+737994e-05
+867082e-05
+918230e-05
+884131e-05
+767221e-05
+579678e-05
+340987e-05
+779399e-06
-180236e-05
-411620e-05
-582114e-05
-674668e-05
-684410e-05
-616213e-05
-479818e-05
-294710e-05
-925537e-06
+112039e-05
+304453e-05
+460333e-05
+562629e-05
+608906e-05
+601599e-05
+543144e-05
+440848e-05
+311760e-05
+168058e-05
+267919e-06
-998605e-06
-209464e-05
-292275e-05
-343423e-05
-360472e-05
-345858e-05
-304453e-05
-228949e-05
-114474e-05
+194850e-06
+177800e-05
+350730e-05
+504174e-05
+611341e-05
+647876e-05
+604034e-05
+462768e-05
+231384e-05
-535837e-06
-367779e-05
-660054e-05
-889002e-05
-103027e-04
-104732e-04
-940150e-05
-735558e-05
-460333e-05
-153444e-05
+148573e-05
+418927e-05
+616213e-05
+730687e-05
+772092e-05
+747736e-05
+672232e-05
+557758e-05
+416492e-05
+260612e-05
+104732e-05
-389700e-06
-172929e-05
-294710e-05
-397007e-05
-467640e-05
-501738e-05
-504174e-05
-479818e-05
-428670e-05
-353165e-05
-272790e-05
-189979e-05
-998605e-06
-146137e-06
+730687e-06
+172929e-05
+265483e-05
+345858e-05
+409185e-05
+443283e-05
+435977e-05
+377522e-05
+280097e-05
+148573e-05
-487125e-07
-160751e-05
-309324e-05
-428670e-05
-499303e-05
-506610e-05
-448155e-05
-333680e-05
-172929e-05
+146137e-06
+211899e-05
+406749e-05
+569936e-05
+681974e-05
+735558e-05
+723380e-05
+645440e-05
+506610e-05
+321502e-05
+109603e-05
-107167e-05
-309324e-05
-484689e-05
-613777e-05
-684410e-05
-699024e-05
-657618e-05
-560193e-05
-414056e-05
-231384e-05
-292275e-06
+180236e-05
+379957e-05
+540708e-05
+640569e-05
+667361e-05
+616213e-05
+489560e-05
+297146e-05
+706331e-06
-158315e-05
-370215e-05
-530966e-05
-613777e-05
-623519e-05
-562629e-05
-438412e-05
-284968e-05
-131524e-05
-243562e-07
+925537e-06
+148573e-05
+165622e-05
+148573e-05
+104732e-05
+535837e-06
+146137e-06
-974249e-07
-194850e-06
-974249e-07
+146137e-06
+560193e-06
+109603e-05
+160751e-05
+202157e-05
+226513e-05
+226513e-05
+197285e-05
+148573e-05
+852468e-06
+170494e-06
-462768e-06
-109603e-05
-158315e-05
-185107e-05
-192414e-05
-175365e-05
-141266e-05
-949893e-06
-389700e-06
+194850e-06
+803756e-06
+148573e-05
+216770e-05
+272790e-05
+309324e-05
+328809e-05
+326373e-05
+292275e-05
+221642e-05
+116910e-05
-243562e-07
-136395e-05
-277661e-05
-404313e-05
-499303e-05
-552886e-05
-557758e-05
-509045e-05
-406749e-05
-265483e-05
-998605e-06
+803756e-06
+255740e-05
+414056e-05
+530966e-05
+582114e-05
+565065e-05
+477382e-05
+328809e-05
+136395e-05
-633262e-06
-243562e-05
-399442e-05
-494431e-05
-511481e-05
-455462e-05
-338552e-05
-180236e-05
-974249e-07
+153444e-05
+289839e-05
+387264e-05
+435977e-05
+416492e-05
+343423e-05
+226513e-05
+755043e-06
-949893e-06
-280097e-05
-462768e-05
-608906e-05
-703895e-05
-737994e-05
-689281e-05
-557758e-05
-340987e-05
-633262e-06
+255740e-05
+577243e-05
+845161e-05
+104001e-04
+113013e-04
+108872e-04
+920665e-05
+655183e-05
+309324e-05
-681974e-06
-423798e-05
-716073e-05
-910923e-05
-993734e-05
-952329e-05
-794013e-05
-543144e-05
-233820e-05
+949893e-06
+409185e-05
+667361e-05
+845161e-05
+925537e-05
+896309e-05
+774528e-05
+577243e-05
+319067e-05
+414056e-06
-231384e-05
-482253e-05
-669796e-05
-784271e-05
-823241e-05
-789142e-05
-694153e-05
-550451e-05
-375086e-05
-189979e-05
-316631e-06
+901181e-06
+180236e-05
+224077e-05
+224077e-05
+189979e-05
+138831e-05
+852468e-06
+414056e-06
+219206e-06
+267919e-06
+560193e-06
+107167e-05
+165622e-05
+216770e-05
+248434e-05
+245998e-05
+202157e-05
+121781e-05
+170494e-06
-104732e-05
-236255e-05
-348294e-05
-423798e-05
-450590e-05
-406749e-05
-292275e-05
-114474e-05
+112039e-05
+370215e-05
+623519e-05
+835419e-05
+981556e-05
+102783e-04
+962071e-05
+784271e-05
+513916e-05
+182672e-05
-163187e-05
-484689e-05
-750172e-05
-923101e-05
-996170e-05
-969378e-05
-847597e-05
-655183e-05
-418927e-05
-155880e-05
+104732e-05
+345858e-05
+545580e-05
+684410e-05
+755043e-05
+737994e-05
+628391e-05
+423798e-05
+136395e-05
-204592e-05
-555322e-05
-867082e-05
-109603e-04
-119589e-04
-114231e-04
-930408e-05
-594292e-05
-187543e-05
+250869e-05
+657618e-05
+976685e-05
+117397e-04
+122999e-04
+114718e-04
+937715e-05
+640569e-05
+287404e-05
-779399e-06
-421363e-05
-718509e-05
-930408e-05
-105219e-04
-106193e-04
-947457e-05
-740429e-05
-453026e-05
-112039e-05
+248434e-05
+584550e-05
+842726e-05
+100835e-04
+105950e-04
+983992e-05
+796449e-05
+526095e-05
+204592e-05
-124217e-05
-418927e-05
-650311e-05
-796449e-05
-845161e-05
-789142e-05
-640569e-05
-409185e-05
-126652e-05
+172929e-05
+465204e-05
+696588e-05
+847597e-05
+906052e-05
+847597e-05
+699024e-05
+474946e-05
+194850e-05
-876824e-06
-348294e-05
-565065e-05
-711202e-05
-779399e-05
-772092e-05
-694153e-05
-555322e-05
-370215e-05
-151009e-05
+779399e-06
+302017e-05
+501738e-05
+643004e-05
+711202e-05
+691717e-05
+579678e-05
+377522e-05
+104732e-05
-199721e-05
-504174e-05
-767221e-05
-942586e-05
-100835e-04
-957200e-05
-791577e-05
-535837e-05
-219206e-05
+112039e-05
+421363e-05
+672232e-05
+837854e-05
+910923e-05
+884131e-05
+772092e-05
+594292e-05
+365343e-05
+119346e-05
-109603e-05
-314195e-05
-472511e-05
-562629e-05
-579678e-05
-523659e-05
-401878e-05
-233820e-05
-414056e-06
+160751e-05
+353165e-05
+496867e-05
+574807e-05
+584550e-05
+521223e-05
+392135e-05
+214335e-05
+219206e-06
-163187e-05
-323938e-05
-431105e-05
-467640e-05
-423798e-05
-302017e-05
-121781e-05
+828112e-06
+292275e-05
+472511e-05
+579678e-05
+596728e-05
+509045e-05
+314195e-05
+462768e-06
-263047e-05
-572371e-05
-825676e-05
-996170e-05
-104732e-04
-966942e-05
-767221e-05
-474946e-05
-136395e-05
+214335e-05
+526095e-05
+750172e-05
+871953e-05
+874389e-05
+762350e-05
+560193e-05
+284968e-05
-219206e-06
-328809e-05
-596728e-05
-786706e-05
-893874e-05
-891438e-05
-772092e-05
-555322e-05
-253305e-05
+949893e-06
+448155e-05
+772092e-05
+102053e-04
+116423e-04
+118371e-04
+106437e-04
+828112e-05
+504174e-05
+131524e-05
-253305e-05
-604034e-05
-864646e-05
-101809e-04
-103758e-04
-918230e-05
-689281e-05
-372650e-05
-146137e-06
+343423e-05
+655183e-05
+869517e-05
+966942e-05
+937715e-05
+784271e-05
+526095e-05
+199721e-05
-141266e-05
-448155e-05
-684410e-05
-820805e-05
-837854e-05
-735558e-05
-526095e-05
-233820e-05
+901181e-06
+406749e-05
+669796e-05
+837854e-05
+886567e-05
+796449e-05
+582114e-05
+263047e-05
-116910e-05
-494431e-05
-825676e-05
-106924e-04
-117884e-04
-112769e-04
-925537e-05
-608906e-05
-221642e-05
+185107e-05
+550451e-05
+828112e-05
+983992e-05
+993734e-05
+864646e-05
+625955e-05
+306888e-05
-316631e-06
-350730e-05
-611341e-05
-779399e-05
-847597e-05
-808627e-05
-677103e-05
-470075e-05
-216770e-05
+438412e-06
+294710e-05
+511481e-05
+660054e-05
+737994e-05
+740429e-05
+672232e-05
+543144e-05
+358037e-05
+141266e-05
-706331e-06
-265483e-05
-435977e-05
-550451e-05
-591856e-05
-557758e-05
-448155e-05
-275225e-05
-681974e-06
+160751e-05
+392135e-05
+577243e-05
+686846e-05
+711202e-05
+645440e-05
+484689e-05
+241127e-05
-340987e-06
-306888e-05
-540708e-05
-686846e-05
-723380e-05
-650311e-05
-472511e-05
-216770e-05
+584549e-06
+323938e-05
+535837e-05
+650311e-05
+662489e-05
+577243e-05
+404313e-05
+170494e-05
-755043e-06
-309324e-05
-509045e-05
-640569e-05
-701459e-05
-696588e-05
-628391e-05
-501738e-05
-326373e-05
-121781e-05
+876824e-06
+292275e-05
+479818e-05
+621084e-05
+699024e-05
+708766e-05
+643004e-05
+499303e-05
+287404e-05
+414056e-06
-207028e-05
-443283e-05
-628391e-05
-735558e-05
-759914e-05
-699024e-05
-562629e-05
-365343e-05
-131524e-05
+107167e-05
+331245e-05
+513916e-05
+633262e-05
+689281e-05
+679539e-05
+608906e-05
+482253e-05
+309324e-05
+116910e-05
-657618e-06
-224077e-05
-343423e-05
-409185e-05
-416492e-05
-360472e-05
-253305e-05
-116910e-05
+243562e-06
+158315e-05
+265483e-05
+319067e-05
+319067e-05
+265483e-05
+155880e-05
+194850e-06
-126652e-05
-270354e-05
-384828e-05
-453026e-05
-460333e-05
-399442e-05
-289839e-05
-148573e-05
-243562e-07
+129088e-05
+241127e-05
+304453e-05
+316631e-05
+289839e-05
+228949e-05
+148573e-05
+633262e-06
-121781e-06
-779399e-06
-141266e-05
-199721e-05
-253305e-05
-299582e-05
-338552e-05
-362908e-05
-360472e-05
-326373e-05
-248434e-05
-126652e-05
+243562e-06
+199721e-05
+377522e-05
+526095e-05
+623519e-05
+660054e-05
+633262e-05
+543144e-05
+399442e-05
+226513e-05
+535837e-06
-102296e-05
-228949e-05
-304453e-05
-321502e-05
-289839e-05
-214335e-05
-107167e-05
+243562e-07
+998605e-06
+175365e-05
+214335e-05
+209464e-05
+163187e-05
+901181e-06
+974249e-07
-657618e-06
-131524e-05
-172929e-05
-180236e-05
-160751e-05
-121781e-05
-706331e-06
-243562e-06
+243562e-07
+730687e-07
+000000e+00
-219206e-06
-608906e-06
-107167e-05
-148573e-05
-180236e-05
-207028e-05
-224077e-05
-231384e-05
-231384e-05
-219206e-05
-192414e-05
-148573e-05
-828112e-06
-243562e-07
+949893e-06
+204592e-05
+292275e-05
+350730e-05
+365343e-05
+326373e-05
+233820e-05
+949893e-06
-608906e-06
-219206e-05
-355601e-05
-445719e-05
-477382e-05
-438412e-05
-331245e-05
-172929e-05
+146137e-06
+214335e-05
+409185e-05
+567500e-05
+672232e-05
+718509e-05
+699024e-05
+618648e-05
+487125e-05
+314195e-05
+119346e-05
-657618e-06
-228949e-05
-358037e-05
-438412e-05
-462768e-05
-426234e-05
-340987e-05
-219206e-05
-779399e-06
+584549e-06
+180236e-05
+272790e-05
+314195e-05
+304453e-05
+238691e-05
+126652e-05
-487125e-07
-148573e-05
-280097e-05
-379957e-05
-438412e-05
-433541e-05
-367779e-05
-258176e-05
-124217e-05
+121781e-06
+141266e-05
+253305e-05
+316631e-05
+328809e-05
+304453e-05
+238691e-05
+136395e-05
+219206e-06
-974249e-06
-221642e-05
-331245e-05
-418927e-05
-472511e-05
-482253e-05
-443283e-05
-353165e-05
-214335e-05
-414056e-06
+153444e-05
+358037e-05
+528530e-05
+635698e-05
+674668e-05
+635698e-05
+516352e-05
+326373e-05
+974249e-06
-141266e-05
-367779e-05
-548015e-05
-664925e-05
-711202e-05
-677103e-05
-565065e-05
-387264e-05
-153444e-05
+104732e-05
+365343e-05
+604034e-05
+789142e-05
+901180e-05
+925537e-05
+845161e-05
+667361e-05
+414056e-05
+109603e-05
-202157e-05
-489560e-05
-711202e-05
-842726e-05
-869517e-05
-786706e-05
-618648e-05
-377522e-05
-925537e-06
+197285e-05
+472511e-05
+694153e-05
+835419e-05
+884131e-05
+825676e-05
+667361e-05
+416492e-05
+998605e-06
-245998e-05
-574807e-05
-835419e-05
-100104e-04
-103514e-04
-927972e-05
-703895e-05
-389700e-05
-365343e-06
+311760e-05
+604034e-05
+794013e-05
+867082e-05
+815934e-05
+657618e-05
+411620e-05
+116910e-05
-185107e-05
-470075e-05
-691717e-05
-828112e-05
-871953e-05
-815934e-05
-667361e-05
-433541e-05
-146137e-05
+160751e-05
+460333e-05
+703895e-05
+864646e-05
+927972e-05
+871953e-05
+718509e-05
+487125e-05
+194850e-05
-102296e-05
-379957e-05
-608906e-05
-750172e-05
-801320e-05
-757479e-05
-623519e-05
-409185e-05
-141266e-05
+143702e-05
+418927e-05
+643004e-05
+786706e-05
+840290e-05
+789142e-05
+640569e-05
+414056e-05
+138831e-05
-138831e-05
-379957e-05
-550451e-05
-623519e-05
-599163e-05
-484689e-05
-302017e-05
-949893e-06
+112039e-05
+292275e-05
+416492e-05
+467640e-05
+443283e-05
+350730e-05
+199721e-05
+219206e-06
-160751e-05
-338552e-05
-487125e-05
-582114e-05
-611341e-05
-569936e-05
-457897e-05
-287404e-05
-852468e-06
+131524e-05
+340987e-05
+504174e-05
+596728e-05
+608906e-05
+538273e-05
+389700e-05
+185107e-05
-389700e-06
-255740e-05
-445719e-05
-577243e-05
-630826e-05
-611341e-05
-518788e-05
-353165e-05
-138831e-05
+925537e-06
+323938e-05
+523659e-05
+657618e-05
+708766e-05
+674668e-05
+557758e-05
+360472e-05
+116910e-05
-129088e-05
-353165e-05
-516352e-05
-589421e-05
-567500e-05
-453026e-05
-267919e-05
-535837e-06
+163187e-05
+362908e-05
+504174e-05
+572371e-05
+567500e-05
+494431e-05
+365343e-05
+194850e-05
+170494e-06
-155880e-05
-319067e-05
-453026e-05
-543144e-05
-574807e-05
-543144e-05
-455462e-05
-316631e-05
-138831e-05
+462768e-06
+224077e-05
+379957e-05
+477382e-05
+501738e-05
+457897e-05
+350730e-05
+194850e-05
+170494e-06
-158315e-05
-321502e-05
-450590e-05
-526095e-05
-548015e-05
-511481e-05
-414056e-05
-275225e-05
-109603e-05
+681974e-06
+243562e-05
+411620e-05
+545580e-05
+618648e-05
+630826e-05
+582114e-05
+465204e-05
+289839e-05
+828112e-06
-138831e-05
-360472e-05
-543144e-05
-660054e-05
-706331e-05
-672232e-05
-555322e-05
-360472e-05
-109603e-05
+170494e-05
+457897e-05
+706331e-05
+881695e-05
+962071e-05
+932844e-05
+784271e-05
+533401e-05
+209464e-05
-143702e-05
-477382e-05
-759914e-05
-949893e-05
-102540e-04
-976685e-05
-808627e-05
-550451e-05
-231384e-05
+112039e-05
+440848e-05
+716073e-05
+906052e-05
+100104e-04
+981556e-05
+852468e-05
+633262e-05
+326373e-05
-243562e-06
-379957e-05
-708766e-05
-971814e-05
-114474e-04
-119833e-04
-112769e-04
-935279e-05
-657618e-05
-328809e-05
+267919e-06
+375086e-05
+677103e-05
+898745e-05
+103270e-04
+105950e-04
+979120e-05
+808627e-05
+565065e-05
+267919e-05
-438412e-06
-333680e-05
-574807e-05
-730687e-05
-789142e-05
-747736e-05
-608906e-05
-384828e-05
-116910e-05
+163187e-05
+426234e-05
+618648e-05
+720944e-05
+725816e-05
+635698e-05
+462768e-05
+231384e-05
-121781e-06
-243562e-05
-443283e-05
-577243e-05
-633262e-05
-611341e-05
-513916e-05
-355601e-05
-158315e-05
+511481e-06
+250869e-05
+421363e-05
+538273e-05
+582114e-05
+548015e-05
+440848e-05
+267919e-05
+657618e-06
-153444e-05
-375086e-05
-555322e-05
-679539e-05
-737994e-05
-723380e-05
-635698e-05
-477382e-05
-265483e-05
-292275e-06
+216770e-05
+453026e-05
+640569e-05
+759914e-05
+803756e-05
+767221e-05
+652747e-05
+465204e-05
+228949e-05
-170494e-06
-248434e-05
-443283e-05
-569936e-05
-616213e-05
-582114e-05
-477382e-05
-321502e-05
-138831e-05
+365343e-06
+185107e-05
+297146e-05
+358037e-05
+367779e-05
+331245e-05
+250869e-05
+143702e-05
+365343e-06
-608906e-06
-146137e-05
-209464e-05
-236255e-05
-226513e-05
-187543e-05
-121781e-05
-462768e-06
+267919e-06
+925537e-06
+143702e-05
+170494e-05
+165622e-05
+129088e-05
+633262e-06
-121781e-06
-901181e-06
-170494e-05
-228949e-05
-250869e-05
-241127e-05
-187543e-05
-949893e-06
+170494e-06
+143702e-05
+265483e-05
+372650e-05
+445719e-05
+462768e-05
+426234e-05
+343423e-05
+219206e-05
+730687e-06
-681974e-06
-194850e-05
-292275e-05
-350730e-05
-367779e-05
-343423e-05
-284968e-05
-202157e-05
-109603e-05
-267919e-06
+487125e-06
+114474e-05
+158315e-05
+180236e-05
+172929e-05
+138831e-05
+828112e-06
+146137e-06
-584549e-06
-136395e-05
-207028e-05
-260612e-05
-280097e-05
-263047e-05
-216770e-05
-141266e-05
-535837e-06
+292275e-06
+998605e-06
+143702e-05
+153444e-05
+126652e-05
+706331e-06
+974249e-07
-511481e-06
-102296e-05
-126652e-05
-112039e-05
-633262e-06
+487125e-07
+949893e-06
+192414e-05
+275225e-05
+328809e-05
+345858e-05
+328809e-05
+270354e-05
+175365e-05
+633262e-06
-511481e-06
-158315e-05
-248434e-05
-302017e-05
-314195e-05
-284968e-05
-214335e-05
-116910e-05
-974249e-07
+102296e-05
+211899e-05
+292275e-05
+333680e-05
+336116e-05
+302017e-05
+233820e-05
+138831e-05
+365343e-06
-657618e-06
-163187e-05
-245998e-05
-304453e-05
-336116e-05
-338552e-05
-311760e-05
-255740e-05
-175365e-05
-803756e-06
+170494e-06
+107167e-05
+189979e-05
+245998e-05
+260612e-05
+236255e-05
+175365e-05
+852468e-06
-121781e-06
-102296e-05
-177800e-05
-221642e-05
-221642e-05
-180236e-05
-109603e-05
-292275e-06
+487125e-06
+119346e-05
+165622e-05
+177800e-05
+163187e-05
+124217e-05
+657618e-06
+121781e-06
-340987e-06
-755043e-06
-974249e-06
-104732e-05
-998605e-06
-828112e-06
-584549e-06
-340987e-06
-121781e-06
+487125e-07
+146137e-06
+219206e-06
+219206e-06
+170494e-06
+730687e-07
-730687e-07
-219206e-06
-365343e-06
-462768e-06
-535837e-06
-560193e-06
-487125e-06
-389700e-06
-267919e-06
-974249e-07
+730687e-07
+316631e-06
+657618e-06
+109603e-05
+153444e-05
+187543e-05
+214335e-05
+224077e-05
+216770e-05
+192414e-05
+153444e-05
+107167e-05
+584549e-06
+170494e-06
-121781e-06
-292275e-06
-438412e-06
-560193e-06
-657618e-06
-779399e-06
-925537e-06
-109603e-05
-124217e-05
-138831e-05
-148573e-05
-148573e-05
-138831e-05
-119346e-05
-949893e-06
-633262e-06
-292275e-06
-487125e-07
+170494e-06
+438412e-06
+608906e-06
+633262e-06
+535837e-06
+292275e-06
-487125e-07
-487125e-06
-974249e-06
-141266e-05
-177800e-05
-194850e-05
-182672e-05
-151009e-05
-998605e-06
-365343e-06
+267919e-06
+925537e-06
+146137e-05
+187543e-05
+214335e-05
+216770e-05
+202157e-05
+172929e-05
+138831e-05
+998605e-06
+560193e-06
+170494e-06
-170494e-06
-511481e-06
-828112e-06
-111734e-05
-133655e-05
-141266e-05
-135177e-05
-115692e-05
-840290e-06
-432323e-06
+213117e-07
+471902e-06
+873780e-06
+119650e-05
+141875e-05
+154662e-05
+158011e-05
+153749e-05
+143702e-05
+128479e-05
+109299e-05
+858557e-06
+575416e-06
+252696e-06
-100469e-06
-468857e-06
-822023e-06
-111430e-05
-130306e-05
-136699e-05
-128175e-05
-104427e-05
-681974e-06
-252696e-06
+173538e-06
+544971e-06
+797666e-06
+879869e-06
+788533e-06
+532793e-06
+158315e-06
-267919e-06
-675885e-06
-998605e-06
-117519e-05
-115997e-05
-952937e-06
-575416e-06
-669796e-07
+490169e-06
+101078e-05
+140657e-05
+159838e-05
+153140e-05
+117214e-05
+526703e-06
-353165e-06
-137613e-05
-241431e-05
-331854e-05
-394571e-05
-416492e-05
-385742e-05
-297146e-05
-163187e-05
-487125e-07
+172929e-05
+348294e-05
+484689e-05
+565065e-05
+574807e-05
+513916e-05
+387264e-05
+207028e-05
+974249e-07
-185107e-05
-362908e-05
-491996e-05
-552886e-05
-538273e-05
-453026e-05
-314195e-05
-136395e-05
+560193e-06
+241127e-05
+409185e-05
+533401e-05
+596728e-05
+604034e-05
+552886e-05
+443283e-05
+292275e-05
+116910e-05
-535837e-06
-211899e-05
-345858e-05
-438412e-05
-489560e-05
-491996e-05
-455462e-05
-382393e-05
-287404e-05
-187543e-05
-828112e-06
+146137e-06
+974249e-06
+170494e-05
+224077e-05
+253305e-05
+258176e-05
+236255e-05
+187543e-05
+116910e-05
+389700e-06
-365343e-06
-104732e-05
-151009e-05
-165622e-05
-148573e-05
-998605e-06
-340987e-06
+340987e-06
+102296e-05
+148573e-05
+160751e-05
+148573e-05
+109603e-05
+560193e-06
+974249e-07
-194850e-06
-292275e-06
-170494e-06
+121781e-06
+535837e-06
+998605e-06
+133959e-05
+141266e-05
+119346e-05
+730687e-06
+146137e-06
-438412e-06
-998605e-06
-143702e-05
-160751e-05
-155880e-05
-136395e-05
-104732e-05
-755043e-06
-535837e-06
-414056e-06
-414056e-06
-438412e-06
-487125e-06
-511481e-06
-462768e-06
-365343e-06
-194850e-06
-243562e-07
+146137e-06
+389700e-06
+584549e-06
+681974e-06
+730687e-06
+681974e-06
+535837e-06
+292275e-06
-243562e-07
-389700e-06
-803756e-06
-124217e-05
-158315e-05
-175365e-05
-172929e-05
-148573e-05
-104732e-05
-462768e-06
+121781e-06
+706331e-06
+129088e-05
+172929e-05
+197285e-05
+202157e-05
+185107e-05
+160751e-05
+133959e-05
+974249e-06
+608906e-06
+267919e-06
+000000e+00
-194850e-06
-389700e-06
-560193e-06
-706331e-06
-730687e-06
-608906e-06
-365343e-06
-730687e-07
+243562e-06
+633262e-06
+998605e-06
+121781e-05
+121781e-05
+102296e-05
+657618e-06
+194850e-06
-340987e-06
-925537e-06
-141266e-05
-170494e-05
-172929e-05
-146137e-05
-901181e-06
-170494e-06
+681974e-06
+158315e-05
+233820e-05
+277661e-05
+277661e-05
+238691e-05
+163187e-05
+633262e-06
-340987e-06
-124217e-05
-207028e-05
-263047e-05
-284968e-05
-272790e-05
-233820e-05
-182672e-05
-121781e-05
-608906e-06
-121781e-06
+267919e-06
+584549e-06
+755043e-06
+730687e-06
+511481e-06
+146137e-06
-316631e-06
-876824e-06
-141266e-05
-182672e-05
-199721e-05
-182672e-05
-133959e-05
-608906e-06
+243562e-06
+109603e-05
+182672e-05
+226513e-05
+231384e-05
+192414e-05
+121781e-05
+438412e-06
-292275e-06
-852468e-06
-112039e-05
-102296e-05
-560193e-06
+974249e-07
+901181e-06
+175365e-05
+241127e-05
+275225e-05
+270354e-05
+226513e-05
+153444e-05
+681974e-06
-121781e-06
-852468e-06
-141266e-05
-163187e-05
-155880e-05
-119346e-05
-608906e-06
+243562e-07
+657618e-06
+124217e-05
+165622e-05
+180236e-05
+168058e-05
+129088e-05
+657618e-06
-243562e-07
-730687e-06
-143702e-05
-202157e-05
-243562e-05
-258176e-05
-248434e-05
-211899e-05
-155880e-05
-925537e-06
-267919e-06
+389700e-06
+949893e-06
+133959e-05
+151009e-05
+136395e-05
+949893e-06
+340987e-06
-389700e-06
-119346e-05
-194850e-05
-255740e-05
-292275e-05
-297146e-05
-265483e-05
-199721e-05
-112039e-05
-146137e-06
+925537e-06
+204592e-05
+294710e-05
+358037e-05
+387264e-05
+367779e-05
+314195e-05
+226513e-05
+112039e-05
-243562e-07
-112039e-05
-209464e-05
-277661e-05
-302017e-05
-282532e-05
-224686e-05
-133655e-05
-207028e-06
+974249e-06
+206115e-05
+291361e-05
+341901e-05
+353470e-05
+326373e-05
+266396e-05
+182672e-05
+867691e-06
-103514e-06
-989472e-06
-171711e-05
-223773e-05
-254218e-05
-262743e-05
-249651e-05
-217379e-05
-168362e-05
-106254e-05
-362299e-06
+359254e-06
+101992e-05
+154967e-05
+187239e-05
+193936e-05
+173234e-05
+126348e-05
+581505e-06
-225295e-06
-105950e-05
-180845e-05
-238082e-05
-269745e-05
-272485e-05
-245693e-05
-191501e-05
-115692e-05
-252696e-06
+697197e-06
+160447e-05
+237169e-05
+290144e-05
+312978e-05
+300495e-05
+251174e-05
+168667e-05
+605861e-06
-599772e-06
-179323e-05
-281923e-05
-355905e-05
-390917e-05
-381479e-05
-330331e-05
-243562e-05
-130915e-05
-578460e-07
+118432e-05
+227731e-05
+312369e-05
+365952e-05
+384524e-05
+367475e-05
+319980e-05
+249042e-05
+163796e-05
+755043e-06
-517570e-07
-681974e-06
-107167e-05
-119650e-05
-106559e-05
-724598e-06
-249651e-06
+280097e-06
+785488e-06
+118737e-05
+143093e-05
+147355e-05
+129392e-05
+895091e-06
+292275e-06
-487125e-06
-137308e-05
-228949e-05
-312369e-05
-375086e-05
-406445e-05
-398529e-05
-346467e-05
-253000e-05
-126652e-05
+182672e-06
+162578e-05
+286490e-05
+000000e+00
+000000e+00
+000000e+00
+000000e+00
[ENDDATA]
