[FILEINFO]
File: D:\CMC thesis\AE software\TUNGSTEN\Vallen\T9.tra
SampleRate[Hz]: 10000000
SetsOnFile: 5
Samples: 2048
[SETINFO]
Set: 2
Index: 2
Time:  14 22:34:50 971.1594
Channel: 2
PreTriggerSamples: 100
Data: Amplitude [mV]
[DATA]
+304453e-08
+304453e-08
+608906e-08
+608906e-08
+304453e-08
+304453e-08
+304453e-08
+000000e+00
+000000e+00
+000000e+00
-304453e-08
-304453e-08
-304453e-08
-608906e-08
-304453e-08
+000000e+00
-304453e-08
+000000e+00
+000000e+00
-304453e-08
+000000e+00
-304453e-08
-304453e-08
-304453e-08
-304453e-08
-304453e-08
-608906e-08
-913359e-08
-608906e-08
-304453e-08
-304453e-08
-304453e-08
-304453e-08
-304453e-08
+000000e+00
+000000e+00
+000000e+00
+000000e+00
+000000e+00
+000000e+00
+000000e+00
+000000e+00
+000000e+00
+000000e+00
+000000e+00
+000000e+00
+000000e+00
+000000e+00
+000000e+00
+000000e+00
+000000e+00
+000000e+00
-304453e-08
-304453e-08
-304453e-08
-304453e-08
-304453e-08
-304453e-08
-608906e-08
-608906e-08
-608906e-08
-608906e-08
-608906e-08
-304453e-08
-304453e-08
+000000e+00
+304453e-08
+000000e+00
+000000e+00
+000000e+00
+000000e+00
-304453e-08
-304453e-08
+000000e+00
+000000e+00
+000000e+00
+000000e+00
-304453e-08
-304453e-08
-304453e-08
+000000e+00
+000000e+00
-304453e-08
-608906e-08
-608906e-08
-608906e-08
-304453e-08
-304453e-08
-304453e-08
-304453e-08
+000000e+00
+304453e-08
+000000e+00
+000000e+00
+000000e+00
-304453e-08
-913359e-08
-182672e-07
-334898e-07
-608906e-07
-106559e-06
-179627e-06
-289230e-06
-414056e-06
-535837e-06
-618039e-06
-596728e-06
-420145e-06
-456679e-07
+551060e-06
+135177e-05
+227426e-05
+319980e-05
+398529e-05
+449981e-05
+445719e-05
+367779e-05
+221642e-05
+146137e-06
-250869e-05
-552886e-05
-859775e-05
-113500e-04
-132741e-04
-140292e-04
-133472e-04
-110577e-04
-728251e-05
-231384e-05
+350730e-05
+959635e-05
+152470e-04
+197285e-04
+225295e-04
+233576e-04
+219206e-04
+183890e-04
+130793e-04
+633262e-05
-114474e-05
-862211e-05
-152714e-04
-203375e-04
-233333e-04
-238935e-04
-218232e-04
-174634e-04
-113013e-04
-406749e-05
+321502e-05
+971814e-05
+146868e-04
+173660e-04
+173660e-04
+147599e-04
+998605e-05
+372650e-05
-311760e-05
-957200e-05
-148573e-04
-181210e-04
-189004e-04
-171224e-04
-129332e-04
-686846e-05
+267919e-06
+762350e-05
+142240e-04
+192171e-04
+221155e-04
+225782e-04
+206054e-04
+165379e-04
+109359e-04
+450590e-05
-199721e-05
-789142e-05
-125191e-04
-154906e-04
-166840e-04
-160995e-04
-139318e-04
-104732e-04
-630826e-05
-202157e-05
+209464e-05
+557758e-05
+803756e-05
+935279e-05
+947457e-05
+847597e-05
+657618e-05
+404313e-05
+116910e-05
-170494e-05
-423798e-05
-611341e-05
-728251e-05
-762350e-05
-711202e-05
-589421e-05
-411620e-05
-194850e-05
+243562e-06
+219206e-05
+384828e-05
+491996e-05
+526095e-05
+489560e-05
+382393e-05
+224077e-05
+511481e-06
-124217e-05
-284968e-05
-401878e-05
-453026e-05
-426234e-05
-328809e-05
-168058e-05
+267919e-06
+228949e-05
+421363e-05
+562629e-05
+623519e-05
+606470e-05
+511481e-05
+345858e-05
+138831e-05
-633262e-06
-233820e-05
-345858e-05
-372650e-05
-319067e-05
-182672e-05
+730687e-07
+216770e-05
+421363e-05
+572371e-05
+638133e-05
+611341e-05
+477382e-05
+245998e-05
-462768e-06
-377522e-05
-706331e-05
-998605e-05
-121050e-04
-131037e-04
-129819e-04
-116910e-04
-920665e-05
-582114e-05
-197285e-05
+214335e-05
+601599e-05
+927972e-05
+115936e-04
+125678e-04
+122999e-04
+106193e-04
+762350e-05
+365343e-05
-876824e-06
-540708e-05
-959635e-05
-126409e-04
-140535e-04
-136151e-04
-111064e-04
-672232e-05
-828112e-06
+596728e-05
+128357e-04
+187543e-04
+227974e-04
+242344e-04
+226269e-04
+180236e-04
+107898e-04
+180236e-05
-776964e-05
-166597e-04
-236743e-04
-279366e-04
-287404e-04
-260125e-04
-200695e-04
-115936e-04
-187543e-05
+781835e-05
+163674e-04
+226756e-04
+259881e-04
+259881e-04
+227487e-04
+167571e-04
+881695e-05
-219206e-06
-923101e-05
-170006e-04
-227244e-04
-256228e-04
-253548e-04
-218475e-04
-154906e-04
-708766e-05
+241127e-05
+117397e-04
+197042e-04
+252087e-04
+275713e-04
+264509e-04
+219937e-04
+149060e-04
+586985e-05
-382393e-05
-128114e-04
-201670e-04
-247459e-04
-260612e-04
-242832e-04
-196555e-04
-128114e-04
-474946e-05
+331245e-05
+103027e-04
+155393e-04
+182672e-04
+183646e-04
+160264e-04
+117153e-04
+621084e-05
+340987e-06
-496867e-05
-920665e-05
-117884e-04
-124704e-04
-113500e-04
-857339e-05
-470075e-05
-340987e-06
+409185e-05
+803756e-05
+109359e-04
+122999e-04
+120076e-04
+100591e-04
+652747e-05
+185107e-05
-348294e-05
-889002e-05
-134934e-04
-166109e-04
-179018e-04
-170250e-04
-141023e-04
-937715e-05
-336116e-05
+306888e-05
+925537e-05
+144920e-04
+179505e-04
+193876e-04
+188030e-04
+160995e-04
+116910e-04
+606470e-05
-170494e-06
-625955e-05
-114961e-04
-151983e-04
-168789e-04
-161725e-04
-130549e-04
-767221e-05
-657618e-06
+703895e-05
+143945e-04
+202887e-04
+238204e-04
+243562e-04
+215796e-04
+157828e-04
+762350e-05
-189979e-05
-114718e-04
-199234e-04
-260125e-04
-290083e-04
-287404e-04
-253305e-04
-192414e-04
-113013e-04
-272790e-05
+552886e-05
+125922e-04
+175608e-04
+200695e-04
+200452e-04
+175852e-04
+132011e-04
+740429e-05
+803756e-06
-574807e-05
-115449e-04
-160995e-04
-189004e-04
-196555e-04
-183890e-04
-150765e-04
-100104e-04
-377522e-05
+299582e-05
+964507e-05
+155149e-04
+198747e-04
+220911e-04
+219206e-04
+194363e-04
+148817e-04
+874389e-05
+182672e-05
-494431e-05
-106924e-04
-146381e-04
-162456e-04
-152714e-04
-119346e-04
-674668e-05
-389700e-06
+625955e-05
+122999e-04
+168302e-04
+192414e-04
+192658e-04
+168789e-04
+122755e-04
+601599e-05
-109603e-05
-832983e-05
-147355e-04
-195824e-04
-223834e-04
-226269e-04
-203131e-04
-157098e-04
-942586e-05
-231384e-05
+487125e-05
+110334e-04
+152714e-04
+170006e-04
+158315e-04
+120076e-04
+613777e-05
-901181e-06
-801320e-05
-140292e-04
-180236e-04
-194850e-04
-182672e-04
-145894e-04
-896309e-05
-233820e-05
+433541e-05
+101809e-04
+144920e-04
+168545e-04
+171224e-04
+154906e-04
+124460e-04
+842726e-05
+387264e-05
-487125e-06
-423798e-05
-706331e-05
-879260e-05
-937715e-05
-869517e-05
-696588e-05
-433541e-05
-102296e-05
+265483e-05
+625955e-05
+940150e-05
+116666e-04
+126896e-04
+125191e-04
+108385e-04
+774528e-05
+355601e-05
-129088e-05
-618648e-05
-106924e-04
-141997e-04
-162212e-04
-164161e-04
-146624e-04
-112039e-04
-635698e-05
-633262e-06
+526095e-05
+105950e-04
+146868e-04
+169519e-04
+170006e-04
+147112e-04
+103270e-04
+431105e-05
-260612e-05
-947457e-05
-155393e-04
-199478e-04
-219450e-04
-211899e-04
-177800e-04
-119346e-04
-433541e-05
+397007e-05
+119833e-04
+186812e-04
+231141e-04
+246241e-04
+229923e-04
+184864e-04
+117153e-04
+365343e-05
-467640e-05
-122268e-04
-179018e-04
-210925e-04
-215065e-04
-191927e-04
-146624e-04
-852468e-05
-168058e-05
+496867e-05
+106924e-04
+149791e-04
+173903e-04
+177070e-04
+160995e-04
+127870e-04
+808627e-05
+241127e-05
-362908e-05
-949893e-05
-143945e-04
-177313e-04
-191927e-04
-184620e-04
-154175e-04
-103270e-04
-384828e-05
+323938e-05
+100348e-04
+156611e-04
+192414e-04
+202644e-04
+186569e-04
+145894e-04
+852468e-05
+129088e-05
-604034e-05
-125435e-04
-173173e-04
-197042e-04
-194850e-04
-166353e-04
-114231e-04
-457897e-05
+297146e-05
+103270e-04
+164892e-04
+206297e-04
+221398e-04
+207028e-04
+165135e-04
+100835e-04
+226513e-05
-594292e-05
-134203e-04
-190709e-04
-221642e-04
-221885e-04
-191196e-04
-134203e-04
-579678e-05
+267919e-05
+108385e-04
+175852e-04
+220180e-04
+234794e-04
+216527e-04
+167814e-04
+957200e-05
+925537e-06
-806191e-05
-160264e-04
-219937e-04
-250869e-04
-249164e-04
-215796e-04
-155149e-04
-757479e-05
+121781e-05
+947457e-05
+162700e-04
+209220e-04
+227974e-04
+217014e-04
+179993e-04
+122025e-04
+494431e-05
-272790e-05
-996170e-05
-160508e-04
-202644e-04
-220667e-04
-212143e-04
-178288e-04
-122268e-04
-487125e-05
+333680e-05
+114231e-04
+184864e-04
+235525e-04
+259881e-04
+255253e-04
+219937e-04
+157828e-04
+764786e-05
-143702e-05
-101809e-04
-175608e-04
-227487e-04
-249164e-04
-238935e-04
-199478e-04
-135664e-04
-567500e-05
+263047e-05
+102053e-04
+161482e-04
+196798e-04
+203131e-04
+180480e-04
+132011e-04
+638133e-05
-146137e-05
-925537e-05
-160508e-04
-210925e-04
-236499e-04
-234063e-04
-205323e-04
-154175e-04
-867082e-05
-109603e-05
+640569e-05
+129819e-04
+179749e-04
+209951e-04
+218475e-04
+205323e-04
+173660e-04
+127140e-04
+708766e-05
+124217e-05
-426234e-05
-889002e-05
-119346e-04
-131280e-04
-125435e-04
-998605e-05
-586985e-05
-925537e-06
+445719e-05
+962071e-05
+137126e-04
+161725e-04
+167084e-04
+151496e-04
+116666e-04
+664925e-05
+584549e-06
-579678e-05
-117641e-04
-166353e-04
-197529e-04
-207515e-04
-196311e-04
-164161e-04
-114961e-04
-562629e-05
+487125e-06
+611341e-05
+105219e-04
+129819e-04
+132985e-04
+116423e-04
+818369e-05
+336116e-05
-199721e-05
-706331e-05
-112282e-04
-140048e-04
-150034e-04
-140292e-04
-113013e-04
-718509e-05
-221642e-05
+314195e-05
+830547e-05
+124460e-04
+152714e-04
+165622e-04
+160020e-04
+136882e-04
+988863e-05
+504174e-05
-170494e-06
-504174e-05
-910923e-05
-116910e-04
-122999e-04
-108142e-04
-742865e-05
-265483e-05
+304453e-05
+881695e-05
+136882e-04
+170250e-04
+183402e-04
+172686e-04
+138831e-04
+845161e-05
+160751e-05
-574807e-05
-126652e-04
-181697e-04
-215309e-04
-221642e-04
-197773e-04
-146868e-04
-742865e-05
+104732e-05
+935279e-05
+163674e-04
+210681e-04
+225539e-04
+204836e-04
+151252e-04
+703895e-05
-258176e-05
-122999e-04
-208246e-04
-267431e-04
-292518e-04
-280827e-04
-233576e-04
-158315e-04
-633262e-05
+384828e-05
+132741e-04
+208976e-04
+257689e-04
+274982e-04
+260612e-04
+216283e-04
+149304e-04
+677103e-05
-187543e-05
-986427e-05
-164405e-04
-209464e-04
-228218e-04
-217501e-04
-180480e-04
-121538e-04
-467640e-05
+338552e-05
+111308e-04
+175608e-04
+219206e-04
+236012e-04
+221642e-04
+178288e-04
+110821e-04
+275225e-05
-621084e-05
-146381e-04
-213604e-04
-254523e-04
-263291e-04
-239909e-04
-185351e-04
-105706e-04
-107167e-05
+874389e-05
+176583e-04
+245511e-04
+285455e-04
+291057e-04
+262317e-04
+203862e-04
+122025e-04
+292275e-05
-628391e-05
-142484e-04
-198747e-04
-227000e-04
-224564e-04
-192901e-04
-138587e-04
-691717e-05
+535837e-06
+745301e-05
+129819e-04
+164405e-04
+175365e-04
+162212e-04
+127140e-04
+747736e-05
+114474e-05
-548015e-05
-115692e-04
-164405e-04
-194606e-04
-202644e-04
-187787e-04
-150521e-04
-949893e-05
-280097e-05
+435977e-05
+111064e-04
+165135e-04
+199721e-04
+208976e-04
+190466e-04
+146381e-04
+806191e-05
+243562e-07
-835419e-05
-159290e-04
-217745e-04
-248677e-04
-246972e-04
-211899e-04
-146381e-04
-577243e-05
+421363e-05
+137856e-04
+216770e-04
+267919e-04
+283019e-04
+258663e-04
+197529e-04
+108142e-04
+292275e-06
-103514e-04
-195093e-04
-258176e-04
-283994e-04
-268893e-04
-215309e-04
-129819e-04
-248434e-05
+847597e-05
+185838e-04
+264022e-04
+309568e-04
+317849e-04
+288621e-04
+227487e-04
+142971e-04
+457897e-05
-535837e-05
-143215e-04
-212630e-04
-254523e-04
-265726e-04
-247946e-04
-202157e-04
-134203e-04
-545580e-05
+267919e-05
+100835e-04
+159046e-04
+193388e-04
+199965e-04
+179018e-04
+133229e-04
+679539e-05
-803756e-06
-847597e-05
-152226e-04
-201426e-04
-227000e-04
-224808e-04
-194363e-04
-140779e-04
-699024e-05
+102296e-05
+879260e-05
+154175e-04
+200939e-04
+222129e-04
+215796e-04
+184133e-04
+131767e-04
+657618e-05
-414056e-06
-686846e-05
-119833e-04
-152714e-04
-163917e-04
-152957e-04
-124217e-04
-815934e-05
-297146e-05
+233820e-05
+706331e-05
+107655e-04
+130549e-04
+136395e-04
+126409e-04
+100835e-04
+618648e-05
+155880e-05
-338552e-05
-798884e-05
-115449e-04
-137126e-04
-141997e-04
-128844e-04
-974249e-05
-521223e-05
+487125e-07
+543144e-05
+101809e-04
+136395e-04
+152470e-04
+147112e-04
+121781e-04
+794013e-05
+241127e-05
-360472e-05
-935279e-05
-138587e-04
-164161e-04
-167814e-04
-147842e-04
-106193e-04
-484689e-05
+175365e-05
+832983e-05
+139561e-04
+178288e-04
+195093e-04
+187787e-04
+155149e-04
+101565e-04
+345858e-05
-387264e-05
-109847e-04
-169763e-04
-211168e-04
-229436e-04
-220667e-04
-185838e-04
-129575e-04
-569936e-05
+231384e-05
+101809e-04
+170737e-04
+222616e-04
+249164e-04
+247459e-04
+217745e-04
+161482e-04
+871953e-05
+194850e-06
-845161e-05
-160264e-04
-217745e-04
-247946e-04
-247459e-04
-216283e-04
-157341e-04
-779399e-05
+131524e-05
+103027e-04
+180967e-04
+236499e-04
+262073e-04
+255253e-04
+214335e-04
+143458e-04
+518788e-05
-484689e-05
-143945e-04
-223103e-04
-275469e-04
-293249e-04
-273277e-04
-219450e-04
-138831e-04
-414056e-05
+601599e-05
+151739e-04
+221155e-04
+261829e-04
+268649e-04
+241614e-04
+186569e-04
+110090e-04
+224077e-05
-655183e-05
-142971e-04
-200939e-04
-234794e-04
-240396e-04
-217258e-04
-169763e-04
-103758e-04
-270354e-05
+523659e-05
+125191e-04
+182428e-04
+218475e-04
+228461e-04
+211168e-04
+169519e-04
+108629e-04
+360472e-05
-394571e-05
-108385e-04
-161482e-04
-190953e-04
-193388e-04
-170250e-04
-122999e-04
-579678e-05
+148573e-05
+864646e-05
+146381e-04
+186325e-04
+202157e-04
+192658e-04
+158072e-04
+104001e-04
+387264e-05
-292275e-05
-913359e-05
-138831e-04
-166597e-04
-174147e-04
-161482e-04
-132011e-04
-896309e-05
-414056e-05
+462768e-06
+443283e-05
+742865e-05
+910923e-05
+945022e-05
+850032e-05
+635698e-05
+323938e-05
-414056e-06
-423798e-05
-781835e-05
-107655e-04
-125435e-04
-128114e-04
-116179e-04
-881695e-05
-472511e-05
+121781e-06
+518788e-05
+981556e-05
+132011e-04
+149304e-04
+147355e-04
+126409e-04
+891438e-05
+401878e-05
-116910e-05
-594292e-05
-976685e-05
-119833e-04
-121781e-04
-104001e-04
-686846e-05
-211899e-05
+328809e-05
+859775e-05
+129575e-04
+158803e-04
+169519e-04
+158803e-04
+129088e-04
+842726e-05
+287404e-05
-304453e-05
-862211e-05
-131524e-04
-161238e-04
-172929e-04
-165379e-04
-140292e-04
-993734e-05
-479818e-05
+681974e-06
+606470e-05
+107167e-04
+141510e-04
+160020e-04
+159533e-04
+139561e-04
+102783e-04
+528530e-05
-511481e-06
-645440e-05
-118371e-04
-159533e-04
-182428e-04
-183159e-04
-160264e-04
-116910e-04
-579678e-05
+109603e-05
+794013e-05
+137369e-04
+177313e-04
+193876e-04
+184620e-04
+149060e-04
+920665e-05
+216770e-05
-540708e-05
-124704e-04
-179993e-04
-214091e-04
-222372e-04
-202887e-04
-158559e-04
-957200e-05
-224077e-05
+535837e-05
+122512e-04
+174634e-04
+204592e-04
+208976e-04
+187543e-04
+143702e-04
+820805e-05
+114474e-05
-584550e-05
-118371e-04
-161238e-04
-181941e-04
-177800e-04
-149791e-04
-102053e-04
-414056e-05
+243562e-05
+874389e-05
+139318e-04
+173903e-04
+188030e-04
+180480e-04
+151739e-04
+105462e-04
+484689e-05
-124217e-05
-696588e-05
-117153e-04
-149060e-04
-161238e-04
-152470e-04
-124704e-04
-808627e-05
-265483e-05
+314195e-05
+859775e-05
+128357e-04
+153931e-04
+159777e-04
+144432e-04
+110821e-04
+633262e-05
+828112e-06
-462768e-05
-942586e-05
-127870e-04
-142727e-04
-139074e-04
-118615e-04
-840290e-05
-406749e-05
+340987e-06
+433541e-05
+742865e-05
+915794e-05
+940150e-05
+818369e-05
+569936e-05
+221642e-05
-175365e-05
-567500e-05
-925537e-05
-118858e-04
-132011e-04
-131280e-04
-116179e-04
-869517e-05
-465204e-05
-243562e-07
+472511e-05
+908487e-05
+124217e-04
+143215e-04
+145163e-04
+130793e-04
+100835e-04
+574807e-05
+876824e-06
-399442e-05
-830547e-05
-113500e-04
-126409e-04
-121294e-04
-969378e-05
-565065e-05
-755043e-06
+455462e-05
+957200e-05
+133716e-04
+154906e-04
+157828e-04
+140292e-04
+105950e-04
+601599e-05
+876824e-06
-414056e-05
-847597e-05
-115449e-04
-130306e-04
-129332e-04
-113744e-04
-854904e-05
-499303e-05
-119346e-05
+263047e-05
+594292e-05
+835419e-05
+976685e-05
+100104e-04
+910923e-05
+718509e-05
+440848e-05
+104732e-05
-260612e-05
-611341e-05
-915794e-05
-114231e-04
-124460e-04
-122268e-04
-106680e-04
-786706e-05
-421363e-05
-974249e-07
+406749e-05
+776964e-05
+104975e-04
+119589e-04
+119102e-04
+103514e-04
+752607e-05
+372650e-05
-414056e-06
-433541e-05
-772092e-05
-100591e-04
-110090e-04
-104245e-04
-847597e-05
-552886e-05
-192414e-05
+189979e-05
+540708e-05
+818369e-05
+991298e-05
+103270e-04
+947457e-05
+750172e-05
+467640e-05
+146137e-05
-177800e-05
-465204e-05
-669796e-05
-767221e-05
-757479e-05
-645440e-05
-443283e-05
-180236e-05
+901181e-06
+336116e-05
+523659e-05
+611341e-05
+604034e-05
+504174e-05
+314195e-05
+803756e-06
-165622e-05
-397007e-05
-569936e-05
-669796e-05
-689281e-05
-625955e-05
-484689e-05
-282532e-05
-560193e-06
+180236e-05
+404313e-05
+579678e-05
+694153e-05
+740429e-05
+708766e-05
+606470e-05
+443283e-05
+238691e-05
+267919e-06
-175365e-05
-343423e-05
-445719e-05
-472511e-05
-421363e-05
-297146e-05
-119346e-05
+755043e-06
+267919e-05
+435977e-05
+535837e-05
+552886e-05
+487125e-05
+340987e-05
+131524e-05
-109603e-05
-358037e-05
-589421e-05
-774528e-05
-893874e-05
-930408e-05
-864646e-05
-711202e-05
-484689e-05
-197285e-05
+107167e-05
+399442e-05
+640569e-05
+798884e-05
+857339e-05
+798884e-05
+635698e-05
+382393e-05
+755043e-06
-241127e-05
-530966e-05
-747736e-05
-867082e-05
-862211e-05
-733122e-05
-499303e-05
-180236e-05
+172929e-05
+516352e-05
+806191e-05
+100104e-04
+107411e-04
+100348e-04
+798884e-05
+501738e-05
+160751e-05
-187543e-05
-501738e-05
-742865e-05
-889002e-05
-925537e-05
-852468e-05
-703895e-05
-501738e-05
-260612e-05
-219206e-06
+204592e-05
+414056e-05
+577243e-05
+691717e-05
+757479e-05
+757479e-05
+689281e-05
+562629e-05
+375086e-05
+138831e-05
-102296e-05
-328809e-05
-516352e-05
-623519e-05
-635698e-05
-545580e-05
-355601e-05
-998605e-06
+187543e-05
+472511e-05
+699024e-05
+832983e-05
+854904e-05
+747736e-05
+530966e-05
+228949e-05
-116910e-05
-455462e-05
-752607e-05
-979120e-05
-110334e-04
-111064e-04
-100591e-04
-808627e-05
-560193e-05
-284968e-05
-146137e-06
+226513e-05
+428670e-05
+565065e-05
+621084e-05
+611341e-05
+538273e-05
+401878e-05
+228949e-05
+487125e-06
-131524e-05
-292275e-05
-401878e-05
-443283e-05
-404313e-05
-287404e-05
-107167e-05
+104732e-05
+326373e-05
+518788e-05
+633262e-05
+657618e-05
+594292e-05
+431105e-05
+189979e-05
-779399e-06
-343423e-05
-569936e-05
-725816e-05
-789142e-05
-755043e-05
-635698e-05
-433541e-05
-170494e-05
+104732e-05
+370215e-05
+599163e-05
+759914e-05
+842726e-05
+832983e-05
+728251e-05
+545580e-05
+294710e-05
+146137e-06
-258176e-05
-501738e-05
-667361e-05
-733122e-05
-694153e-05
-555322e-05
-323938e-05
-414056e-06
+258176e-05
+538273e-05
+752607e-05
+874389e-05
+881695e-05
+779399e-05
+586985e-05
+319067e-05
+170494e-06
-280097e-05
-550451e-05
-762350e-05
-898745e-05
-942586e-05
-896309e-05
-767221e-05
-572371e-05
-328809e-05
-633262e-06
+194850e-05
+433541e-05
+618648e-05
+728251e-05
+759914e-05
+706331e-05
+579678e-05
+387264e-05
+143702e-05
-114474e-05
-367779e-05
-589421e-05
-745301e-05
-830547e-05
-832983e-05
-745301e-05
-582114e-05
-358037e-05
-104732e-05
+153444e-05
+382393e-05
+545580e-05
+623519e-05
+618648e-05
+538273e-05
+384828e-05
+185107e-05
-170494e-06
-202157e-05
-358037e-05
-457897e-05
-494431e-05
-467640e-05
-382393e-05
-245998e-05
-779399e-06
+112039e-05
+316631e-05
+511481e-05
+677103e-05
+803756e-05
+879260e-05
+881695e-05
+806191e-05
+664925e-05
+455462e-05
+202157e-05
-535837e-06
-302017e-05
-513916e-05
-652747e-05
-711202e-05
-686846e-05
-586985e-05
-426234e-05
-226513e-05
-243562e-06
+160751e-05
+306888e-05
+389700e-05
+399442e-05
+333680e-05
+204592e-05
+389700e-06
-151009e-05
-343423e-05
-501738e-05
-606470e-05
-643004e-05
-608906e-05
-501738e-05
-331245e-05
-119346e-05
+109603e-05
+326373e-05
+496867e-05
+589421e-05
+596728e-05
+513916e-05
+336116e-05
+102296e-05
-151009e-05
-389700e-05
-567500e-05
-655183e-05
-638133e-05
-511481e-05
-287404e-05
-121781e-06
+280097e-05
+538273e-05
+716073e-05
+789142e-05
+740429e-05
+579678e-05
+314195e-05
-243562e-07
-321502e-05
-608906e-05
-823241e-05
-927972e-05
-898745e-05
-745301e-05
-484689e-05
-151009e-05
+231384e-05
+608906e-05
+930408e-05
+115936e-04
+125678e-04
+122755e-04
+106193e-04
+776964e-05
+409185e-05
+243562e-07
-394571e-05
-737994e-05
-988863e-05
-111795e-04
-109359e-04
-923101e-05
-643004e-05
-280097e-05
+116910e-05
+499303e-05
+823241e-05
+103758e-04
+111064e-04
+102053e-04
+779399e-05
+414056e-05
-267919e-06
-484689e-05
-920665e-05
-126409e-04
-146624e-04
-151009e-04
-137613e-04
-109359e-04
-691717e-05
-214335e-05
+284968e-05
+740429e-05
+109116e-04
+130306e-04
+135177e-04
+125191e-04
+101322e-04
+660054e-05
+241127e-05
-182672e-05
-550451e-05
-837854e-05
-102053e-04
-105950e-04
-954764e-05
-745301e-05
-455462e-05
-121781e-05
+211899e-05
+504174e-05
+718509e-05
+842726e-05
+862211e-05
+774528e-05
+606470e-05
+379957e-05
+124217e-05
-126652e-05
-348294e-05
-516352e-05
-604034e-05
-608906e-05
-535837e-05
-392135e-05
-194850e-05
+243562e-06
+236255e-05
+428670e-05
+562629e-05
+618648e-05
+604034e-05
+513916e-05
+358037e-05
+158315e-05
-487125e-06
-243562e-05
-414056e-05
-538273e-05
-604034e-05
-606470e-05
-552886e-05
-448155e-05
-306888e-05
-141266e-05
+292275e-06
+194850e-05
+348294e-05
+467640e-05
+533401e-05
+543144e-05
+494431e-05
+379957e-05
+211899e-05
+243562e-06
-175365e-05
-367779e-05
-509045e-05
-586985e-05
-589421e-05
-511481e-05
-360472e-05
-153444e-05
+706331e-06
+292275e-05
+487125e-05
+611341e-05
+652747e-05
+613777e-05
+491996e-05
+294710e-05
+681974e-06
-165622e-05
-384828e-05
-550451e-05
-645440e-05
-660054e-05
-601599e-05
-470075e-05
-280097e-05
-706331e-06
+143702e-05
+345858e-05
+496867e-05
+582114e-05
+599163e-05
+543144e-05
+421363e-05
+253305e-05
+681974e-06
-116910e-05
-284968e-05
-411620e-05
-474946e-05
-470075e-05
-399442e-05
-267919e-05
-102296e-05
+730687e-06
+245998e-05
+399442e-05
+499303e-05
+526095e-05
+482253e-05
+365343e-05
+185107e-05
-170494e-06
-228949e-05
-443283e-05
-611341e-05
-713637e-05
-745301e-05
-694153e-05
-562629e-05
-360472e-05
-116910e-05
+143702e-05
+397007e-05
+596728e-05
+718509e-05
+747736e-05
+679539e-05
+521223e-05
+282532e-05
+121781e-06
-255740e-05
-494431e-05
-652747e-05
-708766e-05
-667361e-05
-533401e-05
-311760e-05
-487125e-06
+224077e-05
+484689e-05
+679539e-05
+791577e-05
+815934e-05
+750172e-05
+616213e-05
+423798e-05
+192414e-05
-340987e-06
-233820e-05
-394571e-05
-494431e-05
-521223e-05
-477382e-05
-370215e-05
-207028e-05
-219206e-06
+165622e-05
+340987e-05
+467640e-05
+526095e-05
+506610e-05
+406749e-05
+236255e-05
+292275e-06
-199721e-05
-431105e-05
-621084e-05
-747736e-05
-803756e-05
-779399e-05
-681974e-05
-523659e-05
-319067e-05
-109603e-05
+706331e-06
+214335e-05
+299582e-05
+314195e-05
+265483e-05
+160751e-05
+340987e-06
-949893e-06
-214335e-05
-292275e-05
-314195e-05
-282532e-05
-194850e-05
-657618e-06
+828112e-06
+245998e-05
+406749e-05
+538273e-05
+618648e-05
+645440e-05
+625955e-05
+555322e-05
+428670e-05
+263047e-05
+828112e-06
-949893e-06
-260612e-05
-394571e-05
-465204e-05
-462768e-05
-382393e-05
-233820e-05
-414056e-06
+187543e-05
+423798e-05
+616213e-05
+742865e-05
+789142e-05
+742865e-05
+613777e-05
+414056e-05
+158315e-05
-107167e-05
-350730e-05
-550451e-05
-684410e-05
-752607e-05
-747736e-05
-677103e-05
-555322e-05
-394571e-05
-216770e-05
-462768e-06
+998605e-06
+219206e-05
+289839e-05
+297146e-05
+238691e-05
+116910e-05
-438412e-06
-236255e-05
-445719e-05
-633262e-05
-774528e-05
-850032e-05
-837854e-05
-737994e-05
-557758e-05
-302017e-05
-730687e-07
+297146e-05
+574807e-05
+794013e-05
+932844e-05
+969378e-05
+910923e-05
+755043e-05
+526095e-05
+250869e-05
-292275e-06
-280097e-05
-482253e-05
-589421e-05
-584550e-05
-467640e-05
-245998e-05
+462768e-06
+382393e-05
+716073e-05
+991298e-05
+117153e-04
+122512e-04
+113500e-04
+903616e-05
+562629e-05
+155880e-05
-272790e-05
-664925e-05
-974249e-05
-116179e-04
-120076e-04
-109359e-04
-859775e-05
-548015e-05
-199721e-05
+136395e-05
+414056e-05
+596728e-05
+660054e-05
+613777e-05
+460333e-05
+226513e-05
-316631e-06
-282532e-05
-499303e-05
-635698e-05
-679539e-05
-647876e-05
-538273e-05
-367779e-05
-170494e-05
+170494e-06
+185107e-05
+316631e-05
+394571e-05
+421363e-05
+389700e-05
+321502e-05
+219206e-05
+925537e-06
-292275e-06
-155880e-05
-280097e-05
-379957e-05
-443283e-05
-457897e-05
-418927e-05
-321502e-05
-175365e-05
-121781e-06
+155880e-05
+311760e-05
+423798e-05
+472511e-05
+455462e-05
+375086e-05
+245998e-05
+104732e-05
-219206e-06
-121781e-05
-180236e-05
-185107e-05
-146137e-05
-657618e-06
+365343e-06
+146137e-05
+258176e-05
+355601e-05
+423798e-05
+453026e-05
+443283e-05
+392135e-05
+304453e-05
+182672e-05
+414056e-06
-112039e-05
-270354e-05
-406749e-05
-506610e-05
-548015e-05
-521223e-05
-428670e-05
-275225e-05
-925537e-06
+949893e-06
+277661e-05
+423798e-05
+501738e-05
+499303e-05
+421363e-05
+280097e-05
+102296e-05
-828112e-06
-260612e-05
-411620e-05
-511481e-05
-548015e-05
-516352e-05
-426234e-05
-302017e-05
-155880e-05
-146137e-06
+104732e-05
+199721e-05
+255740e-05
+265483e-05
+231384e-05
+168058e-05
+828112e-06
-121781e-06
-112039e-05
-221642e-05
-321502e-05
-404313e-05
-465204e-05
-487125e-05
-467640e-05
-399442e-05
-272790e-05
-102296e-05
+925537e-06
+311760e-05
+521223e-05
+677103e-05
+764786e-05
+776964e-05
+703895e-05
+557758e-05
+355601e-05
+121781e-05
-925537e-06
-270354e-05
+000000e+00
+000000e+00
+000000e+00
+000000e+00
[ENDDATA]
