[FILEINFO]
File: D:\CMC thesis\AE software\Quartzel\Vallen data\Q31.tra
SampleRate[Hz]: 10000000
SetsOnFile: 7
Samples: 2048
[SETINFO]
Set: 5
Index: 5
Time:   4 17:11:14 407.6013
Channel: 1
PreTriggerSamples: 100
Data: Amplitude [mV]
[DATA]
-3.04E-03
0.00E+00
0.00E+00
-3.04E-03
-3.04E-03
-3.04E-03
-3.04E-03
-3.04E-03
0.00E+00
0.00E+00
0.00E+00
0.00E+00
0.00E+00
0.00E+00
-3.04E-03
-3.04E-03
0.00E+00
0.00E+00
0.00E+00
0.00E+00
0.00E+00
0.00E+00
0.00E+00
0.00E+00
0.00E+00
0.00E+00
0.00E+00
0.00E+00
0.00E+00
0.00E+00
-3.04E-03
-6.09E-03
-3.04E-03
0.00E+00
0.00E+00
0.00E+00
0.00E+00
0.00E+00
0.00E+00
-3.04E-03
-3.04E-03
-3.04E-03
-3.04E-03
-3.04E-03
-3.04E-03
-3.04E-03
-3.04E-03
0.00E+00
0.00E+00
0.00E+00
-3.04E-03
-3.04E-03
-3.04E-03
-3.04E-03
-6.09E-03
-6.09E-03
-3.04E-03
-3.04E-03
0.00E+00
0.00E+00
0.00E+00
0.00E+00
0.00E+00
0.00E+00
0.00E+00
0.00E+00
0.00E+00
0.00E+00
3.04E-03
3.04E-03
3.04E-03
3.04E-03
6.09E-03
3.04E-03
3.04E-03
3.04E-03
0.00E+00
-3.04E-03
-3.04E-03
-3.04E-03
0.00E+00
0.00E+00
0.00E+00
0.00E+00
3.04E-03
3.04E-03
0.00E+00
0.00E+00
0.00E+00
-3.04E-03
-6.09E-03
-9.13E-03
-1.22E-02
-1.52E-02
-1.52E-02
-9.13E-03
-3.04E-03
6.09E-03
2.13E-02
3.65E-02
4.87E-02
6.09E-02
6.39E-02
6.09E-02
5.18E-02
3.65E-02
1.22E-02
-2.74E-02
-6.70E-02
-1.07E-01
-1.49E-01
-1.83E-01
-1.98E-01
-1.95E-01
-1.67E-01
-1.16E-01
-4.26E-02
3.96E-02
1.25E-01
2.04E-01
2.68E-01
3.07E-01
3.17E-01
2.95E-01
2.50E-01
1.80E-01
8.83E-02
-6.09E-03
-9.74E-02
-1.86E-01
-2.56E-01
-2.98E-01
-3.14E-01
-2.95E-01
-2.50E-01
-1.74E-01
-8.22E-02
1.52E-02
1.13E-01
1.95E-01
2.44E-01
2.62E-01
2.41E-01
1.86E-01
1.07E-01
1.22E-02
-7.31E-02
-1.49E-01
-2.07E-01
-2.34E-01
-2.25E-01
-1.86E-01
-1.25E-01
-4.87E-02
3.35E-02
1.13E-01
1.77E-01
2.19E-01
2.31E-01
2.13E-01
1.70E-01
1.10E-01
3.65E-02
-3.04E-02
-9.44E-02
-1.43E-01
-1.70E-01
-1.80E-01
-1.64E-01
-1.34E-01
-8.52E-02
-2.74E-02
3.04E-02
8.22E-02
1.22E-01
1.43E-01
1.46E-01
1.31E-01
9.74E-02
5.48E-02
9.13E-03
-3.04E-02
-6.09E-02
-7.31E-02
-7.00E-02
-5.48E-02
-3.04E-02
3.04E-03
3.65E-02
6.39E-02
7.61E-02
7.00E-02
4.87E-02
1.83E-02
-1.83E-02
-4.87E-02
-7.61E-02
-9.13E-02
-8.52E-02
-7.00E-02
-4.57E-02
-1.83E-02
9.13E-03
3.04E-02
4.26E-02
4.57E-02
3.96E-02
2.74E-02
9.13E-03
-9.13E-03
-2.44E-02
-3.96E-02
-5.18E-02
-6.09E-02
-6.70E-02
-7.00E-02
-6.70E-02
-5.78E-02
-4.26E-02
-1.83E-02
1.52E-02
5.18E-02
9.13E-02
1.22E-01
1.46E-01
1.58E-01
1.58E-01
1.43E-01
1.10E-01
5.78E-02
-3.04E-03
-6.09E-02
-1.10E-01
-1.52E-01
-1.80E-01
-1.83E-01
-1.64E-01
-1.25E-01
-7.31E-02
-1.22E-02
5.18E-02
1.07E-01
1.43E-01
1.61E-01
1.61E-01
1.49E-01
1.22E-01
8.52E-02
4.57E-02
9.13E-03
-2.74E-02
-6.09E-02
-9.13E-02
-1.16E-01
-1.37E-01
-1.49E-01
-1.46E-01
-1.28E-01
-9.44E-02
-4.87E-02
6.09E-03
6.70E-02
1.22E-01
1.61E-01
1.80E-01
1.70E-01
1.34E-01
7.61E-02
6.09E-03
-6.39E-02
-1.22E-01
-1.64E-01
-1.86E-01
-1.83E-01
-1.52E-01
-1.04E-01
-4.57E-02
1.83E-02
7.61E-02
1.22E-01
1.52E-01
1.64E-01
1.55E-01
1.31E-01
9.74E-02
5.18E-02
6.09E-03
-3.35E-02
-7.31E-02
-1.04E-01
-1.25E-01
-1.34E-01
-1.31E-01
-1.04E-01
-6.09E-02
-9.13E-03
4.87E-02
1.10E-01
1.55E-01
1.77E-01
1.74E-01
1.52E-01
1.04E-01
3.96E-02
-2.44E-02
-7.92E-02
-1.19E-01
-1.37E-01
-1.28E-01
-9.44E-02
-5.18E-02
0.00E+00
4.87E-02
7.92E-02
9.13E-02
7.61E-02
4.26E-02
0.00E+00
-3.65E-02
-6.70E-02
-8.52E-02
-8.83E-02
-7.61E-02
-5.18E-02
-2.13E-02
1.52E-02
4.87E-02
7.92E-02
9.74E-02
1.04E-01
1.00E-01
9.13E-02
7.00E-02
4.57E-02
1.22E-02
-2.74E-02
-6.39E-02
-1.00E-01
-1.28E-01
-1.46E-01
-1.52E-01
-1.40E-01
-1.19E-01
-7.92E-02
-3.35E-02
1.52E-02
6.39E-02
1.10E-01
1.43E-01
1.58E-01
1.61E-01
1.46E-01
1.13E-01
6.39E-02
6.09E-03
-4.87E-02
-1.04E-01
-1.49E-01
-1.80E-01
-1.89E-01
-1.74E-01
-1.37E-01
-8.52E-02
-1.83E-02
5.18E-02
1.22E-01
1.77E-01
2.10E-01
2.19E-01
2.04E-01
1.67E-01
1.13E-01
5.18E-02
-6.09E-03
-5.18E-02
-8.83E-02
-1.07E-01
-1.13E-01
-1.10E-01
-9.74E-02
-8.22E-02
-6.09E-02
-3.65E-02
-1.52E-02
9.13E-03
3.35E-02
5.18E-02
6.39E-02
6.70E-02
6.39E-02
5.48E-02
3.35E-02
6.09E-03
-1.83E-02
-3.65E-02
-5.18E-02
-5.48E-02
-5.18E-02
-4.26E-02
-2.44E-02
-6.09E-03
1.22E-02
3.04E-02
3.65E-02
3.65E-02
3.04E-02
1.52E-02
0.00E+00
-1.52E-02
-3.35E-02
-4.57E-02
-5.18E-02
-5.18E-02
-4.87E-02
-3.96E-02
-2.44E-02
-6.09E-03
6.09E-03
2.13E-02
3.35E-02
4.26E-02
4.26E-02
4.26E-02
3.35E-02
2.74E-02
1.52E-02
0.00E+00
-1.22E-02
-2.13E-02
-2.74E-02
-3.04E-02
-2.44E-02
-1.52E-02
3.04E-03
2.13E-02
3.96E-02
5.48E-02
5.78E-02
5.18E-02
3.65E-02
9.13E-03
-1.83E-02
-4.87E-02
-7.00E-02
-8.22E-02
-8.22E-02
-6.70E-02
-3.96E-02
0.00E+00
3.96E-02
7.31E-02
9.74E-02
1.04E-01
9.74E-02
7.61E-02
4.87E-02
1.52E-02
-1.52E-02
-3.96E-02
-6.39E-02
-8.22E-02
-9.44E-02
-9.74E-02
-9.44E-02
-8.52E-02
-7.00E-02
-4.87E-02
-2.13E-02
1.22E-02
4.57E-02
8.22E-02
1.13E-01
1.28E-01
1.31E-01
1.13E-01
7.92E-02
3.96E-02
-9.13E-03
-5.48E-02
-9.13E-02
-1.22E-01
-1.40E-01
-1.37E-01
-1.19E-01
-8.52E-02
-3.96E-02
6.09E-03
5.18E-02
8.83E-02
1.13E-01
1.22E-01
1.16E-01
8.83E-02
5.48E-02
1.83E-02
-1.52E-02
-3.96E-02
-5.78E-02
-6.39E-02
-6.09E-02
-5.18E-02
-3.65E-02
-1.22E-02
1.83E-02
4.87E-02
7.61E-02
1.04E-01
1.28E-01
1.37E-01
1.31E-01
1.13E-01
7.61E-02
3.35E-02
-1.83E-02
-6.70E-02
-1.16E-01
-1.52E-01
-1.74E-01
-1.77E-01
-1.58E-01
-1.19E-01
-6.70E-02
-3.04E-03
6.39E-02
1.22E-01
1.64E-01
1.77E-01
1.64E-01
1.28E-01
7.00E-02
-3.04E-03
-7.61E-02
-1.37E-01
-1.83E-01
-2.07E-01
-1.98E-01
-1.64E-01
-1.13E-01
-4.57E-02
2.44E-02
8.83E-02
1.37E-01
1.64E-01
1.70E-01
1.58E-01
1.25E-01
7.92E-02
2.44E-02
-3.04E-02
-7.92E-02
-1.19E-01
-1.46E-01
-1.58E-01
-1.52E-01
-1.28E-01
-8.83E-02
-3.35E-02
2.74E-02
9.74E-02
1.61E-01
2.04E-01
2.25E-01
2.19E-01
1.83E-01
1.28E-01
5.78E-02
-1.83E-02
-7.92E-02
-1.28E-01
-1.61E-01
-1.67E-01
-1.52E-01
-1.22E-01
-7.61E-02
-2.74E-02
2.13E-02
7.31E-02
1.19E-01
1.49E-01
1.61E-01
1.64E-01
1.52E-01
1.25E-01
7.92E-02
2.44E-02
-3.65E-02
-9.44E-02
-1.49E-01
-1.92E-01
-2.13E-01
-2.07E-01
-1.80E-01
-1.31E-01
-6.70E-02
6.09E-03
8.22E-02
1.40E-01
1.80E-01
1.98E-01
1.89E-01
1.55E-01
1.04E-01
4.26E-02
-2.13E-02
-7.92E-02
-1.22E-01
-1.46E-01
-1.52E-01
-1.40E-01
-1.13E-01
-7.92E-02
-4.26E-02
-9.13E-03
2.44E-02
5.48E-02
7.92E-02
9.44E-02
1.00E-01
1.00E-01
9.13E-02
7.00E-02
3.96E-02
6.09E-03
-3.35E-02
-7.31E-02
-1.00E-01
-1.13E-01
-1.07E-01
-8.22E-02
-4.26E-02
9.13E-03
6.70E-02
1.16E-01
1.46E-01
1.55E-01
1.46E-01
1.16E-01
6.70E-02
1.83E-02
-3.04E-02
-6.39E-02
-8.22E-02
-8.83E-02
-7.92E-02
-5.78E-02
-3.04E-02
-3.04E-03
2.44E-02
4.57E-02
5.78E-02
5.78E-02
5.18E-02
3.35E-02
6.09E-03
-2.44E-02
-5.48E-02
-8.22E-02
-1.04E-01
-1.07E-01
-9.74E-02
-7.92E-02
-4.87E-02
-9.13E-03
3.35E-02
7.31E-02
1.04E-01
1.22E-01
1.19E-01
1.00E-01
6.70E-02
1.83E-02
-3.35E-02
-8.22E-02
-1.22E-01
-1.49E-01
-1.58E-01
-1.43E-01
-1.10E-01
-6.09E-02
0.00E+00
6.70E-02
1.25E-01
1.67E-01
1.86E-01
1.77E-01
1.49E-01
1.00E-01
3.96E-02
-1.83E-02
-7.31E-02
-1.13E-01
-1.37E-01
-1.40E-01
-1.25E-01
-9.44E-02
-5.48E-02
-9.13E-03
3.96E-02
8.52E-02
1.25E-01
1.49E-01
1.58E-01
1.52E-01
1.37E-01
1.04E-01
6.09E-02
1.22E-02
-3.65E-02
-7.61E-02
-1.10E-01
-1.34E-01
-1.40E-01
-1.28E-01
-1.04E-01
-6.70E-02
-2.13E-02
2.74E-02
7.31E-02
1.10E-01
1.31E-01
1.34E-01
1.16E-01
7.61E-02
2.44E-02
-2.74E-02
-7.92E-02
-1.28E-01
-1.61E-01
-1.80E-01
-1.74E-01
-1.52E-01
-1.16E-01
-6.39E-02
-6.09E-03
4.87E-02
9.74E-02
1.31E-01
1.46E-01
1.40E-01
1.16E-01
7.31E-02
2.13E-02
-3.04E-02
-8.22E-02
-1.22E-01
-1.46E-01
-1.46E-01
-1.22E-01
-7.61E-02
-1.52E-02
5.48E-02
1.16E-01
1.61E-01
1.86E-01
1.83E-01
1.58E-01
1.10E-01
4.87E-02
-1.52E-02
-6.70E-02
-1.00E-01
-1.13E-01
-1.07E-01
-7.92E-02
-3.96E-02
1.22E-02
6.39E-02
1.07E-01
1.37E-01
1.43E-01
1.37E-01
1.13E-01
7.31E-02
2.13E-02
-2.74E-02
-7.31E-02
-1.10E-01
-1.37E-01
-1.49E-01
-1.43E-01
-1.25E-01
-9.44E-02
-5.78E-02
-1.22E-02
3.35E-02
7.92E-02
1.13E-01
1.34E-01
1.37E-01
1.28E-01
1.04E-01
6.70E-02
2.13E-02
-3.04E-02
-7.92E-02
-1.25E-01
-1.61E-01
-1.77E-01
-1.74E-01
-1.52E-01
-1.07E-01
-4.87E-02
1.52E-02
8.22E-02
1.37E-01
1.70E-01
1.83E-01
1.74E-01
1.37E-01
7.92E-02
1.22E-02
-4.87E-02
-1.07E-01
-1.52E-01
-1.77E-01
-1.80E-01
-1.61E-01
-1.25E-01
-7.61E-02
-1.83E-02
4.26E-02
1.00E-01
1.43E-01
1.67E-01
1.77E-01
1.64E-01
1.37E-01
1.00E-01
5.48E-02
9.13E-03
-3.04E-02
-6.39E-02
-8.52E-02
-9.74E-02
-1.00E-01
-9.44E-02
-7.92E-02
-6.39E-02
-3.96E-02
-1.22E-02
2.13E-02
5.48E-02
8.52E-02
1.07E-01
1.13E-01
1.07E-01
7.92E-02
3.96E-02
-6.09E-03
-5.48E-02
-9.74E-02
-1.28E-01
-1.40E-01
-1.25E-01
-9.13E-02
-4.57E-02
9.13E-03
6.70E-02
1.13E-01
1.40E-01
1.43E-01
1.28E-01
9.13E-02
4.26E-02
-3.04E-03
-4.26E-02
-7.00E-02
-8.83E-02
-9.13E-02
-7.92E-02
-5.78E-02
-3.04E-02
0.00E+00
2.44E-02
4.57E-02
6.09E-02
6.39E-02
6.39E-02
5.48E-02
3.35E-02
9.13E-03
-2.44E-02
-5.48E-02
-8.22E-02
-1.04E-01
-1.13E-01
-1.07E-01
-8.22E-02
-4.57E-02
6.09E-03
6.39E-02
1.19E-01
1.61E-01
1.86E-01
1.83E-01
1.58E-01
1.16E-01
5.48E-02
-1.22E-02
-7.31E-02
-1.22E-01
-1.58E-01
-1.74E-01
-1.67E-01
-1.43E-01
-1.07E-01
-6.09E-02
-1.22E-02
3.65E-02
8.22E-02
1.13E-01
1.25E-01
1.28E-01
1.16E-01
8.52E-02
4.87E-02
9.13E-03
-3.04E-02
-7.00E-02
-1.04E-01
-1.25E-01
-1.37E-01
-1.37E-01
-1.19E-01
-9.13E-02
-5.18E-02
-6.09E-03
4.87E-02
9.74E-02
1.31E-01
1.52E-01
1.55E-01
1.37E-01
9.74E-02
3.65E-02
-2.44E-02
-8.22E-02
-1.34E-01
-1.67E-01
-1.80E-01
-1.64E-01
-1.25E-01
-6.70E-02
0.00E+00
7.61E-02
1.43E-01
1.92E-01
2.19E-01
2.22E-01
2.01E-01
1.61E-01
1.00E-01
3.04E-02
-3.65E-02
-1.00E-01
-1.52E-01
-1.89E-01
-2.04E-01
-1.92E-01
-1.52E-01
-9.13E-02
-1.83E-02
6.70E-02
1.49E-01
2.10E-01
2.47E-01
2.50E-01
2.16E-01
1.52E-01
6.39E-02
-3.04E-02
-1.22E-01
-1.98E-01
-2.44E-01
-2.56E-01
-2.34E-01
-1.80E-01
-1.00E-01
-1.22E-02
7.31E-02
1.46E-01
1.92E-01
2.13E-01
2.01E-01
1.64E-01
1.04E-01
3.35E-02
-3.96E-02
-1.00E-01
-1.46E-01
-1.77E-01
-1.83E-01
-1.64E-01
-1.31E-01
-7.92E-02
-2.13E-02
3.65E-02
9.13E-02
1.28E-01
1.46E-01
1.43E-01
1.22E-01
7.92E-02
2.74E-02
-2.13E-02
-7.00E-02
-1.10E-01
-1.37E-01
-1.40E-01
-1.28E-01
-9.74E-02
-5.18E-02
9.13E-03
7.31E-02
1.28E-01
1.70E-01
1.92E-01
1.89E-01
1.61E-01
1.04E-01
3.04E-02
-4.26E-02
-1.13E-01
-1.67E-01
-2.04E-01
-2.10E-01
-1.86E-01
-1.37E-01
-7.92E-02
-9.13E-03
6.09E-02
1.19E-01
1.55E-01
1.74E-01
1.70E-01
1.46E-01
1.07E-01
5.48E-02
0.00E+00
-5.18E-02
-9.13E-02
-1.19E-01
-1.31E-01
-1.28E-01
-1.10E-01
-7.61E-02
-3.35E-02
1.52E-02
6.39E-02
1.04E-01
1.28E-01
1.37E-01
1.31E-01
1.07E-01
6.70E-02
2.44E-02
-1.22E-02
-4.57E-02
-7.00E-02
-8.22E-02
-8.22E-02
-7.00E-02
-5.18E-02
-3.04E-02
-6.09E-03
1.52E-02
3.04E-02
3.96E-02
4.26E-02
3.96E-02
3.35E-02
2.74E-02
2.44E-02
1.83E-02
1.52E-02
6.09E-03
-3.04E-03
-1.52E-02
-3.35E-02
-4.87E-02
-6.39E-02
-7.00E-02
-7.31E-02
-7.00E-02
-5.78E-02
-4.26E-02
-1.83E-02
1.22E-02
4.26E-02
6.39E-02
7.92E-02
8.52E-02
7.92E-02
6.09E-02
3.65E-02
1.22E-02
-1.83E-02
-4.26E-02
-6.39E-02
-8.52E-02
-9.74E-02
-9.74E-02
-8.83E-02
-7.00E-02
-4.26E-02
-6.09E-03
3.04E-02
6.39E-02
9.13E-02
1.04E-01
1.04E-01
8.52E-02
5.18E-02
1.52E-02
-3.04E-02
-7.00E-02
-1.00E-01
-1.13E-01
-1.10E-01
-9.13E-02
-5.78E-02
-1.52E-02
3.35E-02
7.92E-02
1.16E-01
1.34E-01
1.37E-01
1.28E-01
1.04E-01
6.39E-02
2.13E-02
-2.13E-02
-5.18E-02
-7.31E-02
-8.83E-02
-8.83E-02
-7.61E-02
-5.48E-02
-2.74E-02
9.13E-03
3.96E-02
6.39E-02
8.22E-02
9.13E-02
8.83E-02
7.31E-02
5.18E-02
2.74E-02
0.00E+00
-3.04E-02
-5.48E-02
-7.61E-02
-9.13E-02
-1.00E-01
-9.44E-02
-7.61E-02
-5.18E-02
-1.83E-02
2.13E-02
6.09E-02
9.13E-02
1.07E-01
1.00E-01
7.61E-02
3.96E-02
-6.09E-03
-5.18E-02
-9.13E-02
-1.19E-01
-1.31E-01
-1.25E-01
-1.00E-01
-6.09E-02
-1.83E-02
2.44E-02
7.00E-02
1.00E-01
1.16E-01
1.16E-01
1.00E-01
7.31E-02
3.65E-02
0.00E+00
-3.35E-02
-6.09E-02
-7.61E-02
-7.92E-02
-7.00E-02
-5.48E-02
-2.44E-02
9.13E-03
3.65E-02
5.78E-02
7.31E-02
7.92E-02
6.70E-02
5.18E-02
3.04E-02
6.09E-03
-1.22E-02
-2.74E-02
-3.35E-02
-3.35E-02
-2.44E-02
-1.22E-02
6.09E-03
2.44E-02
3.96E-02
4.57E-02
4.57E-02
3.96E-02
2.74E-02
6.09E-03
-2.13E-02
-4.57E-02
-6.70E-02
-8.22E-02
-9.13E-02
-8.52E-02
-7.31E-02
-5.78E-02
-3.96E-02
-1.52E-02
6.09E-03
2.13E-02
3.04E-02
3.65E-02
3.96E-02
3.96E-02
3.96E-02
3.65E-02
3.04E-02
2.74E-02
2.13E-02
6.09E-03
-9.13E-03
-2.74E-02
-4.57E-02
-5.78E-02
-6.09E-02
-5.78E-02
-4.87E-02
-3.04E-02
0.00E+00
3.04E-02
6.09E-02
8.52E-02
9.74E-02
1.00E-01
9.13E-02
6.70E-02
4.26E-02
1.83E-02
-3.04E-03
-2.13E-02
-3.65E-02
-4.26E-02
-4.57E-02
-4.26E-02
-3.35E-02
-1.83E-02
-6.09E-03
6.09E-03
1.83E-02
2.74E-02
3.35E-02
3.65E-02
3.35E-02
2.44E-02
1.52E-02
0.00E+00
-1.83E-02
-3.35E-02
-4.87E-02
-5.48E-02
-6.39E-02
-6.70E-02
-6.09E-02
-5.18E-02
-3.96E-02
-1.83E-02
6.09E-03
2.74E-02
4.57E-02
5.18E-02
4.57E-02
3.65E-02
1.83E-02
-6.09E-03
-3.35E-02
-5.78E-02
-7.00E-02
-7.92E-02
-7.61E-02
-6.39E-02
-4.26E-02
-1.52E-02
1.52E-02
4.26E-02
6.70E-02
8.52E-02
9.13E-02
9.13E-02
8.83E-02
7.31E-02
5.18E-02
2.44E-02
0.00E+00
-2.74E-02
-5.18E-02
-6.70E-02
-7.61E-02
-7.61E-02
-6.39E-02
-4.57E-02
-2.13E-02
6.09E-03
3.35E-02
5.48E-02
6.39E-02
6.70E-02
5.78E-02
4.26E-02
2.74E-02
6.09E-03
-6.09E-03
-1.22E-02
-1.22E-02
-6.09E-03
6.09E-03
2.13E-02
3.65E-02
4.57E-02
4.57E-02
4.26E-02
2.74E-02
6.09E-03
-1.83E-02
-4.57E-02
-6.70E-02
-8.22E-02
-9.13E-02
-8.83E-02
-7.61E-02
-5.48E-02
-2.74E-02
0.00E+00
2.74E-02
4.87E-02
6.09E-02
6.09E-02
5.18E-02
3.96E-02
1.83E-02
-6.09E-03
-3.04E-02
-4.87E-02
-6.39E-02
-7.31E-02
-7.92E-02
-7.61E-02
-6.70E-02
-5.18E-02
-3.04E-02
-9.13E-03
1.83E-02
4.57E-02
7.00E-02
9.13E-02
9.74E-02
9.44E-02
8.22E-02
6.09E-02
3.96E-02
1.83E-02
0.00E+00
-2.13E-02
-3.65E-02
-4.57E-02
-5.48E-02
-6.09E-02
-6.09E-02
-5.48E-02
-4.26E-02
-2.44E-02
3.04E-03
3.04E-02
5.48E-02
7.92E-02
9.13E-02
9.44E-02
8.52E-02
6.39E-02
3.35E-02
0.00E+00
-3.65E-02
-6.39E-02
-8.52E-02
-1.00E-01
-1.07E-01
-9.74E-02
-7.61E-02
-4.87E-02
-1.52E-02
2.44E-02
6.09E-02
9.44E-02
1.19E-01
1.25E-01
1.19E-01
1.00E-01
6.39E-02
2.44E-02
-2.13E-02
-6.39E-02
-1.04E-01
-1.31E-01
-1.46E-01
-1.46E-01
-1.25E-01
-9.44E-02
-5.48E-02
-9.13E-03
3.65E-02
7.61E-02
1.07E-01
1.22E-01
1.22E-01
1.07E-01
7.92E-02
5.18E-02
1.83E-02
-1.22E-02
-3.35E-02
-5.18E-02
-6.09E-02
-6.39E-02
-5.78E-02
-5.18E-02
-4.26E-02
-2.44E-02
-6.09E-03
1.22E-02
3.04E-02
4.57E-02
6.09E-02
7.00E-02
7.31E-02
7.31E-02
6.39E-02
5.18E-02
3.35E-02
9.13E-03
-6.09E-03
-2.13E-02
-3.04E-02
-3.35E-02
-3.04E-02
-2.44E-02
-1.83E-02
-1.22E-02
-9.13E-03
-6.09E-03
-9.13E-03
-1.52E-02
-1.83E-02
-1.83E-02
-1.52E-02
-1.52E-02
-9.13E-03
-3.04E-03
0.00E+00
-6.09E-03
-9.13E-03
-1.83E-02
-3.04E-02
-3.96E-02
-4.57E-02
-5.18E-02
-5.18E-02
-4.87E-02
-4.26E-02
-3.35E-02
-2.13E-02
-6.09E-03
9.13E-03
2.13E-02
3.04E-02
3.35E-02
3.35E-02
3.35E-02
2.74E-02
1.52E-02
0.00E+00
-1.52E-02
-3.35E-02
-4.26E-02
-4.57E-02
-4.57E-02
-3.65E-02
-2.13E-02
-6.09E-03
1.22E-02
3.35E-02
5.48E-02
7.00E-02
8.52E-02
9.44E-02
9.13E-02
7.61E-02
5.78E-02
3.96E-02
1.52E-02
-6.09E-03
-2.13E-02
-3.35E-02
-3.65E-02
-2.74E-02
-1.52E-02
-3.04E-03
9.13E-03
1.83E-02
2.13E-02
2.13E-02
1.83E-02
1.83E-02
1.83E-02
1.83E-02
1.83E-02
2.44E-02
2.44E-02
1.52E-02
6.09E-03
-9.13E-03
-3.04E-02
-5.18E-02
-6.70E-02
-7.61E-02
-8.22E-02
-7.61E-02
-6.39E-02
-4.87E-02
-3.04E-02
-6.09E-03
1.22E-02
2.44E-02
3.35E-02
3.65E-02
3.65E-02
2.74E-02
1.22E-02
-6.09E-03
-2.74E-02
-4.57E-02
-6.39E-02
-8.22E-02
-8.83E-02
-8.22E-02
-6.70E-02
-4.26E-02
-9.13E-03
3.04E-02
7.00E-02
1.04E-01
1.25E-01
1.34E-01
1.28E-01
1.13E-01
8.52E-02
5.18E-02
1.52E-02
-1.83E-02
-4.57E-02
-6.70E-02
-7.92E-02
-8.22E-02
-7.31E-02
-5.48E-02
-3.35E-02
-3.04E-03
2.74E-02
5.48E-02
7.31E-02
8.83E-02
9.13E-02
8.22E-02
6.09E-02
3.35E-02
3.04E-03
-2.74E-02
-5.78E-02
-8.22E-02
-9.74E-02
-1.04E-01
-9.13E-02
-7.31E-02
-4.57E-02
-9.13E-03
2.74E-02
5.78E-02
7.92E-02
8.52E-02
7.31E-02
4.87E-02
1.22E-02
-2.44E-02
-5.48E-02
-7.92E-02
-9.13E-02
-8.83E-02
-7.00E-02
-4.57E-02
-1.22E-02
2.44E-02
5.48E-02
7.61E-02
8.22E-02
7.61E-02
5.48E-02
2.13E-02
-1.22E-02
-4.26E-02
-7.31E-02
-9.13E-02
-9.44E-02
-8.83E-02
-6.70E-02
-3.35E-02
6.09E-03
5.18E-02
9.44E-02
1.28E-01
1.43E-01
1.43E-01
1.34E-01
1.07E-01
7.00E-02
2.44E-02
-1.83E-02
-5.48E-02
-7.92E-02
-9.74E-02
-9.74E-02
-8.22E-02
-5.48E-02
-1.83E-02
2.44E-02
6.09E-02
8.83E-02
1.00E-01
9.44E-02
7.61E-02
4.26E-02
0.00E+00
-4.26E-02
-7.92E-02
-1.07E-01
-1.25E-01
-1.22E-01
-1.04E-01
-7.61E-02
-3.65E-02
3.04E-03
4.26E-02
7.61E-02
9.74E-02
9.74E-02
8.22E-02
5.78E-02
2.13E-02
-1.83E-02
-5.78E-02
-9.13E-02
-1.10E-01
-1.19E-01
-1.16E-01
-1.00E-01
-7.61E-02
-4.26E-02
-3.04E-03
3.35E-02
6.39E-02
8.83E-02
9.74E-02
9.74E-02
8.52E-02
6.09E-02
3.04E-02
0.00E+00
-3.04E-02
-5.78E-02
-7.31E-02
-7.92E-02
-7.61E-02
-6.70E-02
-4.26E-02
-9.13E-03
2.74E-02
6.70E-02
1.04E-01
1.31E-01
1.40E-01
1.37E-01
1.19E-01
8.83E-02
5.18E-02
9.13E-03
-3.35E-02
-6.39E-02
-7.92E-02
-8.83E-02
-8.52E-02
-6.70E-02
-4.26E-02
-1.22E-02
1.83E-02
4.57E-02
6.70E-02
8.22E-02
8.52E-02
7.61E-02
5.48E-02
2.74E-02
-6.09E-03
-3.65E-02
-6.39E-02
-8.83E-02
-1.07E-01
-1.10E-01
-1.04E-01
-8.52E-02
-5.78E-02
-2.44E-02
1.52E-02
4.57E-02
7.00E-02
8.52E-02
7.92E-02
5.78E-02
2.74E-02
-1.22E-02
-4.87E-02
-7.92E-02
-1.04E-01
-1.13E-01
-1.07E-01
-8.83E-02
-6.09E-02
-2.74E-02
1.22E-02
4.57E-02
7.61E-02
9.13E-02
9.74E-02
9.44E-02
8.52E-02
6.70E-02
4.87E-02
2.74E-02
9.13E-03
-9.13E-03
-2.13E-02
-3.35E-02
-3.96E-02
-4.26E-02
-3.96E-02
-3.04E-02
-1.83E-02
0.00E+00
2.13E-02
3.96E-02
5.48E-02
6.70E-02
6.70E-02
5.78E-02
4.26E-02
2.13E-02
-3.04E-03
-2.44E-02
-3.96E-02
-4.87E-02
-5.48E-02
-5.48E-02
-5.48E-02
-4.87E-02
-4.26E-02
-3.35E-02
-2.13E-02
-1.22E-02
-3.04E-03
9.13E-03
2.44E-02
3.96E-02
5.18E-02
5.48E-02
5.18E-02
3.96E-02
2.13E-02
-6.09E-03
-3.65E-02
-6.09E-02
-7.92E-02
-9.13E-02
-9.13E-02
-7.92E-02
-6.09E-02
-3.65E-02
-6.09E-03
1.83E-02
3.65E-02
4.87E-02
5.18E-02
4.57E-02
3.65E-02
2.13E-02
9.13E-03
-3.04E-03
-9.13E-03
-1.22E-02
-1.22E-02
-1.52E-02
-1.22E-02
-9.13E-03
-3.04E-03
9.13E-03
2.13E-02
3.35E-02
4.87E-02
6.09E-02
7.00E-02
7.92E-02
8.22E-02
7.00E-02
5.48E-02
3.65E-02
1.52E-02
-9.13E-03
-3.35E-02
-5.18E-02
-5.78E-02
-6.39E-02
-6.70E-02
-6.39E-02
-5.48E-02
-4.87E-02
-3.96E-02
-2.44E-02
-1.22E-02
3.04E-03
1.52E-02
3.04E-02
3.96E-02
4.57E-02
4.57E-02
4.26E-02
3.35E-02
1.52E-02
-6.09E-03
-2.74E-02
-4.87E-02
-6.09E-02
-6.70E-02
-6.70E-02
-6.09E-02
-4.87E-02
-3.04E-02
-6.09E-03
9.13E-03
2.44E-02
3.35E-02
3.35E-02
2.74E-02
2.13E-02
1.22E-02
0.00E+00
-6.09E-03
-1.52E-02
-2.44E-02
-2.74E-02
-2.74E-02
-3.04E-02
-3.04E-02
-3.04E-02
-2.44E-02
-1.52E-02
-3.04E-03
1.83E-02
3.96E-02
5.78E-02
7.61E-02
8.52E-02
9.13E-02
8.52E-02
7.31E-02
5.48E-02
3.65E-02
1.52E-02
-9.13E-03
-3.35E-02
-5.18E-02
-6.39E-02
-7.31E-02
-7.31E-02
-6.70E-02
-5.78E-02
-3.96E-02
-1.83E-02
3.04E-03
2.44E-02
4.26E-02
5.48E-02
6.39E-02
6.70E-02
6.70E-02
5.48E-02
4.26E-02
2.74E-02
6.09E-03
-1.83E-02
-3.96E-02
-5.48E-02
-6.39E-02
-7.00E-02
-7.31E-02
-6.70E-02
-5.48E-02
-3.35E-02
-9.13E-03
1.52E-02
3.96E-02
5.48E-02
6.70E-02
7.00E-02
6.39E-02
4.87E-02
2.74E-02
0.00E+00
-2.74E-02
-5.48E-02
-8.22E-02
-1.04E-01
-1.16E-01
-1.13E-01
-1.00E-01
-7.61E-02
-4.26E-02
0.00E+00
4.57E-02
8.83E-02
1.25E-01
1.43E-01
1.43E-01
1.31E-01
1.04E-01
6.39E-02
1.83E-02
-2.74E-02
-6.39E-02
-9.13E-02
-1.10E-01
-1.19E-01
-1.13E-01
-9.13E-02
-6.39E-02
-3.04E-02
1.52E-02
6.09E-02
1.00E-01
1.31E-01
1.49E-01
1.49E-01
1.31E-01
1.04E-01
6.09E-02
9.13E-03
-3.65E-02
-7.92E-02
-1.10E-01
-1.28E-01
-1.31E-01
-1.19E-01
-9.74E-02
-6.70E-02
-2.74E-02
1.52E-02
5.78E-02
9.44E-02
1.22E-01
1.34E-01
1.25E-01
1.00E-01
5.78E-02
1.22E-02
-3.35E-02
-7.61E-02
-1.07E-01
-1.22E-01
-1.22E-01
-1.07E-01
-7.92E-02
-4.26E-02
-6.09E-03
3.04E-02
6.09E-02
7.92E-02
8.83E-02
8.52E-02
7.00E-02
4.57E-02
1.52E-02
-1.52E-02
-3.96E-02
-6.09E-02
-7.31E-02
-7.31E-02
-6.39E-02
-4.26E-02
-1.52E-02
1.52E-02
4.57E-02
6.70E-02
8.52E-02
8.52E-02
7.61E-02
5.78E-02
3.35E-02
1.22E-02
-6.09E-03
-1.52E-02
-2.13E-02
-2.13E-02
-1.22E-02
-6.09E-03
-3.04E-03
-3.04E-03
-3.04E-03
-6.09E-03
-1.22E-02
-1.83E-02
-2.13E-02
-1.83E-02
-1.52E-02
-9.13E-03
-6.09E-03
0.00E+00
0.00E+00
0.00E+00
0.00E+00
[ENDDATA]
