[FILEINFO]
File: D:\CMC thesis\AE software\Carbon fiber C30\Vallen data\C30-S4.tra
SampleRate[Hz]: 10000000
SetsOnFile: 2
Samples: 2048
[SETINFO]
Set: 1
Index: 1
Time:   3 06:18:33 199.2297
Channel: 1
PreTriggerSamples: 100
Data: Amplitude [mV]
[DATA]
0.00E+00
0.00E+00
0.00E+00
0.00E+00
0.00E+00
0.00E+00
0.00E+00
0.00E+00
0.00E+00
0.00E+00
0.00E+00
0.00E+00
0.00E+00
0.00E+00
0.00E+00
-3.04E-03
-3.04E-03
-3.04E-03
-3.04E-03
0.00E+00
-3.04E-03
-3.04E-03
-3.04E-03
-3.04E-03
-3.04E-03
-3.04E-03
-3.04E-03
-6.09E-03
-6.09E-03
-3.04E-03
-3.04E-03
-3.04E-03
-3.04E-03
-3.04E-03
-3.04E-03
-3.04E-03
0.00E+00
-3.04E-03
-3.04E-03
-3.04E-03
-3.04E-03
-3.04E-03
0.00E+00
0.00E+00
0.00E+00
0.00E+00
0.00E+00
0.00E+00
-3.04E-03
-3.04E-03
0.00E+00
-3.04E-03
-6.09E-03
-6.09E-03
-9.13E-03
-9.13E-03
-9.13E-03
-9.13E-03
-6.09E-03
-6.09E-03
-6.09E-03
-6.09E-03
-3.04E-03
-6.09E-03
-6.09E-03
-6.09E-03
-6.09E-03
-6.09E-03
-3.04E-03
-3.04E-03
-3.04E-03
-6.09E-03
-6.09E-03
-3.04E-03
0.00E+00
0.00E+00
0.00E+00
0.00E+00
3.04E-03
3.04E-03
3.04E-03
3.04E-03
0.00E+00
0.00E+00
3.04E-03
6.09E-03
3.04E-03
0.00E+00
0.00E+00
0.00E+00
0.00E+00
0.00E+00
3.04E-03
0.00E+00
-3.04E-03
-6.09E-03
-1.22E-02
-2.13E-02
-3.35E-02
-4.87E-02
-5.48E-02
-5.18E-02
-3.04E-02
1.52E-02
7.92E-02
1.61E-01
2.47E-01
3.17E-01
3.56E-01
3.59E-01
3.11E-01
1.98E-01
2.13E-02
-2.04E-01
-4.51E-01
-6.91E-01
-8.95E-01
-1.03E+00
-1.05E+00
-9.53E-01
-7.25E-01
-3.78E-01
6.09E-02
5.36E-01
9.99E-01
1.39E+00
1.65E+00
1.75E+00
1.66E+00
1.40E+00
9.86E-01
4.63E-01
-1.22E-01
-7.09E-01
-1.24E+00
-1.66E+00
-1.93E+00
-2.00E+00
-1.84E+00
-1.47E+00
-9.16E-01
-2.34E-01
4.84E-01
1.15E+00
1.67E+00
1.96E+00
1.98E+00
1.72E+00
1.22E+00
5.60E-01
-1.74E-01
-8.74E-01
-1.44E+00
-1.78E+00
-1.87E+00
-1.69E+00
-1.28E+00
-7.00E-01
-2.74E-02
6.30E-01
1.19E+00
1.57E+00
1.73E+00
1.66E+00
1.36E+00
9.04E-01
3.41E-01
-2.41E-01
-7.64E-01
-1.17E+00
-1.41E+00
-1.46E+00
-1.34E+00
-1.07E+00
-6.82E-01
-2.37E-01
2.16E-01
6.27E-01
9.50E-01
1.15E+00
1.22E+00
1.15E+00
9.50E-01
6.52E-01
2.92E-01
-7.92E-02
-4.23E-01
-6.97E-01
-8.62E-01
-9.01E-01
-8.22E-01
-6.33E-01
-3.74E-01
-8.22E-02
2.01E-01
4.29E-01
5.75E-01
6.21E-01
5.60E-01
4.11E-01
2.13E-01
-9.13E-03
-2.13E-01
-3.68E-01
-4.45E-01
-4.45E-01
-3.81E-01
-2.56E-01
-1.10E-01
3.65E-02
1.64E-01
2.62E-01
3.17E-01
3.38E-01
3.29E-01
2.80E-01
1.95E-01
7.00E-02
-8.52E-02
-2.71E-01
-4.63E-01
-6.33E-01
-7.49E-01
-7.67E-01
-6.67E-01
-4.45E-01
-1.13E-01
2.92E-01
7.06E-01
1.06E+00
1.28E+00
1.34E+00
1.20E+00
8.86E-01
4.41E-01
-7.00E-02
-5.63E-01
-9.68E-01
-1.23E+00
-1.32E+00
-1.26E+00
-1.04E+00
-7.03E-01
-3.07E-01
1.04E-01
4.84E-01
7.85E-01
9.83E-01
1.06E+00
1.00E+00
8.37E-01
5.85E-01
2.86E-01
-1.52E-02
-2.92E-01
-5.05E-01
-6.36E-01
-7.00E-01
-7.00E-01
-6.61E-01
-6.00E-01
-5.24E-01
-4.35E-01
-3.14E-01
-1.37E-01
1.00E-01
3.90E-01
6.97E-01
9.80E-01
1.18E+00
1.23E+00
1.10E+00
7.89E-01
3.20E-01
-2.31E-01
-7.73E-01
-1.21E+00
-1.46E+00
-1.48E+00
-1.26E+00
-8.56E-01
-3.26E-01
2.34E-01
7.34E-01
1.11E+00
1.31E+00
1.34E+00
1.20E+00
9.29E-01
5.66E-01
1.58E-01
-2.62E-01
-6.58E-01
-9.99E-01
-1.24E+00
-1.35E+00
-1.31E+00
-1.10E+00
-7.43E-01
-2.71E-01
2.62E-01
7.79E-01
1.19E+00
1.44E+00
1.47E+00
1.28E+00
8.86E-01
3.65E-01
-2.01E-01
-7.09E-01
-1.08E+00
-1.25E+00
-1.20E+00
-9.59E-01
-5.75E-01
-1.25E-01
2.98E-01
6.24E-01
8.07E-01
8.25E-01
6.94E-01
4.54E-01
1.52E-01
-1.49E-01
-4.05E-01
-5.82E-01
-6.61E-01
-6.33E-01
-5.08E-01
-3.01E-01
-4.87E-02
2.16E-01
4.66E-01
6.70E-01
7.92E-01
8.28E-01
7.76E-01
6.39E-01
4.32E-01
1.83E-01
-8.52E-02
-3.38E-01
-5.60E-01
-7.31E-01
-8.31E-01
-8.49E-01
-7.89E-01
-6.42E-01
-4.23E-01
-1.58E-01
1.31E-01
4.11E-01
6.39E-01
7.89E-01
8.28E-01
7.61E-01
5.88E-01
3.32E-01
4.26E-02
-2.50E-01
-5.05E-01
-6.94E-01
-8.07E-01
-8.40E-01
-8.04E-01
-7.03E-01
-5.45E-01
-3.32E-01
-7.31E-02
2.19E-01
5.39E-01
8.52E-01
1.10E+00
1.26E+00
1.28E+00
1.14E+00
8.46E-01
4.29E-01
-4.87E-02
-5.21E-01
-9.16E-01
-1.18E+00
-1.27E+00
-1.21E+00
-1.02E+00
-7.34E-01
-3.96E-01
-4.57E-02
2.83E-01
5.82E-01
8.34E-01
1.02E+00
1.11E+00
1.10E+00
9.59E-01
6.76E-01
2.71E-01
-2.07E-01
-6.91E-01
-1.10E+00
-1.36E+00
-1.41E+00
-1.24E+00
-8.71E-01
-3.50E-01
2.19E-01
7.37E-01
1.12E+00
1.31E+00
1.30E+00
1.10E+00
7.73E-01
3.71E-01
-3.96E-02
-4.02E-01
-6.85E-01
-8.74E-01
-9.71E-01
-9.83E-01
-9.19E-01
-7.98E-01
-6.06E-01
-3.65E-01
-8.83E-02
2.16E-01
5.21E-01
7.89E-01
9.83E-01
1.08E+00
1.06E+00
9.13E-01
6.61E-01
3.35E-01
-2.44E-02
-3.68E-01
-6.52E-01
-8.34E-01
-8.95E-01
-8.31E-01
-6.55E-01
-4.08E-01
-1.40E-01
1.13E-01
3.04E-01
4.11E-01
4.32E-01
3.81E-01
2.80E-01
1.52E-01
3.04E-02
-5.18E-02
-9.13E-02
-8.83E-02
-5.48E-02
3.04E-03
6.39E-02
1.10E-01
1.25E-01
1.07E-01
5.48E-02
-1.83E-02
-1.00E-01
-1.83E-01
-2.47E-01
-2.83E-01
-2.74E-01
-2.28E-01
-1.46E-01
-3.65E-02
8.22E-02
1.98E-01
2.86E-01
3.26E-01
3.14E-01
2.53E-01
1.40E-01
0.00E+00
-1.37E-01
-2.53E-01
-3.11E-01
-2.98E-01
-2.13E-01
-6.39E-02
1.28E-01
3.26E-01
4.87E-01
5.85E-01
5.88E-01
4.90E-01
3.07E-01
6.39E-02
-2.13E-01
-4.75E-01
-6.88E-01
-8.25E-01
-8.71E-01
-8.22E-01
-6.85E-01
-4.81E-01
-2.19E-01
7.31E-02
3.50E-01
5.97E-01
7.82E-01
8.74E-01
8.62E-01
7.37E-01
5.15E-01
2.22E-01
-9.13E-02
-3.74E-01
-5.82E-01
-6.79E-01
-6.39E-01
-4.84E-01
-2.44E-01
3.04E-02
2.74E-01
4.41E-01
4.99E-01
4.48E-01
3.17E-01
1.37E-01
-4.87E-02
-1.98E-01
-2.92E-01
-3.23E-01
-2.95E-01
-2.41E-01
-1.80E-01
-1.28E-01
-8.52E-02
-4.87E-02
0.00E+00
7.31E-02
1.74E-01
2.86E-01
3.96E-01
4.78E-01
4.96E-01
4.35E-01
2.95E-01
8.83E-02
-1.55E-01
-3.93E-01
-5.85E-01
-6.91E-01
-6.85E-01
-5.69E-01
-3.65E-01
-1.00E-01
1.80E-01
4.23E-01
5.88E-01
6.42E-01
5.72E-01
3.96E-01
1.40E-01
-1.52E-01
-4.14E-01
-6.00E-01
-6.79E-01
-6.30E-01
-4.72E-01
-2.28E-01
5.78E-02
3.17E-01
5.11E-01
6.12E-01
5.97E-01
4.78E-01
2.92E-01
7.31E-02
-1.43E-01
-3.20E-01
-4.23E-01
-4.51E-01
-4.11E-01
-3.14E-01
-1.86E-01
-4.57E-02
9.44E-02
2.22E-01
3.20E-01
3.90E-01
4.35E-01
4.51E-01
4.29E-01
3.71E-01
2.77E-01
1.34E-01
-4.26E-02
-2.28E-01
-4.02E-01
-5.39E-01
-6.15E-01
-6.12E-01
-5.27E-01
-3.78E-01
-1.83E-01
3.04E-02
2.19E-01
3.56E-01
4.29E-01
4.48E-01
4.14E-01
3.53E-01
2.80E-01
2.04E-01
1.34E-01
5.78E-02
-2.74E-02
-1.31E-01
-2.62E-01
-3.99E-01
-5.21E-01
-6.09E-01
-6.27E-01
-5.54E-01
-3.93E-01
-1.61E-01
1.13E-01
3.90E-01
6.15E-01
7.58E-01
8.01E-01
7.46E-01
6.00E-01
3.96E-01
1.58E-01
-7.92E-02
-2.98E-01
-4.72E-01
-5.88E-01
-6.58E-01
-6.67E-01
-6.09E-01
-4.96E-01
-3.26E-01
-1.13E-01
1.28E-01
3.59E-01
5.57E-01
6.97E-01
7.55E-01
7.31E-01
6.12E-01
4.20E-01
1.80E-01
-8.83E-02
-3.44E-01
-5.63E-01
-7.19E-01
-7.82E-01
-7.52E-01
-6.27E-01
-4.20E-01
-1.61E-01
1.19E-01
3.81E-01
5.82E-01
6.91E-01
6.94E-01
5.94E-01
4.14E-01
1.83E-01
-5.18E-02
-2.56E-01
-4.02E-01
-4.69E-01
-4.69E-01
-4.20E-01
-3.26E-01
-2.04E-01
-9.13E-02
1.52E-02
1.10E-01
1.98E-01
2.68E-01
3.14E-01
3.44E-01
3.47E-01
3.20E-01
2.59E-01
1.70E-01
6.39E-02
-4.26E-02
-1.34E-01
-2.07E-01
-2.50E-01
-2.71E-01
-2.77E-01
-2.74E-01
-2.62E-01
-2.37E-01
-1.92E-01
-1.22E-01
-2.44E-02
1.13E-01
2.65E-01
4.11E-01
5.30E-01
5.85E-01
5.51E-01
4.23E-01
2.22E-01
-2.74E-02
-2.95E-01
-5.27E-01
-6.85E-01
-7.49E-01
-7.22E-01
-6.09E-01
-4.45E-01
-2.47E-01
-4.87E-02
1.34E-01
2.89E-01
4.08E-01
5.05E-01
5.72E-01
6.03E-01
5.82E-01
5.02E-01
3.71E-01
1.89E-01
-3.35E-02
-2.62E-01
-4.57E-01
-5.82E-01
-6.18E-01
-5.48E-01
-3.90E-01
-1.67E-01
7.92E-02
3.01E-01
4.69E-01
5.66E-01
5.72E-01
4.96E-01
3.68E-01
2.04E-01
1.52E-02
-1.74E-01
-3.50E-01
-5.08E-01
-6.21E-01
-6.88E-01
-6.85E-01
-6.00E-01
-4.29E-01
-1.77E-01
1.43E-01
4.81E-01
7.82E-01
9.96E-01
1.08E+00
9.99E-01
7.70E-01
4.20E-01
-3.04E-03
-4.23E-01
-7.76E-01
-1.01E+00
-1.10E+00
-1.04E+00
-8.52E-01
-5.78E-01
-2.65E-01
4.57E-02
3.01E-01
4.90E-01
6.12E-01
6.58E-01
6.33E-01
5.54E-01
4.26E-01
2.65E-01
7.92E-02
-1.22E-01
-3.20E-01
-4.81E-01
-5.82E-01
-6.03E-01
-5.24E-01
-3.50E-01
-1.00E-01
1.95E-01
4.90E-01
7.25E-01
8.59E-01
8.65E-01
7.34E-01
4.84E-01
1.55E-01
-2.04E-01
-5.30E-01
-7.73E-01
-8.98E-01
-8.92E-01
-7.58E-01
-5.27E-01
-2.28E-01
9.44E-02
3.84E-01
6.00E-01
7.15E-01
7.25E-01
6.42E-01
4.72E-01
2.59E-01
3.96E-02
-1.61E-01
-3.29E-01
-4.38E-01
-4.81E-01
-4.78E-01
-4.32E-01
-3.47E-01
-2.28E-01
-1.07E-01
2.13E-02
1.49E-01
2.56E-01
3.26E-01
3.50E-01
3.38E-01
2.80E-01
1.83E-01
6.39E-02
-4.87E-02
-1.31E-01
-1.77E-01
-1.83E-01
-1.55E-01
-1.10E-01
-6.39E-02
-3.96E-02
-3.96E-02
-6.39E-02
-1.00E-01
-1.31E-01
-1.34E-01
-9.74E-02
-1.83E-02
9.44E-02
2.22E-01
3.26E-01
3.87E-01
3.87E-01
3.26E-01
2.07E-01
3.96E-02
-1.28E-01
-2.68E-01
-3.65E-01
-3.96E-01
-3.62E-01
-2.74E-01
-1.58E-01
-3.65E-02
7.61E-02
1.55E-01
2.01E-01
2.10E-01
1.92E-01
1.55E-01
1.10E-01
5.18E-02
-3.04E-03
-4.87E-02
-8.22E-02
-1.13E-01
-1.28E-01
-1.25E-01
-1.00E-01
-6.39E-02
-1.83E-02
2.74E-02
6.09E-02
8.22E-02
7.92E-02
6.39E-02
3.96E-02
1.83E-02
9.13E-03
9.13E-03
2.13E-02
3.04E-02
2.44E-02
0.00E+00
-4.26E-02
-9.74E-02
-1.49E-01
-1.74E-01
-1.55E-01
-8.52E-02
3.35E-02
1.83E-01
3.17E-01
4.05E-01
4.20E-01
3.47E-01
1.92E-01
-2.44E-02
-2.53E-01
-4.41E-01
-5.57E-01
-5.78E-01
-5.02E-01
-3.47E-01
-1.43E-01
6.09E-02
2.41E-01
3.56E-01
4.02E-01
3.84E-01
3.14E-01
2.10E-01
8.52E-02
-3.04E-02
-1.28E-01
-1.95E-01
-2.28E-01
-2.22E-01
-1.86E-01
-1.22E-01
-4.26E-02
3.96E-02
1.16E-01
1.74E-01
2.07E-01
2.10E-01
1.83E-01
1.31E-01
6.39E-02
-3.04E-03
-6.09E-02
-9.74E-02
-1.19E-01
-1.22E-01
-1.10E-01
-8.22E-02
-4.87E-02
-6.09E-03
3.96E-02
8.52E-02
1.22E-01
1.46E-01
1.49E-01
1.28E-01
7.92E-02
9.13E-03
-6.39E-02
-1.28E-01
-1.67E-01
-1.70E-01
-1.40E-01
-8.52E-02
-1.83E-02
3.35E-02
4.87E-02
1.83E-02
-5.18E-02
-1.46E-01
-2.34E-01
-2.83E-01
-2.68E-01
-1.77E-01
-2.13E-02
1.61E-01
3.38E-01
4.63E-01
5.18E-01
4.84E-01
3.74E-01
2.19E-01
3.96E-02
-1.25E-01
-2.44E-01
-3.14E-01
-3.32E-01
-3.07E-01
-2.65E-01
-2.10E-01
-1.58E-01
-1.13E-01
-7.00E-02
-2.13E-02
4.26E-02
1.16E-01
1.89E-01
2.53E-01
2.86E-01
2.83E-01
2.37E-01
1.55E-01
3.96E-02
-8.22E-02
-1.98E-01
-2.86E-01
-3.32E-01
-3.14E-01
-2.37E-01
-1.19E-01
3.35E-02
1.95E-01
3.29E-01
4.14E-01
4.41E-01
3.96E-01
2.83E-01
1.13E-01
-9.13E-02
-2.95E-01
-4.63E-01
-5.60E-01
-5.78E-01
-5.11E-01
-3.65E-01
-1.67E-01
5.18E-02
2.56E-01
4.20E-01
5.18E-01
5.36E-01
4.81E-01
3.68E-01
2.16E-01
3.96E-02
-1.25E-01
-2.62E-01
-3.62E-01
-4.14E-01
-4.20E-01
-3.81E-01
-3.01E-01
-1.98E-01
-8.83E-02
3.35E-02
1.55E-01
2.59E-01
3.35E-01
3.78E-01
3.84E-01
3.44E-01
2.59E-01
1.28E-01
-2.74E-02
-1.80E-01
-3.11E-01
-3.99E-01
-4.26E-01
-3.81E-01
-2.65E-01
-1.10E-01
6.09E-02
2.22E-01
3.38E-01
4.05E-01
4.14E-01
3.74E-01
2.95E-01
1.92E-01
7.00E-02
-5.18E-02
-1.64E-01
-2.65E-01
-3.50E-01
-4.05E-01
-4.20E-01
-3.87E-01
-3.01E-01
-1.77E-01
-3.04E-02
1.25E-01
2.62E-01
3.50E-01
3.90E-01
3.78E-01
3.26E-01
2.41E-01
1.43E-01
4.57E-02
-4.26E-02
-1.22E-01
-2.04E-01
-2.80E-01
-3.53E-01
-4.08E-01
-4.23E-01
-3.87E-01
-2.92E-01
-1.43E-01
4.57E-02
2.47E-01
4.32E-01
5.72E-01
6.36E-01
6.09E-01
4.93E-01
3.20E-01
1.13E-01
-1.00E-01
-2.92E-01
-4.41E-01
-5.33E-01
-5.72E-01
-5.60E-01
-4.99E-01
-4.05E-01
-2.65E-01
-9.44E-02
9.44E-02
2.89E-01
4.57E-01
5.85E-01
6.42E-01
6.00E-01
4.63E-01
2.47E-01
-1.52E-02
-2.92E-01
-5.33E-01
-6.82E-01
-7.25E-01
-6.39E-01
-4.38E-01
-1.55E-01
1.70E-01
4.81E-01
7.19E-01
8.49E-01
8.52E-01
7.28E-01
4.96E-01
1.98E-01
-1.10E-01
-3.90E-01
-6.03E-01
-7.15E-01
-7.25E-01
-6.36E-01
-4.84E-01
-2.86E-01
-7.92E-02
1.07E-01
2.59E-01
3.62E-01
4.17E-01
4.35E-01
4.11E-01
3.59E-01
2.86E-01
1.89E-01
6.39E-02
-7.31E-02
-2.19E-01
-3.59E-01
-4.60E-01
-5.05E-01
-4.87E-01
-3.96E-01
-2.34E-01
-2.74E-02
1.92E-01
3.78E-01
4.99E-01
5.39E-01
4.75E-01
3.26E-01
1.22E-01
-9.74E-02
-2.89E-01
-4.14E-01
-4.48E-01
-3.99E-01
-2.77E-01
-1.22E-01
3.65E-02
1.70E-01
2.56E-01
2.86E-01
2.68E-01
2.22E-01
1.61E-01
9.44E-02
3.35E-02
-3.04E-02
-1.04E-01
-1.80E-01
-2.56E-01
-3.17E-01
-3.41E-01
-3.04E-01
-2.07E-01
-5.78E-02
1.34E-01
3.20E-01
4.63E-01
5.42E-01
5.33E-01
4.32E-01
2.65E-01
7.61E-02
-1.07E-01
-2.47E-01
-3.26E-01
-3.50E-01
-3.26E-01
-2.77E-01
-2.28E-01
-1.95E-01
-1.74E-01
-1.58E-01
-1.28E-01
-7.00E-02
2.13E-02
1.40E-01
2.59E-01
3.50E-01
3.90E-01
3.74E-01
3.07E-01
1.98E-01
6.09E-02
-7.00E-02
-1.64E-01
-2.22E-01
-2.44E-01
-2.37E-01
-2.19E-01
-2.04E-01
-1.98E-01
-1.95E-01
-1.80E-01
-1.37E-01
-6.39E-02
5.18E-02
1.92E-01
3.26E-01
4.32E-01
4.90E-01
4.69E-01
3.74E-01
2.16E-01
1.52E-02
-1.95E-01
-3.71E-01
-4.87E-01
-5.24E-01
-4.81E-01
-3.65E-01
-1.95E-01
-3.04E-03
1.86E-01
3.35E-01
4.23E-01
4.51E-01
4.08E-01
3.07E-01
1.61E-01
-9.13E-03
-1.74E-01
-3.11E-01
-3.99E-01
-4.32E-01
-3.99E-01
-3.07E-01
-1.80E-01
-3.35E-02
1.10E-01
2.31E-01
3.11E-01
3.38E-01
3.20E-01
2.62E-01
1.74E-01
6.39E-02
-3.65E-02
-1.16E-01
-1.64E-01
-1.80E-01
-1.64E-01
-1.28E-01
-7.31E-02
-9.13E-03
5.78E-02
1.13E-01
1.43E-01
1.49E-01
1.34E-01
9.13E-02
2.74E-02
-4.26E-02
-1.13E-01
-1.67E-01
-1.95E-01
-1.83E-01
-1.31E-01
-5.48E-02
3.65E-02
1.16E-01
1.67E-01
1.77E-01
1.40E-01
7.31E-02
-1.22E-02
-8.83E-02
-1.37E-01
-1.55E-01
-1.40E-01
-1.04E-01
-5.78E-02
-2.13E-02
-3.04E-03
-9.13E-03
-2.44E-02
-3.35E-02
-3.04E-02
3.04E-03
6.39E-02
1.40E-01
2.16E-01
2.68E-01
2.83E-01
2.53E-01
1.80E-01
7.31E-02
-4.26E-02
-1.43E-01
-2.22E-01
-2.68E-01
-2.86E-01
-2.74E-01
-2.44E-01
-1.92E-01
-1.25E-01
-3.96E-02
6.39E-02
1.80E-01
2.86E-01
3.74E-01
4.23E-01
4.20E-01
3.53E-01
2.22E-01
4.57E-02
-1.49E-01
-3.29E-01
-4.60E-01
-5.24E-01
-5.18E-01
-4.45E-01
-3.20E-01
-1.61E-01
-6.09E-03
1.34E-01
2.47E-01
3.23E-01
3.71E-01
3.93E-01
3.93E-01
3.71E-01
3.20E-01
2.37E-01
1.16E-01
-2.74E-02
-1.80E-01
-3.29E-01
-4.45E-01
-5.08E-01
-5.11E-01
-4.48E-01
-3.26E-01
-1.61E-01
2.44E-02
2.04E-01
3.44E-01
4.41E-01
4.78E-01
4.51E-01
3.65E-01
2.31E-01
6.70E-02
-1.10E-01
-2.74E-01
-3.99E-01
-4.69E-01
-4.78E-01
-4.20E-01
-2.98E-01
-1.28E-01
6.70E-02
2.59E-01
4.17E-01
5.27E-01
5.66E-01
5.36E-01
4.38E-01
2.89E-01
1.04E-01
-9.74E-02
-2.92E-01
-4.63E-01
-5.85E-01
-6.52E-01
-6.42E-01
-5.54E-01
-3.93E-01
-1.74E-01
8.52E-02
3.50E-01
5.78E-01
7.34E-01
7.85E-01
7.22E-01
5.39E-01
2.74E-01
-3.35E-02
-3.35E-01
-5.75E-01
-7.09E-01
-7.22E-01
-6.12E-01
-4.08E-01
-1.55E-01
1.04E-01
3.17E-01
4.54E-01
5.05E-01
4.72E-01
3.71E-01
2.31E-01
7.61E-02
-6.09E-02
-1.74E-01
-2.47E-01
-2.80E-01
-2.77E-01
-2.37E-01
-1.70E-01
-8.22E-02
2.13E-02
1.31E-01
2.31E-01
3.01E-01
3.32E-01
3.17E-01
2.53E-01
1.40E-01
6.09E-03
-1.37E-01
-2.68E-01
-3.65E-01
-4.20E-01
-4.23E-01
-3.81E-01
-3.04E-01
-2.04E-01
-9.44E-02
2.44E-02
1.43E-01
2.53E-01
3.44E-01
4.11E-01
4.45E-01
4.38E-01
3.84E-01
2.89E-01
1.58E-01
0.00E+00
-1.55E-01
-2.92E-01
-3.93E-01
-4.45E-01
-4.48E-01
-3.99E-01
-3.07E-01
-1.89E-01
-5.18E-02
9.44E-02
2.37E-01
3.65E-01
4.57E-01
4.99E-01
4.81E-01
3.96E-01
2.53E-01
5.78E-02
-1.55E-01
-3.59E-01
-5.24E-01
-6.12E-01
-6.12E-01
-5.18E-01
-3.44E-01
-1.22E-01
1.16E-01
3.26E-01
4.75E-01
5.54E-01
5.48E-01
4.69E-01
3.35E-01
1.70E-01
-3.04E-03
-1.67E-01
-3.01E-01
-3.96E-01
-4.41E-01
-4.41E-01
-3.93E-01
-2.95E-01
-1.64E-01
-1.22E-02
1.40E-01
2.74E-01
3.65E-01
4.08E-01
3.96E-01
3.32E-01
2.31E-01
1.07E-01
-1.83E-02
-1.22E-01
-1.95E-01
-2.37E-01
-2.44E-01
-2.19E-01
-1.74E-01
-1.16E-01
-4.57E-02
3.04E-02
1.10E-01
1.80E-01
2.34E-01
2.59E-01
2.47E-01
1.86E-01
8.22E-02
-4.26E-02
-1.80E-01
-3.04E-01
-3.87E-01
-4.02E-01
-3.41E-01
-2.13E-01
-4.57E-02
1.40E-01
3.01E-01
4.08E-01
4.41E-01
3.96E-01
2.86E-01
1.25E-01
-6.09E-02
-2.37E-01
-3.81E-01
-4.66E-01
-4.90E-01
-4.63E-01
-3.81E-01
-2.37E-01
-5.78E-02
1.37E-01
3.29E-01
5.02E-01
6.30E-01
6.85E-01
6.58E-01
5.33E-01
3.29E-01
7.31E-02
-2.04E-01
-4.54E-01
-6.42E-01
-7.40E-01
-7.34E-01
-6.30E-01
-4.51E-01
-2.22E-01
2.13E-02
2.44E-01
4.20E-01
5.45E-01
6.00E-01
5.88E-01
5.11E-01
3.90E-01
2.31E-01
4.57E-02
-1.49E-01
-3.38E-01
-4.87E-01
-5.85E-01
-6.21E-01
-5.78E-01
-4.60E-01
-2.74E-01
-5.18E-02
1.80E-01
3.90E-01
5.45E-01
6.33E-01
6.39E-01
5.63E-01
4.23E-01
2.37E-01
3.04E-02
-1.77E-01
-3.65E-01
-5.15E-01
-6.09E-01
-6.39E-01
-6.00E-01
-4.96E-01
-3.32E-01
-1.16E-01
1.25E-01
3.65E-01
5.69E-01
7.12E-01
7.64E-01
7.25E-01
5.85E-01
3.68E-01
1.00E-01
-1.83E-01
-4.32E-01
-6.21E-01
-7.25E-01
-7.28E-01
-6.33E-01
-4.63E-01
-2.41E-01
9.13E-03
2.47E-01
4.45E-01
5.94E-01
6.73E-01
6.70E-01
5.91E-01
4.41E-01
2.50E-01
2.74E-02
-2.01E-01
-3.99E-01
-5.51E-01
-6.30E-01
-6.27E-01
-5.45E-01
-4.02E-01
-2.19E-01
-1.83E-02
1.64E-01
3.07E-01
3.99E-01
4.38E-01
4.14E-01
3.44E-01
2.41E-01
1.10E-01
-3.04E-02
-1.64E-01
-2.86E-01
-3.74E-01
-4.20E-01
-4.14E-01
-3.50E-01
-2.31E-01
-7.92E-02
1.04E-01
2.77E-01
4.17E-01
5.05E-01
5.11E-01
4.35E-01
2.86E-01
9.13E-02
-1.13E-01
-2.98E-01
-4.23E-01
-4.72E-01
-4.48E-01
-3.47E-01
-1.89E-01
-1.22E-02
1.58E-01
2.92E-01
3.78E-01
4.05E-01
3.74E-01
2.95E-01
1.89E-01
5.78E-02
-6.70E-02
-1.70E-01
-2.44E-01
-2.80E-01
-2.80E-01
-2.50E-01
-2.01E-01
-1.37E-01
-6.70E-02
6.09E-03
8.52E-02
1.58E-01
2.22E-01
2.71E-01
2.92E-01
2.80E-01
2.28E-01
1.34E-01
9.13E-03
-1.31E-01
-2.74E-01
-3.87E-01
-4.45E-01
-4.38E-01
-3.62E-01
-2.22E-01
-4.87E-02
1.37E-01
2.98E-01
4.08E-01
4.51E-01
4.17E-01
3.14E-01
1.61E-01
-1.52E-02
-1.83E-01
-3.14E-01
-3.93E-01
-4.08E-01
-3.59E-01
-2.62E-01
-1.40E-01
-1.22E-02
1.10E-01
2.13E-01
2.86E-01
3.23E-01
3.35E-01
3.17E-01
2.68E-01
1.92E-01
8.83E-02
-2.74E-02
-1.46E-01
-2.50E-01
-3.26E-01
-3.56E-01
-3.26E-01
-2.41E-01
-1.19E-01
3.04E-02
1.80E-01
2.92E-01
3.53E-01
3.56E-01
3.04E-01
2.01E-01
6.70E-02
-7.61E-02
-2.10E-01
-3.11E-01
-3.71E-01
-3.78E-01
-3.26E-01
-2.28E-01
-9.74E-02
5.48E-02
2.16E-01
3.50E-01
4.48E-01
4.87E-01
4.57E-01
3.62E-01
2.13E-01
3.35E-02
-1.52E-01
-3.14E-01
-4.17E-01
-4.60E-01
-4.51E-01
-3.93E-01
-2.98E-01
-1.98E-01
-1.00E-01
-1.52E-02
6.70E-02
1.43E-01
2.16E-01
2.92E-01
3.56E-01
3.96E-01
4.05E-01
3.65E-01
2.68E-01
1.13E-01
-7.92E-02
-2.80E-01
-4.57E-01
-5.72E-01
-6.12E-01
-5.57E-01
-4.20E-01
-2.16E-01
2.74E-02
2.56E-01
4.51E-01
5.88E-01
6.42E-01
6.03E-01
4.84E-01
3.14E-01
1.00E-01
-1.22E-01
-3.26E-01
-4.87E-01
-5.82E-01
-6.12E-01
-5.60E-01
-4.41E-01
-2.62E-01
-3.65E-02
2.04E-01
4.26E-01
6.03E-01
7.06E-01
7.19E-01
6.30E-01
4.54E-01
2.19E-01
-4.57E-02
-3.11E-01
-5.30E-01
-6.64E-01
-7.00E-01
-6.42E-01
-5.02E-01
-3.01E-01
-7.00E-02
1.52E-01
3.38E-01
4.66E-01
5.33E-01
5.27E-01
4.63E-01
3.50E-01
2.01E-01
2.74E-02
-1.43E-01
-2.92E-01
-4.02E-01
-4.54E-01
-4.54E-01
-3.96E-01
-2.86E-01
-1.49E-01
-9.13E-03
1.16E-01
2.16E-01
2.74E-01
2.89E-01
2.65E-01
2.10E-01
1.40E-01
6.09E-02
-1.83E-02
-9.13E-02
-1.52E-01
-2.01E-01
-2.25E-01
-2.19E-01
-1.80E-01
-1.19E-01
-3.35E-02
6.70E-02
1.67E-01
2.50E-01
2.98E-01
3.07E-01
2.71E-01
1.92E-01
8.83E-02
-2.74E-02
-1.40E-01
-2.37E-01
-3.01E-01
-3.26E-01
-2.95E-01
-2.16E-01
-9.74E-02
4.87E-02
2.10E-01
3.47E-01
4.45E-01
4.87E-01
4.48E-01
3.35E-01
1.52E-01
-6.39E-02
-2.86E-01
-4.78E-01
-5.97E-01
-6.27E-01
-5.63E-01
-4.17E-01
-2.07E-01
3.04E-02
2.53E-01
4.35E-01
5.57E-01
6.00E-01
5.57E-01
4.51E-01
2.95E-01
1.07E-01
-8.83E-02
-2.80E-01
-4.38E-01
-5.45E-01
-5.94E-01
-5.63E-01
-4.63E-01
-3.01E-01
-9.13E-02
1.31E-01
3.32E-01
4.84E-01
5.75E-01
5.82E-01
5.05E-01
3.74E-01
2.04E-01
1.83E-02
-1.55E-01
-2.98E-01
-3.96E-01
-4.45E-01
-4.48E-01
-4.20E-01
-3.56E-01
-2.53E-01
-1.28E-01
1.83E-02
1.74E-01
3.20E-01
4.41E-01
5.21E-01
5.33E-01
4.72E-01
3.41E-01
1.58E-01
-5.18E-02
-2.56E-01
-4.20E-01
-5.18E-01
-5.33E-01
-4.75E-01
-3.50E-01
-1.80E-01
-3.04E-03
1.64E-01
2.95E-01
3.78E-01
4.17E-01
4.11E-01
3.68E-01
2.98E-01
1.98E-01
7.61E-02
-5.78E-02
-1.95E-01
-3.38E-01
-4.57E-01
-5.33E-01
-5.60E-01
-5.24E-01
-4.20E-01
-2.50E-01
-3.35E-02
1.95E-01
4.08E-01
5.82E-01
6.91E-01
7.15E-01
6.61E-01
5.27E-01
3.41E-01
1.28E-01
-9.13E-02
-2.95E-01
-4.66E-01
-5.78E-01
-6.33E-01
-6.21E-01
-5.45E-01
-4.14E-01
-2.37E-01
-3.04E-02
1.80E-01
3.65E-01
4.96E-01
5.66E-01
5.60E-01
4.75E-01
3.32E-01
1.49E-01
-5.18E-02
-2.41E-01
-3.93E-01
-4.87E-01
-5.15E-01
-4.81E-01
-3.90E-01
-2.44E-01
-6.39E-02
1.31E-01
3.14E-01
4.60E-01
5.57E-01
5.75E-01
5.18E-01
3.84E-01
1.92E-01
-3.04E-02
-2.50E-01
-4.29E-01
-5.48E-01
-5.88E-01
-5.39E-01
-4.20E-01
-2.53E-01
-5.48E-02
1.43E-01
3.11E-01
4.29E-01
4.99E-01
5.05E-01
4.45E-01
3.41E-01
0.00E+00
0.00E+00
0.00E+00
0.00E+00
[ENDDATA]
