[FILEINFO]
File: D:\CMC thesis\AE software\N720\Vallen data\S28.tra
SampleRate[Hz]: 10000000
SetsOnFile: 4
Samples: 2048
[SETINFO]
Set: 4
Index: 4
Time:   2 11:25:52 907.3209
Channel: 2
PreTriggerSamples: 100
Data: Amplitude [mV]
[DATA]
9.13E-03
6.09E-03
6.09E-03
6.09E-03
3.04E-03
3.04E-03
0.00E+00
0.00E+00
-3.04E-03
-3.04E-03
-3.04E-03
-3.04E-03
-3.04E-03
0.00E+00
0.00E+00
-3.04E-03
-3.04E-03
-3.04E-03
-3.04E-03
-3.04E-03
-3.04E-03
-3.04E-03
-3.04E-03
-3.04E-03
0.00E+00
0.00E+00
3.04E-03
0.00E+00
0.00E+00
0.00E+00
0.00E+00
-3.04E-03
-3.04E-03
0.00E+00
-3.04E-03
-3.04E-03
0.00E+00
0.00E+00
0.00E+00
0.00E+00
0.00E+00
0.00E+00
-3.04E-03
-3.04E-03
0.00E+00
0.00E+00
0.00E+00
0.00E+00
-3.04E-03
-3.04E-03
-3.04E-03
-3.04E-03
-3.04E-03
-3.04E-03
-3.04E-03
0.00E+00
3.04E-03
3.04E-03
3.04E-03
3.04E-03
3.04E-03
3.04E-03
3.04E-03
0.00E+00
0.00E+00
-3.04E-03
-3.04E-03
-3.04E-03
-3.04E-03
0.00E+00
0.00E+00
0.00E+00
-3.04E-03
-3.04E-03
-3.04E-03
-6.09E-03
-6.09E-03
-6.09E-03
-6.09E-03
-3.04E-03
-3.04E-03
-3.04E-03
-3.04E-03
-3.04E-03
0.00E+00
0.00E+00
3.04E-03
3.04E-03
6.09E-03
6.09E-03
6.09E-03
3.04E-03
0.00E+00
-3.04E-03
-6.09E-03
-1.22E-02
-9.13E-03
0.00E+00
1.52E-02
4.57E-02
8.83E-02
1.40E-01
1.86E-01
2.19E-01
2.13E-01
1.58E-01
5.18E-02
-1.10E-01
-3.17E-01
-5.39E-01
-7.46E-01
-9.16E-01
-1.01E+00
-1.02E+00
-9.10E-01
-6.85E-01
-3.38E-01
1.19E-01
6.82E-01
1.32E+00
1.99E+00
2.63E+00
3.14E+00
3.43E+00
3.39E+00
2.92E+00
2.00E+00
6.82E-01
-8.77E-01
-2.63E+00
-4.41E+00
-5.89E+00
-6.87E+00
-7.21E+00
-6.84E+00
-5.75E+00
-3.99E+00
-1.68E+00
9.01E-01
3.48E+00
5.80E+00
7.57E+00
8.65E+00
8.84E+00
8.16E+00
6.65E+00
4.43E+00
1.75E+00
-1.05E+00
-3.70E+00
-5.97E+00
-7.55E+00
-8.31E+00
-8.13E+00
-7.04E+00
-5.16E+00
-2.65E+00
9.74E-02
2.83E+00
5.24E+00
6.97E+00
7.82E+00
7.72E+00
6.72E+00
4.87E+00
2.39E+00
-3.17E-01
-3.02E+00
-5.43E+00
-7.16E+00
-8.11E+00
-8.13E+00
-7.26E+00
-5.60E+00
-3.26E+00
-6.33E-01
1.97E+00
4.41E+00
6.24E+00
7.23E+00
7.45E+00
6.82E+00
5.50E+00
3.65E+00
1.46E+00
-6.09E-01
-2.41E+00
-3.90E+00
-4.82E+00
-5.11E+00
-4.80E+00
-3.92E+00
-2.68E+00
-1.24E+00
1.46E-01
1.34E+00
2.31E+00
2.85E+00
2.83E+00
2.29E+00
1.36E+00
3.17E-01
-7.79E-01
-1.83E+00
-2.56E+00
-2.83E+00
-2.56E+00
-1.83E+00
-7.06E-01
5.85E-01
1.90E+00
3.04E+00
3.78E+00
3.99E+00
3.58E+00
2.61E+00
1.22E+00
-3.17E-01
-1.90E+00
-3.36E+00
-4.41E+00
-4.94E+00
-4.87E+00
-4.14E+00
-2.85E+00
-1.17E+00
6.58E-01
2.46E+00
4.14E+00
5.33E+00
5.85E+00
5.68E+00
4.80E+00
3.29E+00
1.34E+00
-7.31E-01
-2.80E+00
-4.68E+00
-6.02E+00
-6.72E+00
-6.70E+00
-5.92E+00
-4.46E+00
-2.36E+00
2.44E-02
2.51E+00
4.87E+00
6.75E+00
7.87E+00
8.06E+00
7.33E+00
5.75E+00
3.39E+00
5.85E-01
-2.31E+00
-5.07E+00
-7.19E+00
-8.50E+00
-8.84E+00
-8.09E+00
-6.41E+00
-4.02E+00
-1.22E+00
1.68E+00
4.36E+00
6.38E+00
7.55E+00
7.84E+00
7.14E+00
5.63E+00
3.51E+00
1.05E+00
-1.46E+00
-3.70E+00
-5.36E+00
-6.28E+00
-6.38E+00
-5.65E+00
-4.14E+00
-2.07E+00
1.46E-01
2.29E+00
4.24E+00
5.50E+00
5.92E+00
5.53E+00
4.26E+00
2.27E+00
-2.44E-02
-2.36E+00
-4.58E+00
-6.26E+00
-7.14E+00
-7.11E+00
-6.16E+00
-4.34E+00
-1.78E+00
1.14E+00
4.09E+00
6.67E+00
8.55E+00
9.52E+00
9.40E+00
8.13E+00
5.89E+00
2.85E+00
-6.09E-01
-3.99E+00
-6.92E+00
-9.13E+00
-1.05E+01
-1.05E+01
-9.35E+00
-7.26E+00
-4.38E+00
-1.07E+00
2.34E+00
5.43E+00
7.87E+00
9.38E+00
9.72E+00
8.99E+00
7.26E+00
4.65E+00
1.58E+00
-1.56E+00
-4.43E+00
-6.65E+00
-7.99E+00
-8.31E+00
-7.60E+00
-5.99E+00
-3.65E+00
-9.99E-01
1.70E+00
4.21E+00
6.04E+00
6.99E+00
7.09E+00
6.28E+00
4.63E+00
2.36E+00
-1.22E-01
-2.56E+00
-4.73E+00
-6.28E+00
-7.01E+00
-6.89E+00
-5.89E+00
-4.14E+00
-1.78E+00
7.79E-01
3.24E+00
5.36E+00
6.75E+00
7.31E+00
6.97E+00
5.82E+00
3.92E+00
1.49E+00
-1.05E+00
-3.46E+00
-5.46E+00
-6.72E+00
-7.21E+00
-6.84E+00
-5.60E+00
-3.63E+00
-1.24E+00
1.32E+00
3.75E+00
5.63E+00
6.72E+00
6.92E+00
6.24E+00
4.70E+00
2.46E+00
0.00E+00
-2.41E+00
-4.51E+00
-5.89E+00
-6.43E+00
-6.11E+00
-4.97E+00
-3.14E+00
-9.99E-01
1.22E+00
3.24E+00
4.75E+00
5.55E+00
5.58E+00
4.90E+00
3.56E+00
1.75E+00
-7.31E-02
-1.83E+00
-3.39E+00
-4.41E+00
-4.82E+00
-4.63E+00
-3.82E+00
-2.53E+00
-9.99E-01
5.60E-01
2.02E+00
3.19E+00
3.90E+00
4.04E+00
3.56E+00
2.56E+00
1.22E+00
-1.70E-01
-1.58E+00
-2.85E+00
-3.68E+00
-4.02E+00
-3.82E+00
-3.09E+00
-1.90E+00
-5.11E-01
9.50E-01
2.41E+00
3.65E+00
4.43E+00
4.65E+00
4.31E+00
3.46E+00
2.19E+00
7.31E-01
-7.79E-01
-2.29E+00
-3.53E+00
-4.36E+00
-4.73E+00
-4.55E+00
-3.82E+00
-2.63E+00
-1.19E+00
2.44E-01
1.66E+00
2.92E+00
3.78E+00
4.16E+00
3.99E+00
3.31E+00
2.19E+00
8.28E-01
-4.87E-01
-1.73E+00
-2.78E+00
-3.41E+00
-3.60E+00
-3.36E+00
-2.68E+00
-1.66E+00
-4.87E-01
7.06E-01
1.85E+00
2.75E+00
3.34E+00
3.58E+00
3.39E+00
2.78E+00
1.85E+00
6.82E-01
-5.85E-01
-1.90E+00
-3.09E+00
-3.99E+00
-4.53E+00
-4.55E+00
-3.99E+00
-2.92E+00
-1.49E+00
9.74E-02
1.75E+00
3.29E+00
4.38E+00
4.94E+00
4.90E+00
4.26E+00
3.14E+00
1.70E+00
2.68E-01
-1.10E+00
-2.34E+00
-3.17E+00
-3.58E+00
-3.60E+00
-3.29E+00
-2.68E+00
-1.85E+00
-9.50E-01
-1.46E-01
5.36E-01
1.17E+00
1.61E+00
1.80E+00
1.78E+00
1.58E+00
1.22E+00
6.82E-01
1.95E-01
-2.44E-01
-6.82E-01
-1.02E+00
-1.19E+00
-1.14E+00
-9.01E-01
-5.11E-01
-4.87E-02
4.63E-01
9.99E-01
1.44E+00
1.70E+00
1.73E+00
1.53E+00
1.12E+00
5.11E-01
-1.46E-01
-8.52E-01
-1.56E+00
-2.12E+00
-2.41E+00
-2.41E+00
-2.07E+00
-1.44E+00
-6.09E-01
2.68E-01
1.12E+00
1.92E+00
2.48E+00
2.68E+00
2.48E+00
1.88E+00
9.74E-01
0.00E+00
-1.05E+00
-2.02E+00
-2.73E+00
-3.04E+00
-2.92E+00
-2.39E+00
-1.49E+00
-4.63E-01
6.33E-01
1.75E+00
2.68E+00
3.26E+00
3.43E+00
3.19E+00
2.48E+00
1.39E+00
1.70E-01
-1.10E+00
-2.44E+00
-3.58E+00
-4.34E+00
-4.68E+00
-4.53E+00
-3.87E+00
-2.78E+00
-1.34E+00
2.19E-01
1.83E+00
3.39E+00
4.58E+00
5.31E+00
5.50E+00
5.14E+00
4.24E+00
2.90E+00
1.29E+00
-3.41E-01
-1.92E+00
-3.34E+00
-4.36E+00
-4.97E+00
-5.11E+00
-4.75E+00
-3.92E+00
-2.73E+00
-1.27E+00
2.44E-01
1.75E+00
3.19E+00
4.29E+00
4.94E+00
5.04E+00
4.55E+00
3.53E+00
2.02E+00
3.65E-01
-1.32E+00
-2.92E+00
-4.19E+00
-4.97E+00
-5.16E+00
-4.80E+00
-3.85E+00
-2.46E+00
-8.77E-01
7.79E-01
2.41E+00
3.90E+00
4.99E+00
5.55E+00
5.58E+00
5.07E+00
3.95E+00
2.36E+00
6.33E-01
-1.22E+00
-3.07E+00
-4.68E+00
-5.85E+00
-6.41E+00
-6.33E+00
-5.55E+00
-4.09E+00
-2.12E+00
7.31E-02
2.29E+00
4.36E+00
5.87E+00
6.62E+00
6.58E+00
5.75E+00
4.14E+00
1.95E+00
-3.17E-01
-2.48E+00
-4.36E+00
-5.63E+00
-6.14E+00
-5.82E+00
-4.75E+00
-3.14E+00
-1.22E+00
7.06E-01
2.46E+00
3.97E+00
4.92E+00
5.19E+00
4.80E+00
3.80E+00
2.36E+00
7.06E-01
-9.99E-01
-2.63E+00
-3.99E+00
-4.82E+00
-4.99E+00
-4.55E+00
-3.53E+00
-2.00E+00
-2.68E-01
1.49E+00
3.09E+00
4.24E+00
4.80E+00
4.70E+00
3.92E+00
2.61E+00
9.99E-01
-6.09E-01
-2.09E+00
-3.31E+00
-4.02E+00
-4.14E+00
-3.68E+00
-2.75E+00
-1.44E+00
0.00E+00
1.39E+00
2.61E+00
3.43E+00
3.78E+00
3.53E+00
2.80E+00
1.70E+00
4.38E-01
-8.52E-01
-2.09E+00
-3.00E+00
-3.43E+00
-3.41E+00
-2.90E+00
-2.00E+00
-7.79E-01
5.11E-01
1.70E+00
2.68E+00
3.24E+00
3.34E+00
2.97E+00
2.14E+00
9.99E-01
-1.95E-01
-1.39E+00
-2.53E+00
-3.34E+00
-3.68E+00
-3.60E+00
-3.12E+00
-2.24E+00
-1.05E+00
2.19E-01
1.53E+00
2.80E+00
3.82E+00
4.46E+00
4.55E+00
4.09E+00
3.07E+00
1.56E+00
-1.70E-01
-2.00E+00
-3.75E+00
-5.09E+00
-5.87E+00
-5.92E+00
-5.21E+00
-3.82E+00
-1.85E+00
3.65E-01
2.58E+00
4.63E+00
6.09E+00
6.82E+00
6.80E+00
6.02E+00
4.48E+00
2.36E+00
7.31E-02
-2.27E+00
-4.46E+00
-6.14E+00
-7.11E+00
-7.28E+00
-6.70E+00
-5.38E+00
-3.39E+00
-1.02E+00
1.46E+00
3.85E+00
5.72E+00
6.94E+00
7.43E+00
7.01E+00
5.82E+00
3.97E+00
1.58E+00
-9.50E-01
-3.34E+00
-5.36E+00
-6.72E+00
-7.26E+00
-6.94E+00
-5.82E+00
-3.99E+00
-1.61E+00
9.26E-01
3.34E+00
5.31E+00
6.48E+00
6.82E+00
6.28E+00
4.92E+00
2.87E+00
5.85E-01
-1.66E+00
-3.65E+00
-5.07E+00
-5.72E+00
-5.60E+00
-4.73E+00
-3.24E+00
-1.39E+00
4.87E-01
2.19E+00
3.58E+00
4.41E+00
4.63E+00
4.21E+00
3.22E+00
1.78E+00
2.19E-01
-1.34E+00
-2.80E+00
-3.87E+00
-4.46E+00
-4.46E+00
-3.85E+00
-2.73E+00
-1.19E+00
5.11E-01
2.22E+00
3.80E+00
4.94E+00
5.43E+00
5.24E+00
4.36E+00
2.87E+00
9.99E-01
-9.74E-01
-2.87E+00
-4.51E+00
-5.60E+00
-5.97E+00
-5.55E+00
-4.48E+00
-2.87E+00
-9.50E-01
1.05E+00
2.95E+00
4.48E+00
5.43E+00
5.72E+00
5.33E+00
4.31E+00
2.75E+00
9.26E-01
-8.77E-01
-2.61E+00
-4.09E+00
-5.04E+00
-5.41E+00
-5.16E+00
-4.31E+00
-2.97E+00
-1.27E+00
5.36E-01
2.29E+00
3.92E+00
5.07E+00
5.55E+00
5.38E+00
4.53E+00
3.09E+00
1.22E+00
-7.55E-01
-2.65E+00
-4.29E+00
-5.36E+00
-5.70E+00
-5.21E+00
-4.04E+00
-2.36E+00
-4.38E-01
1.49E+00
3.17E+00
4.36E+00
4.87E+00
4.65E+00
3.78E+00
2.36E+00
7.79E-01
-7.55E-01
-2.17E+00
-3.24E+00
-3.85E+00
-3.97E+00
-3.60E+00
-2.80E+00
-1.66E+00
-4.14E-01
8.52E-01
2.12E+00
3.14E+00
3.80E+00
4.02E+00
3.70E+00
2.95E+00
1.78E+00
3.65E-01
-1.10E+00
-2.56E+00
-3.80E+00
-4.60E+00
-4.87E+00
-4.58E+00
-3.70E+00
-2.34E+00
-7.06E-01
1.10E+00
2.92E+00
4.51E+00
5.58E+00
5.99E+00
5.72E+00
4.75E+00
3.17E+00
1.17E+00
-9.26E-01
-2.92E+00
-4.58E+00
-5.63E+00
-5.94E+00
-5.46E+00
-4.24E+00
-2.53E+00
-6.58E-01
1.22E+00
2.87E+00
4.09E+00
4.70E+00
4.63E+00
3.90E+00
2.65E+00
1.17E+00
-3.17E-01
-1.75E+00
-3.00E+00
-3.85E+00
-4.26E+00
-4.12E+00
-3.51E+00
-2.48E+00
-1.12E+00
2.92E-01
1.70E+00
3.02E+00
4.02E+00
4.55E+00
4.51E+00
3.85E+00
2.73E+00
1.24E+00
-3.90E-01
-1.95E+00
-3.31E+00
-4.24E+00
-4.58E+00
-4.24E+00
-3.34E+00
-1.97E+00
-3.90E-01
1.19E+00
2.61E+00
3.58E+00
3.95E+00
3.63E+00
2.75E+00
1.44E+00
-2.44E-02
-1.46E+00
-2.73E+00
-3.53E+00
-3.82E+00
-3.56E+00
-2.78E+00
-1.56E+00
-1.70E-01
1.24E+00
2.58E+00
3.63E+00
4.29E+00
4.38E+00
3.87E+00
2.87E+00
1.51E+00
0.00E+00
-1.56E+00
-3.09E+00
-4.29E+00
-4.99E+00
-5.09E+00
-4.51E+00
-3.34E+00
-1.68E+00
2.44E-01
2.19E+00
3.99E+00
5.29E+00
5.85E+00
5.63E+00
4.63E+00
2.97E+00
9.74E-01
-1.12E+00
-3.12E+00
-4.70E+00
-5.68E+00
-5.94E+00
-5.43E+00
-4.26E+00
-2.63E+00
-7.55E-01
1.17E+00
3.00E+00
4.46E+00
5.38E+00
5.68E+00
5.33E+00
4.38E+00
2.92E+00
1.14E+00
-6.82E-01
-2.41E+00
-3.95E+00
-5.02E+00
-5.48E+00
-5.31E+00
-4.51E+00
-3.22E+00
-1.53E+00
2.44E-01
1.95E+00
3.51E+00
4.60E+00
5.11E+00
4.99E+00
4.29E+00
3.04E+00
1.44E+00
-2.44E-01
-1.90E+00
-3.31E+00
-4.29E+00
-4.73E+00
-4.53E+00
-3.75E+00
-2.44E+00
-8.52E-01
7.31E-01
2.27E+00
3.51E+00
4.24E+00
4.36E+00
3.80E+00
2.78E+00
1.44E+00
0.00E+00
-1.32E+00
-2.46E+00
-3.22E+00
-3.51E+00
-3.39E+00
-2.87E+00
-2.05E+00
-1.05E+00
-9.74E-02
8.04E-01
1.66E+00
2.34E+00
2.80E+00
2.95E+00
2.83E+00
2.44E+00
1.73E+00
8.52E-01
-7.31E-02
-1.07E+00
-2.09E+00
-2.87E+00
-3.29E+00
-3.34E+00
-3.00E+00
-2.22E+00
-1.14E+00
-4.87E-02
1.02E+00
2.05E+00
2.78E+00
3.07E+00
2.95E+00
2.41E+00
1.61E+00
6.58E-01
-2.44E-01
-1.05E+00
-1.75E+00
-2.24E+00
-2.46E+00
-2.36E+00
-1.97E+00
-1.44E+00
-8.04E-01
-1.70E-01
3.90E-01
9.74E-01
1.46E+00
1.80E+00
2.00E+00
2.00E+00
1.75E+00
1.34E+00
8.04E-01
2.19E-01
-3.65E-01
-9.99E-01
-1.46E+00
-1.68E+00
-1.68E+00
-1.41E+00
-9.26E-01
-3.41E-01
1.70E-01
6.33E-01
9.74E-01
1.02E+00
8.28E-01
4.38E-01
-2.44E-02
-4.87E-01
-9.26E-01
-1.19E+00
-1.22E+00
-9.99E-01
-6.33E-01
-1.95E-01
2.68E-01
6.58E-01
9.74E-01
1.19E+00
1.22E+00
1.07E+00
8.52E-01
5.60E-01
2.44E-01
-4.87E-02
-3.17E-01
-5.60E-01
-7.79E-01
-9.26E-01
-9.99E-01
-9.74E-01
-8.77E-01
-7.06E-01
-4.63E-01
-1.70E-01
1.70E-01
5.11E-01
8.52E-01
1.17E+00
1.39E+00
1.44E+00
1.27E+00
9.26E-01
4.63E-01
-7.31E-02
-6.58E-01
-1.29E+00
-1.78E+00
-2.02E+00
-2.00E+00
-1.70E+00
-1.17E+00
-4.63E-01
2.44E-01
8.77E-01
1.39E+00
1.68E+00
1.68E+00
1.46E+00
9.99E-01
3.65E-01
-2.19E-01
-7.55E-01
-1.22E+00
-1.49E+00
-1.51E+00
-1.27E+00
-8.28E-01
-3.17E-01
2.19E-01
7.55E-01
1.27E+00
1.63E+00
1.78E+00
1.68E+00
1.36E+00
8.52E-01
2.44E-01
-4.14E-01
-1.14E+00
-1.80E+00
-2.29E+00
-2.53E+00
-2.48E+00
-2.12E+00
-1.49E+00
-6.82E-01
1.70E-01
1.02E+00
1.88E+00
2.53E+00
2.87E+00
2.90E+00
2.58E+00
1.97E+00
1.19E+00
3.65E-01
-4.38E-01
-1.22E+00
-1.90E+00
-2.36E+00
-2.56E+00
-2.48E+00
-2.17E+00
-1.70E+00
-1.10E+00
-3.90E-01
2.92E-01
9.99E-01
1.63E+00
2.14E+00
2.46E+00
2.44E+00
2.12E+00
1.51E+00
6.58E-01
-2.68E-01
-1.22E+00
-2.09E+00
-2.73E+00
-2.97E+00
-2.78E+00
-2.17E+00
-1.27E+00
-2.92E-01
7.55E-01
1.75E+00
2.51E+00
2.92E+00
2.87E+00
2.46E+00
1.75E+00
8.04E-01
-8.22E-02
-9.01E-01
-1.70E+00
-2.27E+00
-2.55E+00
-2.52E+00
-2.21E+00
-1.66E+00
-9.47E-01
-1.61E-01
6.12E-01
1.28E+00
1.77E+00
2.06E+00
2.09E+00
1.86E+00
1.40E+00
7.49E-01
-9.13E-03
-7.89E-01
-1.48E+00
-2.00E+00
-2.27E+00
-2.22E+00
-1.84E+00
-1.16E+00
-2.59E-01
7.61E-01
1.75E+00
2.56E+00
3.05E+00
3.15E+00
2.81E+00
2.05E+00
9.53E-01
-3.04E-01
-1.55E+00
-2.61E+00
-3.32E+00
-3.57E+00
-3.32E+00
-2.61E+00
-1.56E+00
-3.20E-01
9.32E-01
2.02E+00
2.80E+00
3.18E+00
3.13E+00
2.65E+00
1.84E+00
8.04E-01
-2.95E-01
-1.31E+00
-2.09E+00
-2.56E+00
-2.63E+00
-2.30E+00
-1.64E+00
-7.40E-01
2.71E-01
1.24E+00
2.03E+00
2.53E+00
2.67E+00
2.44E+00
1.86E+00
1.02E+00
3.96E-02
-9.56E-01
-1.85E+00
-2.52E+00
-2.89E+00
-2.93E+00
-2.65E+00
-2.09E+00
-1.31E+00
-4.26E-01
4.78E-01
1.30E+00
1.97E+00
2.41E+00
2.59E+00
2.51E+00
2.17E+00
1.62E+00
9.22E-01
1.37E-01
-6.48E-01
-1.36E+00
-1.92E+00
-2.28E+00
-2.38E+00
-2.21E+00
-1.78E+00
-1.14E+00
-3.35E-01
5.39E-01
1.39E+00
2.10E+00
2.61E+00
2.84E+00
2.76E+00
2.37E+00
1.70E+00
8.13E-01
-1.95E-01
-1.21E+00
-2.12E+00
-2.82E+00
-3.22E+00
-3.28E+00
-2.98E+00
-2.34E+00
-1.41E+00
-2.95E-01
8.65E-01
1.95E+00
2.85E+00
3.43E+00
3.65E+00
3.46E+00
2.89E+00
1.99E+00
8.80E-01
-3.20E-01
-1.47E+00
-2.44E+00
-3.13E+00
-3.47E+00
-3.45E+00
-3.06E+00
-2.40E+00
-1.52E+00
-5.24E-01
4.75E-01
1.38E+00
2.12E+00
2.61E+00
2.83E+00
2.77E+00
2.44E+00
1.88E+00
1.15E+00
3.35E-01
-4.87E-01
-1.22E+00
-1.78E+00
-2.11E+00
-2.16E+00
-1.95E+00
-1.50E+00
-8.98E-01
-2.19E-01
4.29E-01
9.56E-01
1.29E+00
1.40E+00
1.26E+00
9.26E-01
4.60E-01
-5.78E-02
-5.36E-01
-8.92E-01
-1.07E+00
-1.02E+00
-7.76E-01
-3.65E-01
1.43E-01
6.70E-01
1.14E+00
1.46E+00
1.58E+00
1.50E+00
1.21E+00
7.28E-01
1.25E-01
-5.36E-01
-1.19E+00
-1.76E+00
-2.19E+00
-2.41E+00
-2.38E+00
-2.09E+00
-1.52E+00
-6.91E-01
3.20E-01
1.41E+00
2.47E+00
3.35E+00
3.90E+00
4.00E+00
3.61E+00
2.72E+00
1.40E+00
-1.95E-01
-1.86E+00
-3.35E+00
-4.45E+00
-5.00E+00
-4.92E+00
-4.20E+00
-2.92E+00
-1.28E+00
5.08E-01
2.20E+00
3.56E+00
4.41E+00
4.69E+00
4.37E+00
3.51E+00
2.24E+00
7.49E-01
-7.82E-01
-2.17E+00
-3.28E+00
-3.98E+00
-4.21E+00
-3.96E+00
-3.25E+00
-2.18E+00
-8.31E-01
6.42E-01
2.09E+00
3.34E+00
4.25E+00
4.68E+00
4.56E+00
3.86E+00
2.63E+00
1.00E+00
-8.22E-01
-2.62E+00
-4.15E+00
-5.18E+00
-5.55E+00
-5.19E+00
-4.07E+00
-2.34E+00
-3.41E-01
1.73E+00
3.65E+00
5.07E+00
5.80E+00
5.82E+00
5.14E+00
3.82E+00
2.00E+00
7.31E-02
-1.78E+00
-3.48E+00
-4.68E+00
-5.31E+00
-5.36E+00
-4.77E+00
-3.70E+00
-2.22E+00
-5.60E-01
1.07E+00
2.61E+00
3.85E+00
4.60E+00
4.75E+00
4.34E+00
3.43E+00
2.12E+00
6.33E-01
-8.28E-01
-2.19E+00
-3.22E+00
-3.78E+00
-3.85E+00
-3.43E+00
-2.58E+00
-1.41E+00
-1.95E-01
9.74E-01
2.05E+00
2.80E+00
3.09E+00
2.97E+00
2.41E+00
1.51E+00
4.63E-01
-6.58E-01
-1.78E+00
-2.73E+00
-3.29E+00
-3.41E+00
-3.12E+00
-2.36E+00
-1.24E+00
2.44E-02
1.36E+00
2.63E+00
3.65E+00
4.24E+00
4.19E+00
3.51E+00
2.29E+00
7.79E-01
-8.52E-01
-2.48E+00
-3.87E+00
-4.80E+00
-5.09E+00
-4.73E+00
-3.75E+00
-2.22E+00
-3.90E-01
1.53E+00
3.43E+00
4.90E+00
5.75E+00
5.94E+00
5.36E+00
4.07E+00
2.27E+00
2.44E-01
-1.90E+00
-3.90E+00
-5.41E+00
-6.24E+00
-6.28E+00
-5.60E+00
-4.24E+00
-2.34E+00
-2.19E-01
1.92E+00
3.90E+00
5.33E+00
6.09E+00
6.14E+00
5.48E+00
4.12E+00
2.27E+00
2.68E-01
-1.78E+00
-3.63E+00
-5.02E+00
-5.82E+00
-5.89E+00
-5.26E+00
-3.99E+00
-2.24E+00
-2.92E-01
1.70E+00
3.56E+00
4.90E+00
5.53E+00
5.46E+00
4.73E+00
3.34E+00
1.51E+00
-3.17E-01
-2.07E+00
-3.60E+00
-4.58E+00
-4.94E+00
-4.73E+00
-3.90E+00
-2.53E+00
-9.50E-01
6.33E-01
2.17E+00
3.43E+00
4.24E+00
4.48E+00
4.12E+00
3.24E+00
1.95E+00
5.11E-01
-9.26E-01
-2.34E+00
-3.43E+00
-4.09E+00
-4.26E+00
-3.87E+00
-3.04E+00
-1.83E+00
-4.63E-01
9.26E-01
2.36E+00
3.56E+00
4.31E+00
4.55E+00
4.21E+00
3.34E+00
2.05E+00
5.36E-01
-1.10E+00
-2.70E+00
-4.04E+00
-4.94E+00
-5.29E+00
-5.02E+00
-4.12E+00
-2.70E+00
-9.74E-01
8.77E-01
2.75E+00
4.43E+00
5.60E+00
6.11E+00
5.94E+00
5.09E+00
3.58E+00
1.61E+00
-5.11E-01
-2.56E+00
-4.38E+00
-5.70E+00
-6.28E+00
-6.11E+00
-5.21E+00
-3.65E+00
-1.63E+00
4.87E-01
2.46E+00
4.16E+00
5.31E+00
5.72E+00
5.43E+00
4.43E+00
2.83E+00
9.50E-01
-9.74E-01
-2.83E+00
-4.31E+00
-5.21E+00
-5.41E+00
-4.87E+00
-3.68E+00
-1.88E+00
1.70E-01
2.19E+00
4.07E+00
5.41E+00
5.97E+00
5.72E+00
4.68E+00
2.87E+00
7.31E-01
-1.53E+00
-3.75E+00
-5.48E+00
-6.48E+00
-6.70E+00
-6.16E+00
-4.80E+00
-2.78E+00
-5.11E-01
1.80E+00
4.02E+00
5.70E+00
6.65E+00
6.87E+00
6.28E+00
4.94E+00
2.92E+00
6.33E-01
-1.70E+00
-3.92E+00
-5.63E+00
-6.65E+00
-6.89E+00
-6.38E+00
-5.09E+00
-3.14E+00
-9.01E-01
1.46E+00
3.70E+00
5.48E+00
6.60E+00
6.94E+00
6.50E+00
5.31E+00
3.41E+00
1.10E+00
-1.29E+00
-3.56E+00
-5.38E+00
-6.48E+00
-6.77E+00
-6.24E+00
-4.87E+00
-2.83E+00
-5.11E-01
1.85E+00
4.07E+00
5.68E+00
6.48E+00
6.45E+00
5.65E+00
4.04E+00
1.83E+00
-4.87E-01
-2.70E+00
-4.65E+00
-5.99E+00
-6.58E+00
-6.43E+00
-5.50E+00
-3.90E+00
-1.80E+00
4.38E-01
2.63E+00
4.63E+00
6.04E+00
6.72E+00
6.60E+00
5.72E+00
4.12E+00
1.92E+00
-4.38E-01
-2.78E+00
-4.82E+00
-6.24E+00
-6.87E+00
-6.65E+00
-5.60E+00
-3.87E+00
-1.61E+00
8.77E-01
3.26E+00
5.24E+00
6.45E+00
6.87E+00
6.43E+00
5.16E+00
3.14E+00
7.79E-01
-1.66E+00
-3.90E+00
-5.55E+00
-6.50E+00
-6.60E+00
-5.87E+00
-4.38E+00
-2.34E+00
-1.22E-01
2.07E+00
4.04E+00
5.46E+00
6.09E+00
5.92E+00
5.04E+00
3.51E+00
1.53E+00
-5.36E-01
-2.48E+00
-4.14E+00
-5.29E+00
-5.75E+00
-5.43E+00
-4.36E+00
-2.70E+00
-7.55E-01
1.32E+00
3.36E+00
4.94E+00
5.80E+00
5.94E+00
5.31E+00
3.92E+00
1.95E+00
-1.95E-01
-2.27E+00
-4.09E+00
-5.38E+00
-5.99E+00
-5.82E+00
-4.94E+00
-3.51E+00
-1.63E+00
3.17E-01
2.12E+00
3.75E+00
4.87E+00
5.36E+00
5.26E+00
4.58E+00
3.39E+00
1.80E+00
1.22E-01
-1.51E+00
-3.00E+00
-4.14E+00
-4.75E+00
-4.77E+00
-4.24E+00
-3.19E+00
-1.75E+00
-1.95E-01
1.29E+00
2.65E+00
3.65E+00
4.12E+00
3.97E+00
3.29E+00
2.17E+00
7.79E-01
-6.33E-01
-1.97E+00
-3.04E+00
-3.65E+00
-3.78E+00
-3.41E+00
-2.53E+00
-1.27E+00
7.31E-02
1.44E+00
2.70E+00
3.63E+00
4.09E+00
3.99E+00
3.36E+00
2.24E+00
8.28E-01
-6.33E-01
-2.07E+00
-3.31E+00
-4.16E+00
-4.53E+00
-4.29E+00
-3.53E+00
-2.34E+00
-8.28E-01
7.31E-01
2.27E+00
3.63E+00
4.51E+00
4.75E+00
4.41E+00
3.51E+00
2.12E+00
5.11E-01
-1.17E+00
-2.75E+00
-3.99E+00
-4.70E+00
-4.75E+00
-4.19E+00
-3.09E+00
-1.56E+00
1.22E-01
1.75E+00
3.24E+00
4.31E+00
4.82E+00
4.73E+00
4.02E+00
2.80E+00
1.24E+00
-3.90E-01
-2.00E+00
-3.41E+00
-4.36E+00
-4.82E+00
-4.77E+00
-4.14E+00
-3.02E+00
-1.58E+00
-4.87E-02
1.46E+00
2.80E+00
3.80E+00
4.34E+00
4.24E+00
3.60E+00
2.61E+00
1.34E+00
2.44E-02
-1.22E+00
-2.36E+00
-3.12E+00
-3.39E+00
-3.26E+00
-2.75E+00
-1.83E+00
-6.82E-01
4.38E-01
1.53E+00
2.51E+00
3.09E+00
3.24E+00
2.97E+00
2.24E+00
1.19E+00
7.31E-02
-1.12E+00
-2.29E+00
-3.12E+00
-3.53E+00
-3.51E+00
-3.04E+00
-2.17E+00
-9.50E-01
2.92E-01
1.51E+00
2.61E+00
3.31E+00
3.60E+00
3.46E+00
2.90E+00
2.00E+00
8.77E-01
-2.19E-01
-1.24E+00
-2.22E+00
-2.90E+00
-3.17E+00
-3.12E+00
-2.70E+00
-1.97E+00
-1.05E+00
-9.74E-02
7.55E-01
1.53E+00
2.12E+00
2.41E+00
2.36E+00
1.97E+00
1.36E+00
6.33E-01
-7.31E-02
-7.31E-01
-1.34E+00
-1.78E+00
-1.97E+00
-1.90E+00
-1.58E+00
-1.05E+00
-4.14E-01
2.44E-01
9.50E-01
1.61E+00
2.12E+00
2.44E+00
2.44E+00
2.09E+00
1.53E+00
7.79E-01
-4.87E-02
-9.26E-01
-1.85E+00
-2.63E+00
-3.12E+00
-3.24E+00
-3.09E+00
-2.63E+00
-1.80E+00
-7.79E-01
2.44E-01
1.27E+00
2.29E+00
3.04E+00
3.41E+00
3.36E+00
2.92E+00
2.12E+00
9.99E-01
-1.46E-01
-1.22E+00
-2.22E+00
-2.92E+00
-3.14E+00
-2.95E+00
-2.34E+00
-1.36E+00
-3.17E-01
7.55E-01
1.75E+00
2.48E+00
2.87E+00
2.83E+00
2.34E+00
1.56E+00
5.85E-01
-4.38E-01
-1.44E+00
-2.39E+00
-3.04E+00
-3.34E+00
-3.29E+00
-2.85E+00
-2.05E+00
-9.74E-01
1.70E-01
1.29E+00
2.41E+00
3.31E+00
3.85E+00
3.99E+00
3.70E+00
3.09E+00
2.14E+00
9.50E-01
-2.44E-01
-1.41E+00
-2.53E+00
-3.41E+00
-3.90E+00
-3.99E+00
-3.68E+00
-2.97E+00
-1.95E+00
-8.04E-01
3.84E-01
1.56E+00
2.52E+00
3.16E+00
3.36E+00
3.13E+00
0.00E+00
0.00E+00
0.00E+00
0.00E+00
[ENDDATA]
