[FILEINFO]
File: D:\CMC thesis\AE software\Poly\Vallen\P13.tra
SampleRate[Hz]: 10000000
SetsOnFile: 3
Samples: 2048
[SETINFO]
Set: 2
Index: 2
Time:  15 07:58:48 578.1478
Channel: 1
PreTriggerSamples: 100
Data: Amplitude [mV]
[DATA]
-304453e-08
-304453e-08
-304453e-08
+000000e+00
+000000e+00
+000000e+00
+000000e+00
+304453e-08
+000000e+00
+000000e+00
-304453e-08
-304453e-08
-304453e-08
+000000e+00
+000000e+00
-304453e-08
+000000e+00
+000000e+00
-304453e-08
-304453e-08
-304453e-08
-304453e-08
+000000e+00
-304453e-08
-304453e-08
-608906e-08
-608906e-08
-304453e-08
+000000e+00
-304453e-08
-304453e-08
+000000e+00
+000000e+00
+000000e+00
+304453e-08
+000000e+00
+000000e+00
+304453e-08
+304453e-08
+304453e-08
+000000e+00
+000000e+00
+304453e-08
+304453e-08
+000000e+00
+000000e+00
+000000e+00
+000000e+00
+000000e+00
+000000e+00
+000000e+00
+000000e+00
+000000e+00
+000000e+00
-304453e-08
-304453e-08
-608906e-08
-608906e-08
-608906e-08
-608906e-08
-304453e-08
+000000e+00
-304453e-08
-304453e-08
+000000e+00
+000000e+00
+304453e-08
+608906e-08
+304453e-08
+304453e-08
+000000e+00
-304453e-08
-304453e-08
-304453e-08
-304453e-08
-304453e-08
-304453e-08
+000000e+00
+000000e+00
+000000e+00
+000000e+00
-304453e-08
-304453e-08
-304453e-08
-304453e-08
-608906e-08
-608906e-08
-304453e-08
-304453e-08
+000000e+00
+000000e+00
-304453e-08
-913359e-08
-152226e-07
-182672e-07
-182672e-07
-152226e-07
+000000e+00
+304453e-07
+791577e-07
+137004e-06
+188761e-06
+228340e-06
+240518e-06
+216162e-06
+143093e-06
+182672e-07
-155271e-06
-359254e-06
-575416e-06
-773310e-06
-916403e-06
-971205e-06
-913359e-06
-718509e-06
-386655e-06
+639351e-07
+587594e-06
+112648e-05
+161360e-05
+196372e-05
+213117e-05
+207637e-05
+178714e-05
+129088e-05
+633262e-06
-118737e-06
-879869e-06
-157098e-05
-211899e-05
-246302e-05
-257263e-05
-242953e-05
-203983e-05
-144311e-05
-700242e-06
+109603e-06
+889002e-06
+154053e-05
+196677e-05
+211899e-05
+198199e-05
+156489e-05
+937715e-06
+194850e-06
-548015e-06
-116910e-05
-158315e-05
-173843e-05
-161056e-05
-122086e-05
-624128e-06
+882913e-07
+815934e-06
+145833e-05
+192110e-05
+213421e-05
+205506e-05
+169276e-05
+108690e-05
+316631e-06
-508436e-06
-126652e-05
-184803e-05
-216466e-05
-216162e-05
-184194e-05
-124217e-05
-459724e-06
+392744e-06
+118432e-05
+179627e-05
+214639e-05
+217379e-05
+188152e-05
+131524e-05
+541926e-06
-331854e-06
-118737e-05
-191196e-05
-241431e-05
-262438e-05
-250565e-05
-206115e-05
-133350e-05
-392744e-06
+651529e-06
+168362e-05
+257263e-05
+319371e-05
+345858e-05
+331245e-05
+274312e-05
+179627e-05
+566282e-06
-803756e-06
-214639e-05
-330027e-05
-410707e-05
-446023e-05
-430496e-05
-364126e-05
-254523e-05
-114474e-05
+411011e-06
+193328e-05
+323633e-05
+416796e-05
+461855e-05
+455462e-05
+397007e-05
+293188e-05
+156793e-05
+365343e-07
-148877e-05
-282532e-05
-383611e-05
-439021e-05
-443892e-05
-397311e-05
-304757e-05
-177800e-05
-304453e-06
+120868e-05
+259089e-05
+368997e-05
+437803e-05
+458202e-05
+428061e-05
+350730e-05
+235038e-05
+940759e-06
-566282e-06
-199112e-05
-316935e-05
-397311e-05
-431105e-05
-414665e-05
-351034e-05
-248738e-05
-120868e-05
+164405e-06
+145528e-05
+252391e-05
+325156e-05
+357732e-05
+349512e-05
+302931e-05
+227426e-05
+133350e-05
+310542e-06
-675885e-06
-153444e-05
-219206e-05
-260612e-05
-275530e-05
-262743e-05
-224686e-05
-165927e-05
-913359e-06
-882913e-07
+724598e-06
+143702e-05
+196372e-05
+222860e-05
+219206e-05
+186021e-05
+127261e-05
+493214e-06
-359254e-06
-116301e-05
-179932e-05
-217379e-05
-222860e-05
-194241e-05
-136090e-05
-566282e-06
+331854e-06
+119346e-05
+189065e-05
+230775e-05
+237473e-05
+207637e-05
+145224e-05
+587594e-06
-389700e-06
-132133e-05
-206419e-05
-249347e-05
-252696e-05
-215553e-05
-142484e-05
-435368e-06
+660663e-06
+170494e-05
+255132e-05
+307193e-05
+319067e-05
+289230e-05
+220119e-05
+120259e-05
+213117e-07
-119954e-05
-230775e-05
-317544e-05
-368388e-05
-375390e-05
-336725e-05
-255740e-05
-140657e-05
-395789e-07
+137308e-05
+265483e-05
+364430e-05
+419536e-05
+423189e-05
+373259e-05
+274921e-05
+139744e-05
-146137e-06
-168362e-05
-301713e-05
-398529e-05
-446937e-05
-441152e-05
-383306e-05
-281010e-05
-147964e-05
+608906e-08
+147660e-05
+277357e-05
+375999e-05
+433541e-05
+444197e-05
+406445e-05
+323938e-05
+205201e-05
+621084e-06
-904225e-06
-234733e-05
-354383e-05
-435368e-05
-467335e-05
-445719e-05
-373259e-05
-257567e-05
-113256e-05
+438412e-06
+195154e-05
+323024e-05
+413751e-05
+457288e-05
+449981e-05
+393658e-05
+294406e-05
+164100e-05
+167449e-06
-131219e-05
-263047e-05
-364126e-05
-421667e-05
-429279e-05
-386046e-05
-295928e-05
-171103e-05
-283141e-06
+115083e-05
+239300e-05
+328505e-05
+372955e-05
+368692e-05
+317849e-05
+230775e-05
+119954e-05
+000000e+00
-112343e-05
-204288e-05
-266701e-05
-294406e-05
-286795e-05
-246911e-05
-180236e-05
-959027e-06
-456679e-07
+837245e-06
+158315e-05
+210377e-05
+234429e-05
+228035e-05
+192719e-05
+134568e-05
+627173e-06
-121781e-06
-779399e-06
-125435e-05
-148269e-05
-145528e-05
-119041e-05
-745910e-06
-219206e-06
+295319e-06
+715464e-06
+965116e-06
+100165e-05
+828112e-06
+471902e-06
-121781e-07
-557149e-06
-107472e-05
-148877e-05
-173538e-05
-177192e-05
-158315e-05
-117519e-05
-581505e-06
+140048e-06
+916403e-06
+165013e-05
+224686e-05
+263656e-05
+275834e-05
+258176e-05
+211899e-05
+139439e-05
+477991e-06
-523659e-06
-150400e-05
-235038e-05
-295319e-05
-323938e-05
-316327e-05
-272181e-05
-194241e-05
-907270e-06
+280097e-06
+147964e-05
+253914e-05
+333071e-05
+374477e-05
+370215e-05
+320893e-05
+231993e-05
+112039e-05
-225295e-06
-154358e-05
-267310e-05
-346467e-05
-382697e-05
-372650e-05
-318458e-05
-228340e-05
-115388e-05
+639351e-07
+122695e-05
+220119e-05
+288317e-05
+322111e-05
+319676e-05
+282228e-05
+215857e-05
+127870e-05
+283141e-06
-715464e-06
-160447e-05
-229862e-05
-271876e-05
-282228e-05
-260307e-05
-209464e-05
-136395e-05
-508436e-06
+356210e-06
+112952e-05
+170798e-05
+202766e-05
+205810e-05
+180845e-05
+133046e-05
+691108e-06
-152226e-07
-663707e-06
-116910e-05
-145833e-05
-148269e-05
-123608e-05
-758088e-06
-118737e-06
+581505e-06
+123303e-05
+173843e-05
+201243e-05
+200330e-05
+170189e-05
+114474e-05
+395789e-06
-447546e-06
-127261e-05
-197590e-05
-244780e-05
-261525e-05
-245085e-05
-195459e-05
-118128e-05
-225295e-06
+803756e-06
+176583e-05
+252391e-05
+296842e-05
+304148e-05
+271572e-05
+201548e-05
+102601e-05
-130915e-06
-131828e-05
-238082e-05
-319067e-05
-363821e-05
-365648e-05
-323024e-05
-239909e-05
-125739e-05
+791577e-07
+144920e-05
+269136e-05
+365343e-05
+421363e-05
+430192e-05
+388177e-05
+299886e-05
+174756e-05
+249651e-06
-132133e-05
-278574e-05
-397007e-05
-472815e-05
-496867e-05
-464595e-05
-378739e-05
-247825e-05
-864646e-06
+876824e-06
+254523e-05
+393962e-05
+489865e-05
+530661e-05
+512090e-05
+426538e-05
+287404e-05
+116910e-05
-608906e-06
-231384e-05
-389700e-05
-504174e-05
-555322e-05
-548015e-05
-482253e-05
-355601e-05
-185107e-05
-243562e-07
+185107e-05
+365343e-05
+506610e-05
+589421e-05
+608906e-05
+562629e-05
+448155e-05
+280097e-05
+852468e-06
-121781e-05
-319067e-05
-479818e-05
-582114e-05
-613777e-05
-574807e-05
-462768e-05
-294710e-05
-998605e-06
+104732e-05
+299582e-05
+457897e-05
+555322e-05
+582114e-05
+540708e-05
+431105e-05
+267919e-05
+803756e-06
-112039e-05
-294710e-05
-443283e-05
-538273e-05
-565065e-05
-523659e-05
-418927e-05
-263047e-05
-876824e-06
+901181e-06
+258176e-05
+397007e-05
+482253e-05
+496867e-05
+445719e-05
+343423e-05
+199721e-05
+389700e-06
-114474e-05
-255740e-05
-362908e-05
-423798e-05
-428670e-05
-375086e-05
-284968e-05
-160751e-05
-243562e-06
+102296e-05
+219206e-05
+306888e-05
+353165e-05
+350730e-05
+309324e-05
+231384e-05
+124217e-05
+121781e-06
-998605e-06
-199721e-05
-272790e-05
-309324e-05
-306888e-05
-265483e-05
-187543e-05
-828112e-06
+267919e-06
+133959e-05
+233820e-05
+297146e-05
+323938e-05
+316631e-05
+260612e-05
+168058e-05
+584549e-06
-584549e-06
-172929e-05
-267919e-05
-328809e-05
-348294e-05
-323938e-05
-260612e-05
-163187e-05
-511481e-06
+633262e-06
+172929e-05
+260612e-05
+311760e-05
+326373e-05
+306888e-05
+245998e-05
+151009e-05
+438412e-06
-657618e-06
-177800e-05
-272790e-05
-331245e-05
-353165e-05
-336116e-05
-280097e-05
-187543e-05
-706331e-06
+511481e-06
+172929e-05
+277661e-05
+350730e-05
+382393e-05
+360472e-05
+297146e-05
+199721e-05
+755043e-06
-535837e-06
-175365e-05
-277661e-05
-348294e-05
-382393e-05
-372650e-05
-321502e-05
-231384e-05
-114474e-05
+487125e-07
+126652e-05
+241127e-05
+323938e-05
+370215e-05
+372650e-05
+328809e-05
+248434e-05
+136395e-05
+170494e-06
-998605e-06
-207028e-05
-284968e-05
-323938e-05
-321502e-05
-277661e-05
-197285e-05
-949893e-06
+146137e-06
+116910e-05
+211899e-05
+282532e-05
+309324e-05
+297146e-05
+248434e-05
+163187e-05
+584549e-06
-438412e-06
-143702e-05
-233820e-05
-292275e-05
-311760e-05
-292275e-05
-238691e-05
-160751e-05
-706331e-06
+170494e-06
+102296e-05
+177800e-05
+228949e-05
+253305e-05
+248434e-05
+216770e-05
+163187e-05
+901181e-06
+146137e-06
-584549e-06
-133959e-05
-194850e-05
-231384e-05
-241127e-05
-224077e-05
-182672e-05
-119346e-05
-438412e-06
+316631e-06
+998605e-06
+158315e-05
+197285e-05
+209464e-05
+192414e-05
+153444e-05
+974249e-06
+316631e-06
-316631e-06
-901181e-06
-138831e-05
-165622e-05
-168058e-05
-153444e-05
-116910e-05
-657618e-06
-146137e-06
+389700e-06
+925537e-06
+131524e-05
+151009e-05
+151009e-05
+133959e-05
+998605e-06
+560193e-06
+170494e-06
-219206e-06
-608906e-06
-901181e-06
-107167e-05
-112039e-05
-102296e-05
-852468e-06
-608906e-06
-292275e-06
-487125e-07
+146137e-06
+316631e-06
+438412e-06
+487125e-06
+438412e-06
+316631e-06
+194850e-06
+730687e-07
-487125e-07
-146137e-06
-243562e-06
-267919e-06
-219206e-06
-146137e-06
-487125e-07
+243562e-07
+730687e-07
+730687e-07
+243562e-07
-487125e-07
-170494e-06
-316631e-06
-462768e-06
-560193e-06
-560193e-06
-487125e-06
-316631e-06
-974249e-07
+170494e-06
+511481e-06
+803756e-06
+104732e-05
+116910e-05
+109603e-05
+876824e-06
+511481e-06
+730687e-07
-438412e-06
-974249e-06
-143702e-05
-180236e-05
-194850e-05
-182672e-05
-146137e-05
-901181e-06
-243562e-06
+487125e-06
+124217e-05
+192414e-05
+238691e-05
+256045e-05
+248129e-05
+212508e-05
+150095e-05
+694153e-06
-200939e-06
-107776e-05
-182063e-05
-233820e-05
-256349e-05
-246607e-05
-206115e-05
-140657e-05
-587594e-06
+292275e-06
+111734e-05
+178409e-05
+221033e-05
+235647e-05
+220424e-05
+178105e-05
+114170e-05
+368388e-06
-447546e-06
-121172e-05
-183890e-05
-225904e-05
-242649e-05
-231993e-05
-194545e-05
-134264e-05
-572371e-06
+286186e-06
+112648e-05
+185716e-05
+238996e-05
+264874e-05
+261525e-05
+228035e-05
+168667e-05
+898136e-06
+913359e-08
-867691e-06
-163796e-05
-221946e-05
-254827e-05
-259698e-05
-237169e-05
-189979e-05
-123912e-05
-462768e-06
+344032e-06
+109907e-05
+171407e-05
+213117e-05
+230166e-05
+220424e-05
+184803e-05
+127261e-05
+544971e-06
-243562e-06
-992516e-06
-160447e-05
-199417e-05
-210681e-05
-193023e-05
-149182e-05
-852468e-06
-974249e-07
+663707e-06
+132741e-05
+181454e-05
+207941e-05
+209464e-05
+186630e-05
+143093e-05
+849423e-06
+197894e-06
-465813e-06
-106559e-05
-154358e-05
-186325e-05
-199112e-05
-190587e-05
-162578e-05
-118128e-05
-608906e-06
+274008e-07
+663707e-06
+122695e-05
+163796e-05
+184498e-05
+182367e-05
+157402e-05
+111125e-05
+496258e-06
-179627e-06
-831156e-06
-136090e-05
-169276e-05
-178105e-05
-160751e-05
-120259e-05
-618039e-06
+608906e-07
+742865e-06
+133046e-05
+174147e-05
+192414e-05
+185412e-05
+154358e-05
+102601e-05
+362299e-06
-368388e-06
-107472e-05
-167754e-05
-210681e-05
-229862e-05
-222860e-05
-189674e-05
-133655e-05
-596728e-06
+237473e-06
+106254e-05
+177496e-05
+228949e-05
+254523e-05
+249347e-05
+214335e-05
+154358e-05
+764177e-06
-913359e-07
-919448e-06
-161664e-05
-208855e-05
-228035e-05
-217379e-05
-178714e-05
-116910e-05
-398833e-06
+432323e-06
+121477e-05
+184803e-05
+225600e-05
+238082e-05
+221033e-05
+175669e-05
+107776e-05
+246607e-06
-633262e-06
-144615e-05
-210072e-05
-252087e-05
-265483e-05
-248738e-05
-204897e-05
-139135e-05
-596728e-06
+246607e-06
+103514e-05
+168362e-05
+213117e-05
+233515e-05
+228035e-05
+197590e-05
+145224e-05
+773310e-06
+213117e-07
-718509e-06
-135786e-05
-182063e-05
-204897e-05
-200634e-05
-169885e-05
-117214e-05
-505392e-06
+210072e-06
+873780e-06
+139439e-05
+171103e-05
+179323e-05
+163491e-05
+128175e-05
+791577e-06
+234429e-06
-310542e-06
-785488e-06
-114779e-05
-136090e-05
-142179e-05
-132437e-05
-108081e-05
-709375e-06
-255740e-06
+243562e-06
+733731e-06
+115388e-05
+144615e-05
+156793e-05
+150704e-05
+125130e-05
+828112e-06
+295319e-06
-277052e-06
-809845e-06
-123912e-05
-149791e-05
-155880e-05
-141266e-05
-108994e-05
-633262e-06
-103514e-06
+429279e-06
+885958e-06
+120868e-05
+136699e-05
+134264e-05
+113865e-05
+794622e-06
+353165e-06
-127870e-06
-578460e-06
-940759e-06
-117214e-05
-124521e-05
-115692e-05
-916403e-06
-563238e-06
-143093e-06
+289230e-06
+669796e-06
+955982e-06
+110516e-05
+110516e-05
+962071e-06
+691108e-06
+344032e-06
-365343e-07
-395789e-06
-685019e-06
-870735e-06
-928581e-06
-864646e-06
-688064e-06
-429279e-06
-133959e-06
+164405e-06
+420145e-06
+599772e-06
+685019e-06
+666752e-06
+551060e-06
+359254e-06
+118737e-06
-140048e-06
-383611e-06
-587594e-06
-718509e-06
-755043e-06
-700242e-06
-551060e-06
-328809e-06
-517570e-07
+255740e-06
+554104e-06
+809845e-06
+995561e-06
+108690e-05
+106559e-05
+925537e-06
+681974e-06
+362299e-06
+608906e-08
-356210e-06
-672841e-06
-901181e-06
-101383e-05
-998605e-06
-864646e-06
-627173e-06
-328809e-06
-608906e-08
+292275e-06
+541926e-06
+712420e-06
+788533e-06
+764177e-06
+645440e-06
+450590e-06
+191805e-06
-974249e-07
-383611e-06
-639351e-06
-822023e-06
-910314e-06
-882913e-06
-730687e-06
-465813e-06
-112648e-06
+283141e-06
+669796e-06
+995561e-06
+120868e-05
+128175e-05
+118432e-05
+925537e-06
+544971e-06
+852468e-07
-401878e-06
-846379e-06
-118737e-05
-138526e-05
-142788e-05
-130001e-05
-101687e-05
-624128e-06
-170494e-06
+289230e-06
+694153e-06
+995561e-06
+115997e-05
+116301e-05
+102296e-05
+758088e-06
+398833e-06
+000000e+00
-386655e-06
-709375e-06
-937715e-06
-103818e-05
-998605e-06
-831156e-06
-554104e-06
-194850e-06
+197894e-06
+575416e-06
+889002e-06
+108994e-05
+115692e-05
+108690e-05
+876824e-06
+551060e-06
+161360e-06
-237473e-06
-581505e-06
-831156e-06
-952937e-06
-931626e-06
-779399e-06
-529748e-06
-219206e-06
+106559e-06
+392744e-06
+602817e-06
+712420e-06
+727642e-06
+651529e-06
+496258e-06
+298364e-06
+791577e-07
-133959e-06
-319676e-06
-450590e-06
-523659e-06
-541926e-06
-499303e-06
-411011e-06
-283141e-06
-137004e-06
+913359e-08
+133959e-06
+228340e-06
+283141e-06
+301408e-06
+283141e-06
+237473e-06
+173538e-06
+974249e-07
+243562e-07
-395789e-07
-943804e-07
-140048e-06
-167449e-06
-173538e-06
-155271e-06
-112648e-06
-456679e-07
+487125e-07
+149182e-06
+237473e-06
+298364e-06
+316631e-06
+280097e-06
+188761e-06
+517570e-07
-112648e-06
-286186e-06
-432323e-06
-532793e-06
-575416e-06
-544971e-06
-444501e-06
-274008e-06
-608906e-07
+173538e-06
+404922e-06
+602817e-06
+736776e-06
+788533e-06
+755043e-06
+630217e-06
+429279e-06
+176583e-06
-100469e-06
-365343e-06
-593683e-06
-758088e-06
-831156e-06
-809845e-06
-697197e-06
-499303e-06
-243562e-06
+426234e-07
+319676e-06
+560193e-06
+727642e-06
+800711e-06
+770266e-06
+636306e-06
+420145e-06
+149182e-06
-133959e-06
-389700e-06
-590639e-06
-703286e-06
-703286e-06
-593683e-06
-392744e-06
-127870e-06
+170494e-06
+462768e-06
+703286e-06
+861602e-06
+910314e-06
+834201e-06
+642396e-06
+356210e-06
+913359e-08
-356210e-06
-691108e-06
-946848e-06
-109299e-05
-110516e-05
-986427e-06
-748954e-06
-420145e-06
-304453e-07
+368388e-06
+730687e-06
+101383e-05
+118737e-05
+123303e-05
+114170e-05
+910314e-06
+563238e-06
+143093e-06
-298364e-06
-715464e-06
-105341e-05
-126348e-05
-131219e-05
-120868e-05
-955982e-06
-590639e-06
-167449e-06
+267919e-06
+648485e-06
+934670e-06
+108690e-05
+110821e-05
+100165e-05
+779399e-06
+474946e-06
+121781e-06
-240518e-06
-578460e-06
-849423e-06
-104427e-05
-113256e-05
-109907e-05
-940759e-06
-669796e-06
-307497e-06
+103514e-06
+523659e-06
+898136e-06
+117519e-05
+131828e-05
+130001e-05
+112648e-05
+828112e-06
+429279e-06
-913359e-08
-429279e-06
-770266e-06
-995561e-06
-108690e-05
-103514e-05
-855513e-06
-572371e-06
-219206e-06
+158315e-06
+526703e-06
+834201e-06
+104123e-05
+112343e-05
+107167e-05
+882913e-06
+563238e-06
+158315e-06
-286186e-06
-724598e-06
-109299e-05
-134568e-05
-144920e-05
-138222e-05
-115388e-05
-785488e-06
-322720e-06
+182672e-06
+678930e-06
+110212e-05
+140048e-05
+154662e-05
+153140e-05
+135177e-05
+102905e-05
+602817e-06
+124826e-06
-362299e-06
-797666e-06
-113561e-05
-134264e-05
-140353e-05
-131219e-05
-108385e-05
-761132e-06
-377522e-06
+243562e-07
+389700e-06
+691108e-06
+904225e-06
+101992e-05
+103210e-05
+943804e-06
+776355e-06
+551060e-06
+289230e-06
+213117e-07
-234429e-06
-456679e-06
-621084e-06
-718509e-06
-736776e-06
-678930e-06
-548015e-06
-365343e-06
-158315e-06
+517570e-07
+240518e-06
+377522e-06
+450590e-06
+453635e-06
+386655e-06
+261829e-06
+100469e-06
-608906e-07
-200939e-06
-301408e-06
-347076e-06
-319676e-06
-237473e-06
-121781e-06
+304453e-08
+118737e-06
+200939e-06
+231384e-06
+207028e-06
+146137e-06
+608906e-07
-182672e-07
-700242e-07
-791577e-07
-426234e-07
+395789e-07
+146137e-06
+249651e-06
+325765e-06
+359254e-06
+347076e-06
+280097e-06
+173538e-06
+426234e-07
-822023e-07
-185716e-06
-255740e-06
-283141e-06
-280097e-06
-249651e-06
-203983e-06
-155271e-06
-112648e-06
-761132e-07
-426234e-07
-152226e-07
+121781e-07
+365343e-07
+578460e-07
+730687e-07
+822023e-07
+791577e-07
+639351e-07
+456679e-07
+274008e-07
+913359e-08
-304453e-08
-608906e-08
-913359e-08
-121781e-07
-152226e-07
-274008e-07
-456679e-07
-608906e-07
-791577e-07
-882913e-07
-822023e-07
-639351e-07
-274008e-07
+152226e-07
+548015e-07
+791577e-07
+822023e-07
+578460e-07
+608906e-08
-578460e-07
-118737e-06
-164405e-06
-173538e-06
-140048e-06
-608906e-07
+608906e-07
+203983e-06
+331854e-06
+432323e-06
+477991e-06
+453635e-06
+362299e-06
+203983e-06
+304453e-08
-219206e-06
-417100e-06
-566282e-06
-645440e-06
-639351e-06
-551060e-06
-386655e-06
-176583e-06
+578460e-07
+283141e-06
+474946e-06
+611950e-06
+672841e-06
+657618e-06
+569327e-06
+420145e-06
+225295e-06
+304453e-08
-234429e-06
-456679e-06
-642396e-06
-767221e-06
-812889e-06
-767221e-06
-605861e-06
-347076e-06
-152226e-07
+365343e-06
+742865e-06
+106254e-05
+126652e-05
+131828e-05
+118432e-05
+867691e-06
+407967e-06
-149182e-06
-718509e-06
-121477e-05
-156793e-05
-172625e-05
-166231e-05
-137308e-05
-895091e-06
-283141e-06
+377522e-06
+100165e-05
+150400e-05
+182063e-05
+192719e-05
+180541e-05
+146746e-05
+952937e-06
+322720e-06
-350121e-06
-977294e-06
-149182e-05
-184194e-05
-198808e-05
-189979e-05
-159229e-05
-110516e-05
-487125e-06
+191805e-06
+846379e-06
+140962e-05
+180845e-05
+199112e-05
+193632e-05
+164709e-05
+115388e-05
+511481e-06
-200939e-06
-892047e-06
-147964e-05
-189065e-05
-207637e-05
-201243e-05
-169885e-05
-117519e-05
-508436e-06
+225295e-06
+934670e-06
+153444e-05
+194545e-05
+212508e-05
+205201e-05
+173843e-05
+122086e-05
+557149e-06
-167449e-06
-864646e-06
-144311e-05
-184194e-05
-201548e-05
-194545e-05
-164405e-05
-115692e-05
-551060e-06
+974249e-07
+715464e-06
+121781e-05
+154053e-05
+165622e-05
+155880e-05
+126957e-05
+828112e-06
+292275e-06
-252696e-06
-733731e-06
-109299e-05
-127870e-05
-127261e-05
-107776e-05
-721553e-06
-258785e-06
+246607e-06
+721553e-06
+110516e-05
+134568e-05
+141266e-05
+129392e-05
+101078e-05
+599772e-06
+109603e-06
-398833e-06
-870735e-06
-125130e-05
-148877e-05
-155575e-05
-143397e-05
-113865e-05
-703286e-06
-158315e-06
+423189e-06
+965116e-06
+140353e-05
+167754e-05
+173843e-05
+157098e-05
+118432e-05
+621084e-06
-517570e-07
-745910e-06
-136090e-05
-182063e-05
-205201e-05
-201548e-05
-171103e-05
-115997e-05
-438412e-06
+368388e-06
+115388e-05
+180845e-05
+225295e-05
+242344e-05
+229253e-05
+187239e-05
+121172e-05
+386655e-06
-496258e-06
-134264e-05
-205201e-05
-254523e-05
-275225e-05
-264874e-05
-225295e-05
-160142e-05
-748954e-06
+207028e-06
+115997e-05
+200330e-05
+264874e-05
+301104e-05
+304453e-05
+274008e-05
+211899e-05
+124217e-05
+207028e-06
-864646e-06
-185107e-05
-263047e-05
-310846e-05
-322720e-05
-297146e-05
-237169e-05
-148877e-05
-429279e-06
+669796e-06
+169276e-05
+252391e-05
+306280e-05
+325460e-05
+308106e-05
+256349e-05
+175669e-05
+748954e-06
-347076e-06
-141571e-05
-232602e-05
-297450e-05
-329114e-05
-324242e-05
-281923e-05
-206419e-05
-107167e-05
+578460e-07
+118737e-05
+218597e-05
+293493e-05
+334289e-05
+336725e-05
+299886e-05
+229253e-05
+132741e-05
+207028e-06
-919448e-06
-191805e-05
-268832e-05
-313586e-05
-321807e-05
-293797e-05
-233211e-05
-147964e-05
-481036e-06
+548015e-06
+148269e-05
+222251e-05
+269745e-05
+285577e-05
+267919e-05
+219815e-05
+146442e-05
+560193e-06
-411011e-06
-132741e-05
-208855e-05
-259698e-05
-278879e-05
-263961e-05
-216162e-05
-141875e-05
-502347e-06
+477991e-06
+139744e-05
+213117e-05
+259394e-05
+273094e-05
+253305e-05
+202157e-05
+126348e-05
+362299e-06
-566282e-06
-140048e-05
-202461e-05
-236255e-05
-237169e-05
-205201e-05
-145528e-05
-669796e-06
+207028e-06
+103818e-05
+169885e-05
+210986e-05
+221946e-05
+201243e-05
+152531e-05
+828112e-06
+274008e-07
-764177e-06
-144006e-05
-191805e-05
-214335e-05
-207637e-05
-172625e-05
-113561e-05
-374477e-06
+462768e-06
+127566e-05
+195459e-05
+240822e-05
+256654e-05
+239300e-05
+188761e-05
+110821e-05
+127870e-06
-925537e-06
-192110e-05
-272790e-05
-322720e-05
-334594e-05
-305975e-05
-239300e-05
-140962e-05
-231384e-06
+995561e-06
+212813e-05
+301104e-05
+353774e-05
+364430e-05
+331245e-05
+257872e-05
+152531e-05
+277052e-06
-101687e-05
-220424e-05
-314500e-05
-371737e-05
-385133e-05
-352252e-05
-276748e-05
-167449e-05
-356210e-06
+102601e-05
+231384e-05
+335203e-05
+401573e-05
+422885e-05
+396702e-05
+324547e-05
+214030e-05
+782444e-06
-675885e-06
-206419e-05
-322416e-05
-401878e-05
-435063e-05
-418318e-05
-353470e-05
-246607e-05
-111430e-05
+368388e-06
+181758e-05
+305671e-05
+393658e-05
+435672e-05
+427756e-05
+369606e-05
+268223e-05
+135786e-05
-118737e-06
-157707e-05
-284055e-05
-376913e-05
-424712e-05
-423494e-05
-374477e-05
-283446e-05
-161664e-05
-237473e-06
+114474e-05
+237473e-05
+330636e-05
+385437e-05
+395789e-05
+361690e-05
+287099e-05
+181149e-05
+563238e-06
-727642e-06
-191805e-05
-287099e-05
-347381e-05
-366257e-05
-341901e-05
-277052e-05
-179627e-05
-621084e-06
+605861e-06
+173234e-05
+262134e-05
+316327e-05
+329722e-05
+301408e-05
+236560e-05
+144615e-05
+374477e-06
-715464e-06
-168362e-05
-242649e-05
-285272e-05
-292579e-05
-265787e-05
-209159e-05
-129697e-05
-368388e-06
+584549e-06
+144920e-05
+213117e-05
+255436e-05
+268527e-05
+251478e-05
+205810e-05
+137308e-05
+541926e-06
-337943e-06
-115692e-05
-181758e-05
-224686e-05
-239909e-05
-226513e-05
-185716e-05
-122695e-05
-459724e-06
+353165e-06
+111430e-05
+172929e-05
+212813e-05
+226513e-05
+211899e-05
+172016e-05
+111430e-05
+377522e-06
-386655e-06
-108081e-05
-161664e-05
-193328e-05
-199112e-05
-178409e-05
-134568e-05
-751999e-06
-730687e-07
+593683e-06
+114779e-05
+151922e-05
+166231e-05
+156793e-05
+126043e-05
+776355e-06
+191805e-06
-417100e-06
-971205e-06
-139439e-05
-164100e-05
-168667e-05
-152835e-05
-117519e-05
-672841e-06
-761132e-07
+548015e-06
+111734e-05
+155880e-05
+181454e-05
+184803e-05
+165013e-05
+124217e-05
+663707e-06
-913359e-08
-685019e-06
-127261e-05
-170189e-05
-192110e-05
-188761e-05
-160447e-05
-111430e-05
-471902e-06
+246607e-06
+943804e-06
+154053e-05
+196372e-05
+216162e-05
+210986e-05
+181149e-05
+129697e-05
+614995e-06
-164405e-06
-943804e-06
-163796e-05
-216466e-05
-244476e-05
-245085e-05
-216466e-05
-160751e-05
-849423e-06
+274008e-07
+922492e-06
+171711e-05
+231689e-05
+265178e-05
+268527e-05
+241127e-05
+185412e-05
+109603e-05
+219206e-06
-678930e-06
-149182e-05
-213117e-05
-253609e-05
-266092e-05
-249956e-05
-207637e-05
-143397e-05
-654574e-06
+179627e-06
+971205e-06
+162882e-05
+208855e-05
+229862e-05
+224382e-05
+194241e-05
+142788e-05
+776355e-06
+639351e-07
-621084e-06
-121477e-05
-165013e-05
-189065e-05
-192719e-05
-175060e-05
-139744e-05
-907270e-06
-331854e-06
+267919e-06
+831156e-06
+130001e-05
+162578e-05
+178105e-05
+175060e-05
+154053e-05
+117214e-05
+691108e-06
+164405e-06
-350121e-06
-800711e-06
-113561e-05
-132437e-05
-136090e-05
-125435e-05
-102601e-05
-709375e-06
-347076e-06
+121781e-07
+331854e-06
+587594e-06
+761132e-06
+837245e-06
+825067e-06
+736776e-06
+584549e-06
+398833e-06
+203983e-06
+213117e-07
-133959e-06
-249651e-06
-325765e-06
-359254e-06
-359254e-06
-340987e-06
-319676e-06
-295319e-06
-277052e-06
-258785e-06
-237473e-06
-207028e-06
-167449e-06
-115692e-06
-548015e-07
+121781e-07
+913359e-07
+170494e-06
+000000e+00
+000000e+00
+000000e+00
+000000e+00
[ENDDATA]
