[FILEINFO]
File: D:\CMC thesis\AE software\Poly\Vallen\P2.tra
SampleRate[Hz]: 10000000
SetsOnFile: 3
Samples: 2048
[SETINFO]
Set: 2
Index: 2
Time:  15 10:36:10 643.3672
Channel: 1
PreTriggerSamples: 100
Data: Amplitude [mV]
[DATA]
-304453e-08
-304453e-08
-608906e-08
-608906e-08
-304453e-08
-304453e-08
-304453e-08
+000000e+00
+000000e+00
+304453e-08
+304453e-08
+304453e-08
+304453e-08
+304453e-08
+000000e+00
+000000e+00
+000000e+00
+000000e+00
+000000e+00
+000000e+00
-304453e-08
-304453e-08
-304453e-08
-304453e-08
-304453e-08
-304453e-08
-304453e-08
-608906e-08
-608906e-08
-608906e-08
-304453e-08
-304453e-08
-304453e-08
-304453e-08
-608906e-08
-608906e-08
-304453e-08
-304453e-08
-304453e-08
-304453e-08
-304453e-08
-304453e-08
+000000e+00
-304453e-08
-304453e-08
+000000e+00
+000000e+00
+000000e+00
+000000e+00
+000000e+00
+000000e+00
+000000e+00
-304453e-08
+000000e+00
+304453e-08
+000000e+00
+000000e+00
+304453e-08
+304453e-08
+304453e-08
+000000e+00
+000000e+00
+000000e+00
-304453e-08
-304453e-08
-304453e-08
-608906e-08
-608906e-08
-608906e-08
-608906e-08
-608906e-08
-304453e-08
-304453e-08
-304453e-08
+000000e+00
+000000e+00
+000000e+00
+000000e+00
+000000e+00
+000000e+00
+000000e+00
-304453e-08
-304453e-08
+000000e+00
+000000e+00
+000000e+00
+000000e+00
-304453e-08
+000000e+00
+304453e-08
+000000e+00
+000000e+00
+000000e+00
+000000e+00
+000000e+00
-304453e-08
-608906e-08
-152226e-07
-243562e-07
-365343e-07
-517570e-07
-639351e-07
-669796e-07
-578460e-07
-274008e-07
+334898e-07
+118737e-06
+225295e-06
+328809e-06
+414056e-06
+471902e-06
+468857e-06
+398833e-06
+252696e-06
+334898e-07
-252696e-06
-575416e-06
-892047e-06
-117214e-05
-135786e-05
-141266e-05
-130915e-05
-102601e-05
-578460e-06
-608906e-08
+639351e-06
+126957e-05
+181454e-05
+219815e-05
+236255e-05
+228949e-05
+197285e-05
+143702e-05
+736776e-06
-456679e-07
-837245e-06
-155575e-05
-211899e-05
-246607e-05
-254827e-05
-235342e-05
-189979e-05
-122695e-05
-407967e-06
+459724e-06
+126957e-05
+191501e-05
+231384e-05
+240518e-05
+217684e-05
+165622e-05
+904225e-06
+182672e-07
-879869e-06
-166231e-05
-222555e-05
-249042e-05
-242649e-05
-203375e-05
-137613e-05
-544971e-06
+350121e-06
+118128e-05
+184498e-05
+224991e-05
+235342e-05
+215553e-05
+169580e-05
+104732e-05
+301408e-06
-429279e-06
-104123e-05
-146746e-05
-166840e-05
-164709e-05
-142179e-05
-105036e-05
-602817e-06
-133959e-06
+298364e-06
+645440e-06
+898136e-06
+104123e-05
+108081e-05
+102296e-05
+882913e-06
+678930e-06
+432323e-06
+167449e-06
-913359e-07
-310542e-06
-462768e-06
-529748e-06
-514525e-06
-429279e-06
-292275e-06
-137004e-06
-913359e-08
+639351e-07
+639351e-07
-913359e-08
-146137e-06
-310542e-06
-447546e-06
-523659e-06
-511481e-06
-401878e-06
-200939e-06
+578460e-07
+313586e-06
+526703e-06
+654574e-06
+660663e-06
+548015e-06
+344032e-06
+852468e-07
-188761e-06
-420145e-06
-578460e-06
-645440e-06
-621084e-06
-526703e-06
-386655e-06
-225295e-06
-700242e-07
+669796e-07
+182672e-06
+270963e-06
+337943e-06
+392744e-06
+450590e-06
+499303e-06
+535837e-06
+544971e-06
+523659e-06
+462768e-06
+362299e-06
+225295e-06
+548015e-07
-130915e-06
-313586e-06
-474946e-06
-602817e-06
-697197e-06
-733731e-06
-697197e-06
-581505e-06
-380566e-06
-103514e-06
+234429e-06
+599772e-06
+940759e-06
+119650e-05
+131524e-05
+126348e-05
+103210e-05
+648485e-06
+152226e-06
-386655e-06
-898136e-06
-130306e-05
-154662e-05
-160447e-05
-147355e-05
-117214e-05
-739820e-06
-234429e-06
+283141e-06
+761132e-06
+114170e-05
+137917e-05
+144920e-05
+133655e-05
+105645e-05
+633262e-06
+127870e-06
-404922e-06
-901181e-06
-128175e-05
-149486e-05
-151313e-05
-133046e-05
-974249e-06
-490169e-06
+456679e-07
+554104e-06
+962071e-06
+122086e-05
+129697e-05
+119346e-05
+934670e-06
+566282e-06
+161360e-06
-222251e-06
-538882e-06
-748954e-06
-843334e-06
-815934e-06
-678930e-06
-453635e-06
-170494e-06
+143093e-06
+444501e-06
+691108e-06
+855513e-06
+907270e-06
+834201e-06
+636306e-06
+347076e-06
+608906e-08
-325765e-06
-599772e-06
-761132e-06
-770266e-06
-633262e-06
-374477e-06
-426234e-07
+295319e-06
+578460e-06
+751999e-06
+767221e-06
+624128e-06
+331854e-06
-578460e-07
-496258e-06
-904225e-06
-120868e-05
-136090e-05
-131828e-05
-107167e-05
-645440e-06
-791577e-07
+544971e-06
+113256e-05
+160142e-05
+186934e-05
+189979e-05
+168058e-05
+123608e-05
+636306e-06
-456679e-07
-709375e-06
-126652e-05
-165927e-05
-185412e-05
-184498e-05
-164709e-05
-130306e-05
-849423e-06
-337943e-06
+179627e-06
+669796e-06
+109299e-05
+141266e-05
+160142e-05
+164100e-05
+151313e-05
+123608e-05
+815934e-06
+292275e-06
-277052e-06
-831156e-06
-131219e-05
-165318e-05
-181758e-05
-177800e-05
-153140e-05
-110212e-05
-529748e-06
+121781e-06
+779399e-06
+136699e-05
+180541e-05
+205201e-05
+207332e-05
+186021e-05
+143093e-05
+840290e-06
+161360e-06
-517570e-06
-111430e-05
-155271e-05
-178714e-05
-179323e-05
-158315e-05
-120868e-05
-724598e-06
-203983e-06
+286186e-06
+691108e-06
+977294e-06
+112952e-05
+115692e-05
+109299e-05
+946848e-06
+745910e-06
+505392e-06
+240518e-06
-304453e-07
-304453e-06
-560193e-06
-767221e-06
-907270e-06
-959027e-06
-907270e-06
-758088e-06
-523659e-06
-234429e-06
+761132e-07
+356210e-06
+572371e-06
+694153e-06
+700242e-06
+593683e-06
+389700e-06
+109603e-06
-200939e-06
-490169e-06
-715464e-06
-840290e-06
-837245e-06
-700242e-06
-450590e-06
-121781e-06
+240518e-06
+578460e-06
+834201e-06
+974249e-06
+974249e-06
+837245e-06
+581505e-06
+249651e-06
-112648e-06
-456679e-06
-727642e-06
-892047e-06
-928581e-06
-815934e-06
-566282e-06
-194850e-06
+258785e-06
+727642e-06
+114779e-05
+145224e-05
+158620e-05
+151313e-05
+122390e-05
+730687e-06
+974249e-07
-587594e-06
-122999e-05
-172625e-05
-198808e-05
-197285e-05
-166840e-05
-111430e-05
-401878e-06
+368388e-06
+107776e-05
+160447e-05
+187239e-05
+185716e-05
+157098e-05
+105950e-05
+404922e-06
-292275e-06
-937715e-06
-145833e-05
-179932e-05
-192719e-05
-183281e-05
-153749e-05
-108081e-05
-502347e-06
+137004e-06
+770266e-06
+132437e-05
+172929e-05
+193632e-05
+190283e-05
+162578e-05
+112039e-05
+453635e-06
-289230e-06
-101383e-05
-161664e-05
-201548e-05
-214639e-05
-198199e-05
-154053e-05
-876824e-06
-822023e-07
+748954e-06
+150704e-05
+208550e-05
+240213e-05
+241431e-05
+212204e-05
+155271e-05
+788533e-06
-608906e-07
-867691e-06
-152835e-05
-195459e-05
-208246e-05
-190587e-05
-147964e-05
-864646e-06
-167449e-06
+499303e-06
+105645e-05
+144311e-05
+163187e-05
+163187e-05
+147051e-05
+117823e-05
+791577e-06
+347076e-06
-127870e-06
-602817e-06
-104427e-05
-141875e-05
-167754e-05
-176887e-05
-166536e-05
-135177e-05
-843334e-06
-203983e-06
+477991e-06
+110212e-05
+155575e-05
+176278e-05
+168362e-05
+132741e-05
+745910e-06
+334898e-07
-685019e-06
-130915e-05
-175365e-05
-195154e-05
-187543e-05
-154662e-05
-102296e-05
-368388e-06
+340987e-06
+101687e-05
+158011e-05
+196372e-05
+212508e-05
+203983e-05
+170798e-05
+115997e-05
+450590e-06
-331854e-06
-108081e-05
-170189e-05
-210377e-05
-221946e-05
-202461e-05
-154053e-05
-834201e-06
+304453e-08
+864646e-06
+162578e-05
+218597e-05
+247520e-05
+245998e-05
+214030e-05
+155575e-05
+782444e-06
-822023e-07
-937715e-06
-168058e-05
-222251e-05
-248434e-05
-243562e-05
-207332e-05
-143397e-05
-608906e-06
+298364e-06
+116605e-05
+188152e-05
+234124e-05
+249042e-05
+231993e-05
+185412e-05
+115692e-05
+325765e-06
-535837e-06
-131828e-05
-194545e-05
-235342e-05
-251174e-05
-242040e-05
-208855e-05
-155575e-05
-879869e-06
-112648e-06
+669796e-06
+138222e-05
+195459e-05
+231689e-05
+241431e-05
+223773e-05
+179018e-05
+111734e-05
+310542e-06
-529748e-06
-128784e-05
-186325e-05
-217684e-05
-218597e-05
-189979e-05
-137613e-05
-697197e-06
+487125e-07
+748954e-06
+130001e-05
+164405e-05
+175669e-05
+163187e-05
+131828e-05
+876824e-06
+380566e-06
-109603e-06
-520614e-06
-815934e-06
-983383e-06
-102296e-05
-949893e-06
-791577e-06
-572371e-06
-313586e-06
-334898e-07
+246607e-06
+520614e-06
+761132e-06
+937715e-06
+102601e-05
+100469e-05
+861602e-06
+599772e-06
+249651e-06
-140048e-06
-511481e-06
-800711e-06
-959027e-06
-952937e-06
-785488e-06
-493214e-06
-127870e-06
+240518e-06
+532793e-06
+697197e-06
+709375e-06
+575416e-06
+328809e-06
+274008e-07
-280097e-06
-526703e-06
-678930e-06
-727642e-06
-675885e-06
-551060e-06
-383611e-06
-207028e-06
-426234e-07
+974249e-07
+207028e-06
+280097e-06
+319676e-06
+322720e-06
+286186e-06
+197894e-06
+669796e-07
-103514e-06
-304453e-06
-493214e-06
-639351e-06
-709375e-06
-666752e-06
-499303e-06
-216162e-06
+152226e-06
+560193e-06
+943804e-06
+122999e-05
+137613e-05
+133959e-05
+111430e-05
+730687e-06
+237473e-06
-289230e-06
-776355e-06
-114779e-05
-133959e-05
-132133e-05
-109299e-05
-688064e-06
-167449e-06
+395789e-06
+907270e-06
+130610e-05
+153749e-05
+156793e-05
+140657e-05
+107776e-05
+627173e-06
+124826e-06
-374477e-06
-815934e-06
-115692e-05
-136699e-05
-144615e-05
-138831e-05
-120563e-05
-919448e-06
-551060e-06
-130915e-06
+295319e-06
+691108e-06
+101078e-05
+122695e-05
+130306e-05
+120868e-05
+952937e-06
+557149e-06
+578460e-07
-493214e-06
-101687e-05
-144311e-05
-171711e-05
-180236e-05
-167754e-05
-134873e-05
-858557e-06
-261829e-06
+368388e-06
+962071e-06
+145224e-05
+178714e-05
+193023e-05
+186934e-05
+160142e-05
+114779e-05
+554104e-06
-112648e-06
-785488e-06
-137308e-05
-179932e-05
-200634e-05
-195459e-05
-164100e-05
-110516e-05
-407967e-06
+371432e-06
+112648e-05
+175669e-05
+218902e-05
+236560e-05
+226208e-05
+188761e-05
+128784e-05
+532793e-06
-283141e-06
-105341e-05
-168667e-05
-208855e-05
-220424e-05
-201548e-05
-154662e-05
-864646e-06
-730687e-07
+721553e-06
+139439e-05
+184194e-05
+200026e-05
+186325e-05
+145224e-05
+843334e-06
+130915e-06
-575416e-06
-117519e-05
-160142e-05
-180845e-05
-178105e-05
-154967e-05
-115388e-05
-654574e-06
-974249e-07
+450590e-06
+919448e-06
+127566e-05
+147964e-05
+149791e-05
+131828e-05
+952937e-06
+432323e-06
-182672e-06
-812889e-06
-137004e-05
-177192e-05
-194850e-05
-184194e-05
-147051e-05
-882913e-06
-133959e-06
+669796e-06
+140657e-05
+197285e-05
+229253e-05
+231689e-05
+204897e-05
+151009e-05
+779399e-06
-334898e-07
-834201e-06
-150704e-05
-196981e-05
-217379e-05
-208855e-05
-172929e-05
-114779e-05
-429279e-06
+337943e-06
+104732e-05
+161056e-05
+196677e-05
+207941e-05
+194850e-05
+160142e-05
+108385e-05
+465813e-06
-176583e-06
-779399e-06
-127870e-05
-162578e-05
-179018e-05
-176278e-05
-154358e-05
-115083e-05
-627173e-06
-243562e-07
+584549e-06
+111430e-05
+149486e-05
+167145e-05
+161360e-05
+132133e-05
+840290e-06
+237473e-06
-404922e-06
-986427e-06
-142484e-05
-166231e-05
-167449e-05
-146746e-05
-107472e-05
-560193e-06
+913359e-08
+551060e-06
+100469e-05
+133046e-05
+148573e-05
+146442e-05
+127870e-05
+949893e-06
+520614e-06
+274008e-07
-471902e-06
-919448e-06
-126043e-05
-145224e-05
-146746e-05
-130001e-05
-955982e-06
-462768e-06
+109603e-06
+691108e-06
+120259e-05
+156793e-05
+172929e-05
+165622e-05
+134873e-05
+843334e-06
+210072e-06
-471902e-06
-110516e-05
-159229e-05
-187239e-05
-189370e-05
-164709e-05
-116605e-05
-505392e-06
+246607e-06
+986427e-06
+161360e-05
+204288e-05
+220728e-05
+208246e-05
+168971e-05
+107776e-05
+331854e-06
-447546e-06
-115083e-05
-168667e-05
-199417e-05
-204288e-05
-182976e-05
-139744e-05
-815934e-06
-161360e-06
+481036e-06
+103818e-05
+144615e-05
+166536e-05
+168667e-05
+150704e-05
+114779e-05
+648485e-06
+669796e-07
-535837e-06
-110212e-05
-156184e-05
-187239e-05
-198199e-05
-185716e-05
-151618e-05
-995561e-06
-340987e-06
+380566e-06
+107167e-05
+163796e-05
+200026e-05
+211290e-05
+196068e-05
+155880e-05
+952937e-06
+225295e-06
-526703e-06
-120563e-05
-171711e-05
-200026e-05
-202766e-05
-179932e-05
-134873e-05
-739820e-06
-365343e-07
+675885e-06
+130915e-05
+180236e-05
+211290e-05
+220119e-05
+205810e-05
+169885e-05
+116301e-05
+493214e-06
-240518e-06
-959027e-06
-157402e-05
-201548e-05
-221337e-05
-213421e-05
-177800e-05
-117519e-05
-392744e-06
+471902e-06
+130001e-05
+197285e-05
+238691e-05
+248129e-05
+223164e-05
+166536e-05
+846379e-06
-109603e-06
-106254e-05
-188456e-05
-245693e-05
-270354e-05
-258785e-05
-213421e-05
-142179e-05
-544971e-06
+365343e-06
+118432e-05
+180541e-05
+214639e-05
+217379e-05
+189979e-05
+137308e-05
+663707e-06
-121781e-06
-873780e-06
-148573e-05
-188456e-05
-202766e-05
-189065e-05
-149791e-05
-907270e-06
-194850e-06
+538882e-06
+119650e-05
+168362e-05
+193023e-05
+191196e-05
+163491e-05
+113865e-05
+496258e-06
-194850e-06
-831156e-06
-132133e-05
-159229e-05
-162882e-05
-142484e-05
-101992e-05
-474946e-06
+124826e-06
+700242e-06
+117214e-05
+148269e-05
+159838e-05
+151313e-05
+125435e-05
+855513e-06
+377522e-06
-115692e-06
-554104e-06
-885958e-06
-108081e-05
-112039e-05
-101687e-05
-803756e-06
-523659e-06
-213117e-06
+852468e-07
+325765e-06
+499303e-06
+599772e-06
+624128e-06
+581505e-06
+481036e-06
+334898e-06
+149182e-06
-669796e-07
-307497e-06
-541926e-06
-745910e-06
-901181e-06
-974249e-06
-937715e-06
-785488e-06
-526703e-06
-188761e-06
+188761e-06
+560193e-06
+870735e-06
+106863e-05
+113256e-05
+106559e-05
+870735e-06
+572371e-06
+216162e-06
-152226e-06
-487125e-06
-751999e-06
-922492e-06
-980338e-06
-922492e-06
-761132e-06
-514525e-06
-210072e-06
+127870e-06
+450590e-06
+715464e-06
+901181e-06
+995561e-06
+980338e-06
+858557e-06
+657618e-06
+401878e-06
+118737e-06
-167449e-06
-423189e-06
-633262e-06
-782444e-06
-846379e-06
-831156e-06
-724598e-06
-532793e-06
-264874e-06
+456679e-07
+356210e-06
+636306e-06
+840290e-06
+928581e-06
+879869e-06
+697197e-06
+401878e-06
+274008e-07
-368388e-06
-724598e-06
-983383e-06
-110516e-05
-107167e-05
-885958e-06
-578460e-06
-191805e-06
+210072e-06
+566282e-06
+828112e-06
+959027e-06
+952937e-06
+806800e-06
+551060e-06
+231384e-06
-974249e-07
-386655e-06
-605861e-06
-715464e-06
-706331e-06
-587594e-06
-380566e-06
-133959e-06
+118737e-06
+340987e-06
+493214e-06
+572371e-06
+566282e-06
+481036e-06
+347076e-06
+176583e-06
-608906e-08
-185716e-06
-340987e-06
-450590e-06
-514525e-06
-520614e-06
-471902e-06
-359254e-06
-185716e-06
+213117e-07
+234429e-06
+435368e-06
+596728e-06
+681974e-06
+669796e-06
+563238e-06
+377522e-06
+130915e-06
-137004e-06
-380566e-06
-572371e-06
-678930e-06
-688064e-06
-599772e-06
-438412e-06
-222251e-06
+152226e-07
+237473e-06
+429279e-06
+572371e-06
+657618e-06
+678930e-06
+648485e-06
+560193e-06
+417100e-06
+231384e-06
+304453e-08
-258785e-06
-520614e-06
-755043e-06
-931626e-06
-100774e-05
-959027e-06
-770266e-06
-453635e-06
-426234e-07
+407967e-06
+825067e-06
+113561e-05
+127566e-05
+121477e-05
+952937e-06
+532793e-06
+121781e-07
-526703e-06
-986427e-06
-128175e-05
-137004e-05
-125739e-05
-962071e-06
-541926e-06
-761132e-07
+356210e-06
+691108e-06
+889002e-06
+940759e-06
+864646e-06
+697197e-06
+474946e-06
+243562e-06
+274008e-07
-158315e-06
-307497e-06
-417100e-06
-484080e-06
-511481e-06
-484080e-06
-392744e-06
-228340e-06
+304453e-08
+267919e-06
+538882e-06
+770266e-06
+904225e-06
+907270e-06
+770266e-06
+493214e-06
+115692e-06
-292275e-06
-669796e-06
-952937e-06
-108690e-05
-104732e-05
-849423e-06
-520614e-06
-115692e-06
+292275e-06
+633262e-06
+858557e-06
+940759e-06
+870735e-06
+663707e-06
+368388e-06
+274008e-07
-298364e-06
-560193e-06
-724598e-06
-770266e-06
-694153e-06
-523659e-06
-283141e-06
-243562e-07
+207028e-06
+368388e-06
+444501e-06
+435368e-06
+350121e-06
+219206e-06
+669796e-07
-669796e-07
-158315e-06
-200939e-06
-194850e-06
-149182e-06
-913359e-07
-426234e-07
-121781e-07
-913359e-08
-243562e-07
-487125e-07
-608906e-07
-517570e-07
-121781e-07
+608906e-07
+152226e-06
+240518e-06
+304453e-06
+325765e-06
+301408e-06
+234429e-06
+130915e-06
+152226e-07
-852468e-07
-158315e-06
-203983e-06
-210072e-06
-182672e-06
-140048e-06
-974249e-07
-578460e-07
-274008e-07
-304453e-08
+213117e-07
+487125e-07
+822023e-07
+121781e-06
+152226e-06
+167449e-06
+155271e-06
+106559e-06
+152226e-07
-943804e-07
-213117e-06
-319676e-06
-389700e-06
-392744e-06
-325765e-06
-191805e-06
-213117e-07
+167449e-06
+328809e-06
+438412e-06
+474946e-06
+423189e-06
+295319e-06
+115692e-06
-852468e-07
-280097e-06
-435368e-06
-526703e-06
-557149e-06
-520614e-06
-429279e-06
-292275e-06
-124826e-06
+548015e-07
+237473e-06
+404922e-06
+551060e-06
+660663e-06
+718509e-06
+724598e-06
+660663e-06
+517570e-06
+310542e-06
+578460e-07
-234429e-06
-517570e-06
-745910e-06
-895091e-06
-925537e-06
-818978e-06
-578460e-06
-216162e-06
+213117e-06
+654574e-06
+102905e-05
+127261e-05
+133655e-05
+119346e-05
+861602e-06
+377522e-06
-188761e-06
-751999e-06
-122390e-05
-152835e-05
-163187e-05
-151922e-05
-121172e-05
-761132e-06
-240518e-06
+274008e-06
+715464e-06
+102601e-05
+117519e-05
+116605e-05
+101687e-05
+761132e-06
+438412e-06
+974249e-07
-225295e-06
-490169e-06
-681974e-06
-794622e-06
-828112e-06
-782444e-06
-657618e-06
-468857e-06
-222251e-06
+700242e-07
+371432e-06
+654574e-06
+895091e-06
+105341e-05
+109603e-05
+101078e-05
+800711e-06
+484080e-06
+974249e-07
-313586e-06
-691108e-06
-983383e-06
-115083e-05
-116605e-05
-102905e-05
-751999e-06
-371432e-06
+730687e-07
+517570e-06
+919448e-06
+121781e-05
+136699e-05
+134568e-05
+114170e-05
+767221e-06
+261829e-06
-301408e-06
-855513e-06
-132437e-05
-162273e-05
-171407e-05
-157707e-05
-122390e-05
-706331e-06
-852468e-07
+541926e-06
+107776e-05
+144920e-05
+161056e-05
+155271e-05
+128784e-05
+861602e-06
+331854e-06
-213117e-06
-709375e-06
-110212e-05
-134873e-05
-143093e-05
-134873e-05
-111125e-05
-751999e-06
-313586e-06
+152226e-06
+605861e-06
+992516e-06
+126043e-05
+138526e-05
+133959e-05
+113865e-05
+806800e-06
+383611e-06
-730687e-07
-502347e-06
-843334e-06
-106254e-05
-112952e-05
-104732e-05
-834201e-06
-523659e-06
-161360e-06
+207028e-06
+544971e-06
+809845e-06
+977294e-06
+104732e-05
+100469e-05
+858557e-06
+624128e-06
+325765e-06
-121781e-07
-362299e-06
-688064e-06
-946848e-06
-111430e-05
-115997e-05
-107472e-05
-867691e-06
-557149e-06
-182672e-06
+213117e-06
+575416e-06
+861602e-06
+103210e-05
+107167e-05
+965116e-06
+736776e-06
+417100e-06
+395789e-07
-340987e-06
-678930e-06
-928581e-06
-105950e-05
-105645e-05
-931626e-06
-697197e-06
-395789e-06
-578460e-07
+277052e-06
+575416e-06
+806800e-06
+946848e-06
+995561e-06
+946848e-06
+806800e-06
+581505e-06
+295319e-06
-243562e-07
-353165e-06
-660663e-06
-898136e-06
-103210e-05
-104427e-05
-916403e-06
-660663e-06
-304453e-06
+103514e-06
+505392e-06
+834201e-06
+104427e-05
+110212e-05
+992516e-06
+736776e-06
+389700e-06
+608906e-08
-347076e-06
-618039e-06
-770266e-06
-776355e-06
-660663e-06
-459724e-06
-210072e-06
+456679e-07
+261829e-06
+423189e-06
+511481e-06
+529748e-06
+493214e-06
+407967e-06
+292275e-06
+155271e-06
+000000e+00
-158315e-06
-313586e-06
-441457e-06
-526703e-06
-560193e-06
-526703e-06
-423189e-06
-255740e-06
-487125e-07
+176583e-06
+380566e-06
+535837e-06
+627173e-06
+639351e-06
+572371e-06
+429279e-06
+240518e-06
+213117e-07
-203983e-06
-407967e-06
-575416e-06
-688064e-06
-730687e-06
-688064e-06
-563238e-06
-377522e-06
-143093e-06
+112648e-06
+353165e-06
+551060e-06
+672841e-06
+700242e-06
+618039e-06
+438412e-06
+185716e-06
-118737e-06
-423189e-06
-688064e-06
-864646e-06
-919448e-06
-843334e-06
-624128e-06
-295319e-06
+100469e-06
+514525e-06
+879869e-06
+113256e-05
+124217e-05
+118432e-05
+962071e-06
+614995e-06
+191805e-06
-234429e-06
-599772e-06
-849423e-06
-952937e-06
-907270e-06
-724598e-06
-441457e-06
-112648e-06
+207028e-06
+474946e-06
+657618e-06
+730687e-06
+694153e-06
+569327e-06
+383611e-06
+170494e-06
-426234e-07
-225295e-06
-371432e-06
-462768e-06
-508436e-06
-511481e-06
-484080e-06
-438412e-06
-362299e-06
-264874e-06
-155271e-06
-365343e-07
+882913e-07
+210072e-06
+310542e-06
+377522e-06
+407967e-06
+395789e-06
+334898e-06
+225295e-06
+730687e-07
-974249e-07
-277052e-06
-432323e-06
-548015e-06
-602817e-06
-575416e-06
-474946e-06
-304453e-06
-852468e-07
+143093e-06
+347076e-06
+487125e-06
+554104e-06
+529748e-06
+423189e-06
+264874e-06
+882913e-07
-669796e-07
-167449e-06
-194850e-06
-149182e-06
-395789e-07
+109603e-06
+258785e-06
+374477e-06
+432323e-06
+426234e-06
+362299e-06
+252696e-06
+115692e-06
-121781e-07
-109603e-06
-167449e-06
-185716e-06
-167449e-06
-137004e-06
-109603e-06
-943804e-07
-943804e-07
-112648e-06
-140048e-06
-161360e-06
-167449e-06
-155271e-06
-115692e-06
-608906e-07
+000000e+00
+517570e-07
+822023e-07
+852468e-07
+548015e-07
-304453e-08
-791577e-07
-164405e-06
-246607e-06
-322720e-06
-383611e-06
-417100e-06
-420145e-06
-386655e-06
-310542e-06
-197894e-06
-517570e-07
+127870e-06
+313586e-06
+481036e-06
+618039e-06
+685019e-06
+663707e-06
+548015e-06
+353165e-06
+103514e-06
-167449e-06
-407967e-06
-581505e-06
-654574e-06
-608906e-06
-450590e-06
-197894e-06
+115692e-06
+432323e-06
+697197e-06
+876824e-06
+934670e-06
+867691e-06
+678930e-06
+404922e-06
+822023e-07
-243562e-06
-517570e-06
-709375e-06
-794622e-06
-770266e-06
-642396e-06
-444501e-06
-200939e-06
+578460e-07
+286186e-06
+468857e-06
+596728e-06
+654574e-06
+633262e-06
+538882e-06
+386655e-06
+185716e-06
-487125e-07
-295319e-06
-529748e-06
-712420e-06
-825067e-06
-846379e-06
-764177e-06
-575416e-06
-304453e-06
+121781e-07
+328809e-06
+599772e-06
+773310e-06
+818978e-06
+733731e-06
+517570e-06
+210072e-06
-137004e-06
-468857e-06
-724598e-06
-867691e-06
-876824e-06
-758088e-06
-535837e-06
-240518e-06
+761132e-07
+356210e-06
+563238e-06
+675885e-06
+678930e-06
+584549e-06
+420145e-06
+216162e-06
+913359e-08
-167449e-06
-292275e-06
-344032e-06
-325765e-06
-243562e-06
-118737e-06
+274008e-07
+173538e-06
+289230e-06
+365343e-06
+389700e-06
+362299e-06
+289230e-06
+185716e-06
+608906e-07
-578460e-07
-155271e-06
-225295e-06
-252696e-06
-243562e-06
-200939e-06
-137004e-06
-608906e-07
+182672e-07
+100469e-06
+179627e-06
+243562e-06
+292275e-06
+319676e-06
+310542e-06
+264874e-06
+176583e-06
+365343e-07
-130915e-06
-307497e-06
-459724e-06
-557149e-06
-578460e-06
-505392e-06
-347076e-06
-115692e-06
+149182e-06
+395789e-06
+575416e-06
+657618e-06
+608906e-06
+441457e-06
+179627e-06
-137004e-06
-453635e-06
-715464e-06
-870735e-06
-901181e-06
-803756e-06
-593683e-06
-301408e-06
+243562e-07
+331854e-06
+581505e-06
+736776e-06
+782444e-06
+730687e-06
+578460e-06
+368388e-06
+130915e-06
-100469e-06
-295319e-06
-423189e-06
-474946e-06
-465813e-06
-395789e-06
-277052e-06
-137004e-06
-304453e-08
+118737e-06
+213117e-06
+267919e-06
+292275e-06
+289230e-06
+267919e-06
+234429e-06
+197894e-06
+161360e-06
+133959e-06
+103514e-06
+669796e-07
+334898e-07
-304453e-08
-456679e-07
-882913e-07
-133959e-06
-176583e-06
-200939e-06
-200939e-06
-170494e-06
-100469e-06
+608906e-08
+143093e-06
+289230e-06
+423189e-06
+523659e-06
+548015e-06
+490169e-06
+347076e-06
+124826e-06
-155271e-06
-438412e-06
-685019e-06
-852468e-06
-901181e-06
-828112e-06
-648485e-06
-386655e-06
-913359e-07
+188761e-06
+407967e-06
+529748e-06
+544971e-06
+462768e-06
+304453e-06
+106559e-06
-100469e-06
-280097e-06
-404922e-06
-465813e-06
-468857e-06
-414056e-06
-313586e-06
-182672e-06
-365343e-07
+112648e-06
+255740e-06
+377522e-06
+465813e-06
+520614e-06
+532793e-06
+502347e-06
+432323e-06
+328809e-06
+203983e-06
+669796e-07
-639351e-07
-173538e-06
-255740e-06
-304453e-06
-310542e-06
-274008e-06
-200939e-06
-943804e-07
+395789e-07
+182672e-06
+316631e-06
+426234e-06
+499303e-06
+508436e-06
+447546e-06
+325765e-06
+146137e-06
-669796e-07
-289230e-06
-487125e-06
-624128e-06
-685019e-06
-651529e-06
-532793e-06
-344032e-06
-112648e-06
+130915e-06
+344032e-06
+490169e-06
+557149e-06
+526703e-06
+401878e-06
+207028e-06
-304453e-07
-274008e-06
-484080e-06
-633262e-06
-709375e-06
-694153e-06
-605861e-06
-459724e-06
-270963e-06
-639351e-07
+133959e-06
+301408e-06
+429279e-06
+511481e-06
+538882e-06
+514525e-06
+438412e-06
+325765e-06
+188761e-06
+304453e-07
-112648e-06
-231384e-06
-313586e-06
-337943e-06
-298364e-06
-207028e-06
-791577e-07
+700242e-07
+219206e-06
+334898e-06
+407967e-06
+429279e-06
+395789e-06
+325765e-06
+225295e-06
+112648e-06
+304453e-08
-852468e-07
-149182e-06
-188761e-06
-207028e-06
-207028e-06
-194850e-06
-176583e-06
-152226e-06
-118737e-06
-761132e-07
-243562e-07
+365343e-07
+103514e-06
+161360e-06
+203983e-06
+216162e-06
+194850e-06
+130915e-06
+304453e-07
-943804e-07
-228340e-06
-359254e-06
-453635e-06
-496258e-06
-484080e-06
-411011e-06
-283141e-06
-112648e-06
+700242e-07
+249651e-06
+392744e-06
+487125e-06
+520614e-06
+484080e-06
+392744e-06
+264874e-06
+109603e-06
-487125e-07
-194850e-06
-313586e-06
-395789e-06
-426234e-06
-407967e-06
-340987e-06
-228340e-06
-943804e-07
+517570e-07
+194850e-06
+310542e-06
+386655e-06
+411011e-06
+380566e-06
+301408e-06
+188761e-06
+548015e-07
-639351e-07
-146137e-06
-182672e-06
-167449e-06
-109603e-06
-304453e-07
+517570e-07
+115692e-06
+137004e-06
+109603e-06
+365343e-07
-548015e-07
-143093e-06
-210072e-06
-231384e-06
-194850e-06
-115692e-06
-608906e-08
+115692e-06
+219206e-06
+277052e-06
+277052e-06
+216162e-06
+106559e-06
-243562e-07
-152226e-06
-249651e-06
-301408e-06
+000000e+00
+000000e+00
+000000e+00
+000000e+00
[ENDDATA]
