[FILEINFO]
File: D:\CMC thesis\AE software\Poly\Vallen\P22.tra
SampleRate[Hz]: 10000000
SetsOnFile: 4
Samples: 2048
[SETINFO]
Set: 4
Index: 4
Time:  15 06:50:09 482.4808
Channel: 2
PreTriggerSamples: 100
Data: Amplitude [mV]
[DATA]
+000000e+00
+304453e-08
+304453e-08
+000000e+00
+000000e+00
-304453e-08
-304453e-08
-608906e-08
-608906e-08
-608906e-08
-608906e-08
-304453e-08
-304453e-08
-304453e-08
+000000e+00
+304453e-08
+608906e-08
+608906e-08
+608906e-08
+304453e-08
+304453e-08
+000000e+00
-304453e-08
-304453e-08
+000000e+00
+000000e+00
+000000e+00
+000000e+00
+304453e-08
+304453e-08
+304453e-08
+000000e+00
+000000e+00
+000000e+00
+000000e+00
+000000e+00
+000000e+00
+000000e+00
+000000e+00
+000000e+00
+000000e+00
+000000e+00
-304453e-08
-608906e-08
-913359e-08
-913359e-08
-913359e-08
-913359e-08
-608906e-08
-608906e-08
-304453e-08
-304453e-08
-304453e-08
+000000e+00
+000000e+00
-304453e-08
-304453e-08
-608906e-08
-608906e-08
-608906e-08
-608906e-08
-913359e-08
-913359e-08
-608906e-08
-608906e-08
-608906e-08
-304453e-08
-304453e-08
-304453e-08
-304453e-08
+000000e+00
+000000e+00
+000000e+00
+000000e+00
+304453e-08
+304453e-08
+304453e-08
+304453e-08
+304453e-08
-304453e-08
-304453e-08
-608906e-08
-608906e-08
-608906e-08
-608906e-08
-304453e-08
-304453e-08
-304453e-08
+000000e+00
+608906e-08
+121781e-07
+152226e-07
+182672e-07
+182672e-07
+213117e-07
+182672e-07
+608906e-08
-121781e-07
-334898e-07
-578460e-07
-791577e-07
-943804e-07
-103514e-06
-974249e-07
-730687e-07
-334898e-07
+274008e-07
+974249e-07
+173538e-06
+240518e-06
+286186e-06
+310542e-06
+304453e-06
+264874e-06
+188761e-06
+822023e-07
-426234e-07
-185716e-06
-331854e-06
-462768e-06
-563238e-06
-621084e-06
-618039e-06
-544971e-06
-404922e-06
-210072e-06
+274008e-07
+283141e-06
+532793e-06
+739820e-06
+873780e-06
+919448e-06
+867691e-06
+718509e-06
+481036e-06
+182672e-06
-140048e-06
-456679e-06
-733731e-06
-940759e-06
-105036e-05
-105341e-05
-943804e-06
-727642e-06
-432323e-06
-852468e-07
+274008e-06
+614995e-06
+904225e-06
+109603e-05
+116910e-05
+112343e-05
+949893e-06
+663707e-06
+304453e-06
-943804e-07
-493214e-06
-843334e-06
-110516e-05
-123912e-05
-124521e-05
-111430e-05
-849423e-06
-487125e-06
-700242e-07
+359254e-06
+751999e-06
+105950e-05
+124521e-05
+129392e-05
+119041e-05
+946848e-06
+593683e-06
+170494e-06
-261829e-06
-666752e-06
-998605e-06
-120868e-05
-127870e-05
-120868e-05
-995561e-06
-669796e-06
-277052e-06
+140048e-06
+535837e-06
+864646e-06
+108385e-05
+117214e-05
+112343e-05
+940759e-06
+645440e-06
+286186e-06
-943804e-07
-450590e-06
-733731e-06
-913359e-06
-965116e-06
-892047e-06
-706331e-06
-432323e-06
-121781e-06
+188761e-06
+456679e-06
+651529e-06
+742865e-06
+733731e-06
+630217e-06
+447546e-06
+222251e-06
-121781e-07
-234429e-06
-407967e-06
-514525e-06
-554104e-06
-523659e-06
-435368e-06
-298364e-06
-130915e-06
+395789e-07
+194850e-06
+307497e-06
+374477e-06
+386655e-06
+347076e-06
+264874e-06
+143093e-06
+608906e-08
-115692e-06
-213117e-06
-270963e-06
-277052e-06
-231384e-06
-149182e-06
-456679e-07
+700242e-07
+173538e-06
+249651e-06
+286186e-06
+277052e-06
+225295e-06
+137004e-06
+182672e-07
-106559e-06
-231384e-06
-347076e-06
-426234e-06
-450590e-06
-435368e-06
-368388e-06
-243562e-06
-882913e-07
+822023e-07
+255740e-06
+401878e-06
+508436e-06
+560193e-06
+541926e-06
+456679e-06
+322720e-06
+155271e-06
-334898e-07
-210072e-06
-362299e-06
-453635e-06
-481036e-06
-465813e-06
-395789e-06
-277052e-06
-137004e-06
+304453e-08
+133959e-06
+240518e-06
+310542e-06
+340987e-06
+340987e-06
+310542e-06
+255740e-06
+173538e-06
+822023e-07
-913359e-08
-882913e-07
-152226e-06
-207028e-06
-240518e-06
-249651e-06
-231384e-06
-188761e-06
-130915e-06
-700242e-07
+000000e+00
+730687e-07
+133959e-06
+179627e-06
+207028e-06
+210072e-06
+191805e-06
+152226e-06
+943804e-07
+304453e-07
-334898e-07
-913359e-07
-140048e-06
-173538e-06
-194850e-06
-194850e-06
-173538e-06
-140048e-06
-943804e-07
-426234e-07
+121781e-07
+669796e-07
+112648e-06
+146137e-06
+167449e-06
+167449e-06
+152226e-06
+124826e-06
+852468e-07
+365343e-07
-121781e-07
-578460e-07
-913359e-07
-115692e-06
-124826e-06
-121781e-06
-112648e-06
-943804e-07
-761132e-07
-608906e-07
-548015e-07
-487125e-07
-456679e-07
-426234e-07
-334898e-07
-121781e-07
+213117e-07
+700242e-07
+121781e-06
+176583e-06
+228340e-06
+261829e-06
+267919e-06
+246607e-06
+194850e-06
+118737e-06
+274008e-07
-669796e-07
-161360e-06
-246607e-06
-310542e-06
-347076e-06
-340987e-06
-298364e-06
-216162e-06
-112648e-06
+913359e-08
+143093e-06
+267919e-06
+368388e-06
+429279e-06
+444501e-06
+401878e-06
+310542e-06
+167449e-06
-121781e-07
-203983e-06
-386655e-06
-535837e-06
-630217e-06
-654574e-06
-605861e-06
-487125e-06
-301408e-06
-730687e-07
+170494e-06
+407967e-06
+605861e-06
+745910e-06
+806800e-06
+779399e-06
+669796e-06
+481036e-06
+240518e-06
-304453e-07
-310542e-06
-557149e-06
-748954e-06
-861602e-06
-879869e-06
-809845e-06
-645440e-06
-404922e-06
-121781e-06
+179627e-06
+465813e-06
+700242e-06
+852468e-06
+910314e-06
+861602e-06
+715464e-06
+484080e-06
+200939e-06
-100469e-06
-380566e-06
-614995e-06
-770266e-06
-831156e-06
-791577e-06
-657618e-06
-453635e-06
-197894e-06
+791577e-07
+325765e-06
+529748e-06
+666752e-06
+712420e-06
+669796e-06
+541926e-06
+356210e-06
+133959e-06
-974249e-07
-316631e-06
-484080e-06
-584549e-06
-618039e-06
-572371e-06
-468857e-06
-310542e-06
-124826e-06
+639351e-07
+237473e-06
+368388e-06
+444501e-06
+468857e-06
+435368e-06
+353165e-06
+234429e-06
+974249e-07
-334898e-07
-146137e-06
-228340e-06
-274008e-06
-270963e-06
-225295e-06
-152226e-06
-669796e-07
+243562e-07
+103514e-06
+155271e-06
+176583e-06
+161360e-06
+115692e-06
+426234e-07
-395789e-07
-121781e-06
-188761e-06
-225295e-06
-219206e-06
-170494e-06
-943804e-07
+608906e-08
+118737e-06
+222251e-06
+292275e-06
+319676e-06
+304453e-06
+237473e-06
+133959e-06
+608906e-08
-124826e-06
-243562e-06
-340987e-06
-395789e-06
-398833e-06
-356210e-06
-270963e-06
-155271e-06
-274008e-07
+100469e-06
+225295e-06
+319676e-06
+380566e-06
+401878e-06
+383611e-06
+328809e-06
+240518e-06
+121781e-06
-304453e-08
-124826e-06
-237473e-06
-328809e-06
-383611e-06
-401878e-06
-377522e-06
-313586e-06
-216162e-06
-106559e-06
+913359e-08
+130915e-06
+243562e-06
+322720e-06
+374477e-06
+395789e-06
+371432e-06
+316631e-06
+219206e-06
+974249e-07
-334898e-07
-164405e-06
-286186e-06
-377522e-06
-426234e-06
-429279e-06
-383611e-06
-292275e-06
-167449e-06
-274008e-07
+112648e-06
+240518e-06
+334898e-06
+383611e-06
+386655e-06
+344032e-06
+255740e-06
+130915e-06
-304453e-08
-133959e-06
-240518e-06
-310542e-06
-337943e-06
-310542e-06
-237473e-06
-140048e-06
-304453e-07
+791577e-07
+176583e-06
+249651e-06
+280097e-06
+270963e-06
+231384e-06
+167449e-06
+822023e-07
-608906e-08
-791577e-07
-130915e-06
-161360e-06
-164405e-06
-149182e-06
-115692e-06
-700242e-07
-243562e-07
+182672e-07
+517570e-07
+639351e-07
+608906e-07
+456679e-07
+213117e-07
-121781e-07
-456679e-07
-700242e-07
-822023e-07
-882913e-07
-822023e-07
-639351e-07
-334898e-07
+304453e-08
+426234e-07
+761132e-07
+100469e-06
+109603e-06
+100469e-06
+700242e-07
+243562e-07
-334898e-07
-852468e-07
-127870e-06
-155271e-06
-158315e-06
-130915e-06
-791577e-07
-121781e-07
+700242e-07
+146137e-06
+207028e-06
+243562e-06
+252696e-06
+231384e-06
+182672e-06
+112648e-06
+334898e-07
-487125e-07
-127870e-06
-197894e-06
-249651e-06
-274008e-06
-277052e-06
-252696e-06
-197894e-06
-121781e-06
-395789e-07
+487125e-07
+140048e-06
+216162e-06
+274008e-06
+301408e-06
+298364e-06
+264874e-06
+203983e-06
+130915e-06
+517570e-07
-243562e-07
-852468e-07
-130915e-06
-161360e-06
-167449e-06
-158315e-06
-140048e-06
-112648e-06
-852468e-07
-578460e-07
-334898e-07
-913359e-08
+121781e-07
+334898e-07
+487125e-07
+639351e-07
+700242e-07
+639351e-07
+456679e-07
+182672e-07
-182672e-07
-608906e-07
-100469e-06
-133959e-06
-155271e-06
-155271e-06
-133959e-06
-913359e-07
-395789e-07
+243562e-07
+943804e-07
+149182e-06
+188761e-06
+207028e-06
+197894e-06
+161360e-06
+106559e-06
+456679e-07
-213117e-07
-822023e-07
-124826e-06
-152226e-06
-155271e-06
-140048e-06
-109603e-06
-700242e-07
-274008e-07
+152226e-07
+548015e-07
+791577e-07
+882913e-07
+822023e-07
+608906e-07
+304453e-07
-304453e-08
-304453e-07
-487125e-07
-517570e-07
-365343e-07
+304453e-08
+578460e-07
+121781e-06
+185716e-06
+228340e-06
+243562e-06
+225295e-06
+164405e-06
+669796e-07
-548015e-07
-182672e-06
-304453e-06
-389700e-06
-426234e-06
-404922e-06
-325765e-06
-197894e-06
-456679e-07
+112648e-06
+261829e-06
+374477e-06
+447546e-06
+456679e-06
+407967e-06
+316631e-06
+185716e-06
+274008e-07
-130915e-06
-274008e-06
-383611e-06
-444501e-06
-453635e-06
-411011e-06
-316631e-06
-182672e-06
-334898e-07
+124826e-06
+264874e-06
+365343e-06
+420145e-06
+423189e-06
+374477e-06
+277052e-06
+140048e-06
-152226e-07
-173538e-06
-310542e-06
-407967e-06
-453635e-06
-450590e-06
-398833e-06
-304453e-06
-179627e-06
-426234e-07
+852468e-07
+200939e-06
+292275e-06
+344032e-06
+359254e-06
+344032e-06
+298364e-06
+225295e-06
+124826e-06
+152226e-07
-913359e-07
-188761e-06
-267919e-06
-322720e-06
-344032e-06
-322720e-06
-267919e-06
-185716e-06
-882913e-07
+213117e-07
+133959e-06
+231384e-06
+304453e-06
+344032e-06
+356210e-06
+337943e-06
+289230e-06
+216162e-06
+127870e-06
+334898e-07
-517570e-07
-121781e-06
-176583e-06
-213117e-06
-228340e-06
-222251e-06
-191805e-06
-149182e-06
-100469e-06
-456679e-07
+913359e-08
+669796e-07
+112648e-06
+143093e-06
+155271e-06
+152226e-06
+130915e-06
+943804e-07
+487125e-07
-304453e-08
-487125e-07
-852468e-07
-112648e-06
-130915e-06
-140048e-06
-140048e-06
-137004e-06
-127870e-06
-115692e-06
-943804e-07
-669796e-07
-274008e-07
+243562e-07
+852468e-07
+143093e-06
+188761e-06
+219206e-06
+222251e-06
+194850e-06
+140048e-06
+639351e-07
-274008e-07
-118737e-06
-197894e-06
-255740e-06
-283141e-06
-283141e-06
-249651e-06
-188761e-06
-109603e-06
-213117e-07
+669796e-07
+143093e-06
+207028e-06
+252696e-06
+274008e-06
+267919e-06
+243562e-06
+191805e-06
+127870e-06
+608906e-07
-913359e-08
-730687e-07
-124826e-06
-158315e-06
-176583e-06
-176583e-06
-161360e-06
-133959e-06
-943804e-07
-517570e-07
-304453e-08
+456679e-07
+913359e-07
+130915e-06
+158315e-06
+173538e-06
+170494e-06
+152226e-06
+121781e-06
+791577e-07
+274008e-07
-274008e-07
-730687e-07
-109603e-06
-140048e-06
-152226e-06
-152226e-06
-137004e-06
-112648e-06
-791577e-07
-395789e-07
+608906e-08
+548015e-07
+100469e-06
+137004e-06
+164405e-06
+176583e-06
+167449e-06
+146137e-06
+103514e-06
+456679e-07
-182672e-07
-852468e-07
-146137e-06
-197894e-06
-237473e-06
-249651e-06
-237473e-06
-203983e-06
-146137e-06
-822023e-07
-121781e-07
+639351e-07
+124826e-06
+167449e-06
+194850e-06
+185716e-06
+149182e-06
+882913e-07
+121781e-07
-700242e-07
-140048e-06
-191805e-06
-216162e-06
-200939e-06
-146137e-06
-669796e-07
+395789e-07
+152226e-06
+255740e-06
+325765e-06
+359254e-06
+353165e-06
+301408e-06
+207028e-06
+761132e-07
-700242e-07
-216162e-06
-353165e-06
-453635e-06
-496258e-06
-481036e-06
-407967e-06
-270963e-06
-882913e-07
+115692e-06
+316631e-06
+493214e-06
+618039e-06
+666752e-06
+630217e-06
+511481e-06
+331854e-06
+112648e-06
-130915e-06
-353165e-06
-532793e-06
-642396e-06
-675885e-06
-624128e-06
-499303e-06
-313586e-06
-852468e-07
+152226e-06
+368388e-06
+544971e-06
+660663e-06
+694153e-06
+642396e-06
+508436e-06
+316631e-06
+822023e-07
-164405e-06
-389700e-06
-569327e-06
-681974e-06
-709375e-06
-657618e-06
-535837e-06
-359254e-06
-158315e-06
+456679e-07
+231384e-06
+374477e-06
+465813e-06
+508436e-06
+490169e-06
+417100e-06
+313586e-06
+185716e-06
+426234e-07
-974249e-07
-222251e-06
-325765e-06
-392744e-06
-414056e-06
-392744e-06
-328809e-06
-237473e-06
-127870e-06
-121781e-07
+974249e-07
+197894e-06
+277052e-06
+325765e-06
+340987e-06
+328809e-06
+289230e-06
+219206e-06
+124826e-06
+152226e-07
-913359e-07
-188761e-06
-267919e-06
-313586e-06
-319676e-06
-280097e-06
-200939e-06
-974249e-07
+182672e-07
+133959e-06
+231384e-06
+292275e-06
+310542e-06
+295319e-06
+243562e-06
+170494e-06
+822023e-07
+000000e+00
-700242e-07
-121781e-06
-155271e-06
-173538e-06
-173538e-06
-161360e-06
-133959e-06
-974249e-07
-548015e-07
-608906e-08
+487125e-07
+974249e-07
+137004e-06
+164405e-06
+170494e-06
+158315e-06
+127870e-06
+852468e-07
+334898e-07
-182672e-07
-669796e-07
-106559e-06
-140048e-06
-164405e-06
-173538e-06
-176583e-06
-170494e-06
-152226e-06
-127870e-06
-913359e-07
-456679e-07
+913359e-08
+700242e-07
+127870e-06
+179627e-06
+213117e-06
+228340e-06
+225295e-06
+200939e-06
+155271e-06
+974249e-07
+274008e-07
-456679e-07
-118737e-06
-191805e-06
-252696e-06
-301408e-06
-325765e-06
-313586e-06
-274008e-06
-200939e-06
-100469e-06
+913359e-08
+124826e-06
+234429e-06
+313586e-06
+356210e-06
+362299e-06
+334898e-06
+264874e-06
+158315e-06
+365343e-07
-882913e-07
-200939e-06
-289230e-06
-340987e-06
-350121e-06
-310542e-06
-228340e-06
-121781e-06
+304453e-08
+137004e-06
+258785e-06
+350121e-06
+407967e-06
+429279e-06
+401878e-06
+337943e-06
+240518e-06
+112648e-06
-243562e-07
-161360e-06
-292275e-06
-398833e-06
-462768e-06
-487125e-06
-477991e-06
-420145e-06
-316631e-06
-170494e-06
-304453e-08
+176583e-06
+344032e-06
+477991e-06
+575416e-06
+605861e-06
+560193e-06
+441457e-06
+270963e-06
+700242e-07
-149182e-06
-353165e-06
-511481e-06
-611950e-06
-642396e-06
-599772e-06
-499303e-06
-347076e-06
-161360e-06
+274008e-07
+200939e-06
+334898e-06
+429279e-06
+477991e-06
+471902e-06
+417100e-06
+325765e-06
+207028e-06
+669796e-07
-639351e-07
-188761e-06
-295319e-06
-362299e-06
-389700e-06
-383611e-06
-337943e-06
-258785e-06
-161360e-06
-548015e-07
+608906e-07
+173538e-06
+264874e-06
+325765e-06
+359254e-06
+365343e-06
+340987e-06
+286186e-06
+197894e-06
+882913e-07
-274008e-07
-137004e-06
-237473e-06
-316631e-06
-356210e-06
-353165e-06
-304453e-06
-219206e-06
-118737e-06
-913359e-08
+103514e-06
+200939e-06
+270963e-06
+301408e-06
+292275e-06
+252696e-06
+179627e-06
+913359e-07
+000000e+00
-791577e-07
-137004e-06
-176583e-06
-185716e-06
-170494e-06
-137004e-06
-913359e-07
-365343e-07
+152226e-07
+578460e-07
+882913e-07
+974249e-07
+882913e-07
+669796e-07
+365343e-07
+000000e+00
-334898e-07
-548015e-07
-700242e-07
-761132e-07
-730687e-07
-639351e-07
-517570e-07
-334898e-07
-121781e-07
+121781e-07
+365343e-07
+548015e-07
+669796e-07
+700242e-07
+608906e-07
+395789e-07
+913359e-08
-304453e-07
-700242e-07
-106559e-06
-133959e-06
-140048e-06
-127870e-06
-943804e-07
-456679e-07
+213117e-07
+943804e-07
+164405e-06
+219206e-06
+249651e-06
+246607e-06
+210072e-06
+143093e-06
+517570e-07
-548015e-07
-158315e-06
-252696e-06
-319676e-06
-347076e-06
-319676e-06
-246607e-06
-137004e-06
-913359e-08
+130915e-06
+258785e-06
+350121e-06
+398833e-06
+398833e-06
+356210e-06
+274008e-06
+158315e-06
+243562e-07
-103514e-06
-216162e-06
-307497e-06
-359254e-06
-374477e-06
-350121e-06
-289230e-06
-200939e-06
-100469e-06
+608906e-08
+112648e-06
+203983e-06
+274008e-06
+310542e-06
+310542e-06
+270963e-06
+200939e-06
+109603e-06
+121781e-07
-761132e-07
-149182e-06
-200939e-06
-219206e-06
-203983e-06
-161360e-06
-103514e-06
-395789e-07
+182672e-07
+669796e-07
+974249e-07
+103514e-06
+882913e-07
+608906e-07
+304453e-07
-304453e-08
-304453e-07
-456679e-07
-517570e-07
-487125e-07
-365343e-07
-243562e-07
-121781e-07
-608906e-08
-913359e-08
-182672e-07
-304453e-07
-456679e-07
-578460e-07
-669796e-07
-639351e-07
-548015e-07
-334898e-07
+608906e-08
+487125e-07
+913359e-07
+133959e-06
+164405e-06
+185716e-06
+188761e-06
+167449e-06
+124826e-06
+669796e-07
-608906e-08
-822023e-07
-155271e-06
-222251e-06
-267919e-06
-289230e-06
-283141e-06
-240518e-06
-167449e-06
-791577e-07
+213117e-07
+130915e-06
+228340e-06
+301408e-06
+340987e-06
+347076e-06
+328809e-06
+277052e-06
+191805e-06
+882913e-07
-182672e-07
-124826e-06
-228340e-06
-316631e-06
-377522e-06
-401878e-06
-389700e-06
-334898e-06
-240518e-06
-121781e-06
+243562e-07
+179627e-06
+322720e-06
+441457e-06
+514525e-06
+529748e-06
+484080e-06
+377522e-06
+219206e-06
+243562e-07
-176583e-06
-362299e-06
-505392e-06
-587594e-06
-602817e-06
-544971e-06
-432323e-06
-267919e-06
-761132e-07
+118737e-06
+298364e-06
+447546e-06
+554104e-06
+605861e-06
+590639e-06
+514525e-06
+389700e-06
+222251e-06
+243562e-07
-176583e-06
-368388e-06
-523659e-06
-627173e-06
-663707e-06
-636306e-06
-535837e-06
-380566e-06
-188761e-06
+213117e-07
+225295e-06
+398833e-06
+523659e-06
+587594e-06
+581505e-06
+505392e-06
+374477e-06
+200939e-06
+304453e-08
-191805e-06
-368388e-06
-493214e-06
-554104e-06
-551060e-06
-487125e-06
-353165e-06
-170494e-06
+243562e-07
+222251e-06
+392744e-06
+514525e-06
+581505e-06
+575416e-06
+499303e-06
+371432e-06
+207028e-06
+182672e-07
-167449e-06
-331854e-06
-444501e-06
-499303e-06
-499303e-06
-444501e-06
-331854e-06
-173538e-06
-913359e-08
+158315e-06
+304453e-06
+417100e-06
+484080e-06
+496258e-06
+450590e-06
+362299e-06
+234429e-06
+852468e-07
-639351e-07
-203983e-06
-322720e-06
-407967e-06
-441457e-06
-438412e-06
-392744e-06
-313586e-06
-210072e-06
-100469e-06
+913359e-08
+115692e-06
+203983e-06
+274008e-06
+310542e-06
+316631e-06
+286186e-06
+222251e-06
+140048e-06
+395789e-07
-639351e-07
-152226e-06
-228340e-06
-274008e-06
-289230e-06
-274008e-06
-231384e-06
-161360e-06
-730687e-07
+182672e-07
+109603e-06
+194850e-06
+258785e-06
+292275e-06
+298364e-06
+267919e-06
+200939e-06
+109603e-06
+304453e-08
-103514e-06
-197894e-06
-274008e-06
-316631e-06
-316631e-06
-274008e-06
-197894e-06
-100469e-06
+000000e+00
+974249e-07
+179627e-06
+237473e-06
+261829e-06
+249651e-06
+213117e-06
+158315e-06
+943804e-07
+334898e-07
-213117e-07
-578460e-07
-761132e-07
-791577e-07
-700242e-07
-548015e-07
-334898e-07
-913359e-08
+152226e-07
+304453e-07
+334898e-07
+304453e-07
+213117e-07
+913359e-08
-608906e-08
-182672e-07
-304453e-07
-365343e-07
-395789e-07
-395789e-07
-395789e-07
-334898e-07
-243562e-07
-152226e-07
+000000e+00
+182672e-07
+395789e-07
+578460e-07
+730687e-07
+761132e-07
+608906e-07
+334898e-07
-913359e-08
-548015e-07
-974249e-07
-130915e-06
-152226e-06
-152226e-06
-127870e-06
-882913e-07
-395789e-07
+152226e-07
+639351e-07
+943804e-07
+103514e-06
+882913e-07
+517570e-07
+608906e-08
-395789e-07
-761132e-07
-943804e-07
-100469e-06
-852468e-07
-578460e-07
-152226e-07
+334898e-07
+730687e-07
+106559e-06
+115692e-06
+106559e-06
+822023e-07
+426234e-07
+000000e+00
-365343e-07
-578460e-07
-608906e-07
-487125e-07
-121781e-07
+365343e-07
+882913e-07
+127870e-06
+143093e-06
+137004e-06
+106559e-06
+517570e-07
-152226e-07
-852468e-07
-143093e-06
-182672e-06
-191805e-06
-170494e-06
-118737e-06
-517570e-07
+243562e-07
+100469e-06
+164405e-06
+207028e-06
+225295e-06
+210072e-06
+164405e-06
+103514e-06
+304453e-07
-487125e-07
-121781e-06
-182672e-06
-225295e-06
-237473e-06
-213117e-06
-161360e-06
-882913e-07
-304453e-08
+852468e-07
+164405e-06
+219206e-06
+237473e-06
+219206e-06
+164405e-06
+822023e-07
-182672e-07
-112648e-06
-197894e-06
-258785e-06
-280097e-06
-267919e-06
-219206e-06
-140048e-06
-456679e-07
+517570e-07
+140048e-06
+210072e-06
+252696e-06
+261829e-06
+234429e-06
+176583e-06
+943804e-07
+304453e-08
-852468e-07
-167449e-06
-231384e-06
-264874e-06
-264874e-06
-228340e-06
-161360e-06
-761132e-07
+182672e-07
+115692e-06
+200939e-06
+258785e-06
+280097e-06
+258785e-06
+207028e-06
+127870e-06
+334898e-07
-608906e-07
-140048e-06
-194850e-06
-222251e-06
-210072e-06
-161360e-06
-882913e-07
-304453e-08
+882913e-07
+170494e-06
+225295e-06
+243562e-06
+228340e-06
+182672e-06
+109603e-06
+304453e-07
-487125e-07
-115692e-06
-161360e-06
-182672e-06
-182672e-06
-158315e-06
-121781e-06
-700242e-07
-121781e-07
+456679e-07
+943804e-07
+130915e-06
+155271e-06
+161360e-06
+149182e-06
+121781e-06
+730687e-07
+152226e-07
-456679e-07
-106559e-06
-155271e-06
-191805e-06
-207028e-06
-191805e-06
-152226e-06
-974249e-07
-274008e-07
+456679e-07
+109603e-06
+161360e-06
+191805e-06
+194850e-06
+161360e-06
+106559e-06
+334898e-07
-487125e-07
-127870e-06
-197894e-06
-246607e-06
-261829e-06
-243562e-06
-188761e-06
-106559e-06
-121781e-07
+913359e-07
+188761e-06
+261829e-06
+298364e-06
+298364e-06
+258785e-06
+185716e-06
+913359e-07
-608906e-08
-943804e-07
-164405e-06
-207028e-06
-222251e-06
-200939e-06
-152226e-06
-943804e-07
-274008e-07
+365343e-07
+882913e-07
+124826e-06
+137004e-06
+133959e-06
+115692e-06
+791577e-07
+395789e-07
+000000e+00
-334898e-07
-548015e-07
-669796e-07
-669796e-07
-578460e-07
-395789e-07
-152226e-07
+913359e-08
+334898e-07
+517570e-07
+639351e-07
+700242e-07
+639351e-07
+517570e-07
+334898e-07
+913359e-08
-213117e-07
-487125e-07
-669796e-07
-791577e-07
-822023e-07
-730687e-07
-548015e-07
-274008e-07
+913359e-08
+395789e-07
+608906e-07
+730687e-07
+608906e-07
+304453e-07
-913359e-08
-517570e-07
-913359e-07
-121781e-06
-137004e-06
-127870e-06
-943804e-07
-456679e-07
+213117e-07
+943804e-07
+158315e-06
+210072e-06
+237473e-06
+237473e-06
+207028e-06
+146137e-06
+639351e-07
-274008e-07
-118737e-06
-210072e-06
-280097e-06
-316631e-06
-316631e-06
-283141e-06
-216162e-06
-127870e-06
-243562e-07
+791577e-07
+176583e-06
+246607e-06
+289230e-06
+298364e-06
+274008e-06
+219206e-06
+146137e-06
+669796e-07
-121781e-07
-791577e-07
-137004e-06
-179627e-06
-207028e-06
-213117e-06
-197894e-06
-167449e-06
-124826e-06
-669796e-07
+000000e+00
+730687e-07
+146137e-06
+207028e-06
+252696e-06
+277052e-06
+274008e-06
+246607e-06
+191805e-06
+112648e-06
+182672e-07
-822023e-07
-179627e-06
-267919e-06
-334898e-06
-374477e-06
-374477e-06
-334898e-06
-252696e-06
-140048e-06
-121781e-07
+130915e-06
+261829e-06
+365343e-06
+435368e-06
+459724e-06
+429279e-06
+356210e-06
+240518e-06
+913359e-07
-700242e-07
-228340e-06
-368388e-06
-465813e-06
-508436e-06
-502347e-06
-444501e-06
-334898e-06
-182672e-06
-121781e-07
+161360e-06
+313586e-06
+429279e-06
+496258e-06
+502347e-06
+441457e-06
+328809e-06
+176583e-06
+000000e+00
-173538e-06
-325765e-06
-429279e-06
-471902e-06
-459724e-06
-395789e-06
-280097e-06
-130915e-06
+243562e-07
+170494e-06
+286186e-06
+362299e-06
+398833e-06
+389700e-06
+340987e-06
+258785e-06
+140048e-06
+608906e-08
-115692e-06
-222251e-06
-310542e-06
-359254e-06
-362299e-06
-316631e-06
-234429e-06
-133959e-06
-243562e-07
+822023e-07
+176583e-06
+243562e-06
+280097e-06
+283141e-06
+258785e-06
+207028e-06
+140048e-06
+700242e-07
-608906e-08
-700242e-07
-121781e-06
-161360e-06
-191805e-06
-200939e-06
-188761e-06
-161360e-06
-118737e-06
-669796e-07
-608906e-08
+578460e-07
+115692e-06
+164405e-06
+197894e-06
+207028e-06
+194850e-06
+164405e-06
+115692e-06
+578460e-07
-608906e-08
-669796e-07
-121781e-06
-161360e-06
-185716e-06
-191805e-06
-176583e-06
-149182e-06
-109603e-06
-608906e-07
-608906e-08
+517570e-07
+103514e-06
+143093e-06
+170494e-06
+185716e-06
+182672e-06
+158315e-06
+118737e-06
+608906e-07
-608906e-08
-700242e-07
-130915e-06
-188761e-06
-228340e-06
-243562e-06
-234429e-06
-194850e-06
-137004e-06
-700242e-07
+304453e-08
+852468e-07
+161360e-06
+216162e-06
+252696e-06
+264874e-06
+246607e-06
+203983e-06
+149182e-06
+791577e-07
-304453e-08
-822023e-07
-152226e-06
-216162e-06
-258785e-06
-274008e-06
-264874e-06
-231384e-06
-167449e-06
-852468e-07
+608906e-08
+109603e-06
+203983e-06
+283141e-06
+328809e-06
+340987e-06
+325765e-06
+277052e-06
+191805e-06
+822023e-07
-334898e-07
-149182e-06
-249651e-06
-331854e-06
-377522e-06
-380566e-06
-337943e-06
-258785e-06
-146137e-06
-213117e-07
+115692e-06
+249651e-06
+347076e-06
+407967e-06
+426234e-06
+395789e-06
+319676e-06
+197894e-06
+456679e-07
-109603e-06
-255740e-06
-377522e-06
-447546e-06
-465813e-06
-441457e-06
-368388e-06
-252696e-06
-118737e-06
+243562e-07
+164405e-06
+274008e-06
+344032e-06
+371432e-06
+356210e-06
+301408e-06
+210072e-06
+913359e-07
-274008e-07
-137004e-06
-222251e-06
-277052e-06
-295319e-06
-274008e-06
-213117e-06
-130915e-06
-456679e-07
+456679e-07
+130915e-06
+191805e-06
+225295e-06
+228340e-06
+200939e-06
+149182e-06
+822023e-07
+913359e-08
-578460e-07
-109603e-06
-146137e-06
-155271e-06
-140048e-06
-103514e-06
-487125e-07
+121781e-07
+700242e-07
+118737e-06
+149182e-06
+152226e-06
+133959e-06
+974249e-07
+487125e-07
-304453e-08
-487125e-07
-791577e-07
-913359e-07
-882913e-07
-730687e-07
-487125e-07
-152226e-07
+152226e-07
+395789e-07
+578460e-07
+639351e-07
+517570e-07
+334898e-07
+121781e-07
-182672e-07
-487125e-07
-761132e-07
-100469e-06
-115692e-06
-118737e-06
-112648e-06
-974249e-07
-730687e-07
-395789e-07
+000000e+00
+365343e-07
+669796e-07
+913359e-07
+103514e-06
+100469e-06
+882913e-07
+700242e-07
+487125e-07
+243562e-07
+608906e-08
-913359e-08
-213117e-07
-274008e-07
-243562e-07
-121781e-07
+000000e+00
+152226e-07
+274008e-07
+334898e-07
+304453e-07
+152226e-07
-913359e-08
-395789e-07
-700242e-07
-943804e-07
-112648e-06
-112648e-06
-974249e-07
-669796e-07
-182672e-07
+395789e-07
+913359e-07
+137004e-06
+164405e-06
+170494e-06
+152226e-06
+000000e+00
+000000e+00
+000000e+00
+000000e+00
[ENDDATA]
