[FILEINFO]
File: D:\CMC thesis\AE software\Poly\Vallen\P23.tra
SampleRate[Hz]: 10000000
SetsOnFile: 3
Samples: 2048
[SETINFO]
Set: 2
Index: 2
Time:  15 05:33:38 961.5159
Channel: 1
PreTriggerSamples: 100
Data: Amplitude [mV]
[DATA]
+000000e+00
-304453e-08
-304453e-08
+000000e+00
-304453e-08
-304453e-08
-304453e-08
+000000e+00
-304453e-08
-304453e-08
-304453e-08
-304453e-08
+000000e+00
+000000e+00
+000000e+00
+000000e+00
+000000e+00
+000000e+00
+000000e+00
+000000e+00
+000000e+00
+000000e+00
+000000e+00
-304453e-08
+000000e+00
+304453e-08
+304453e-08
+000000e+00
+000000e+00
+000000e+00
+304453e-08
+304453e-08
+304453e-08
+000000e+00
-304453e-08
+000000e+00
+000000e+00
-304453e-08
+000000e+00
+000000e+00
+000000e+00
+000000e+00
+000000e+00
-304453e-08
-304453e-08
+000000e+00
+304453e-08
+000000e+00
+000000e+00
-304453e-08
-304453e-08
-304453e-08
-304453e-08
-304453e-08
-304453e-08
-304453e-08
-304453e-08
-304453e-08
+000000e+00
+000000e+00
-304453e-08
-304453e-08
-304453e-08
-304453e-08
-304453e-08
-304453e-08
-304453e-08
-304453e-08
-304453e-08
-304453e-08
-304453e-08
-304453e-08
-304453e-08
-304453e-08
-304453e-08
-304453e-08
-304453e-08
-608906e-08
-304453e-08
-304453e-08
-304453e-08
-304453e-08
+000000e+00
+000000e+00
+000000e+00
+000000e+00
+000000e+00
-304453e-08
-304453e-08
-304453e-08
-304453e-08
-304453e-08
-304453e-08
-304453e-08
+000000e+00
-304453e-08
-913359e-08
-182672e-07
-304453e-07
-456679e-07
-517570e-07
-487125e-07
-334898e-07
+913359e-08
+791577e-07
+167449e-06
+255740e-06
+325765e-06
+365343e-06
+356210e-06
+283141e-06
+133959e-06
-791577e-07
-334898e-06
-608906e-06
-867691e-06
-106863e-05
-116910e-05
-113256e-05
-940759e-06
-575416e-06
-548015e-07
+575416e-06
+123912e-05
+184498e-05
+230166e-05
+251478e-05
+242344e-05
+201548e-05
+131524e-05
+386655e-06
-660663e-06
-169885e-05
-260003e-05
-326678e-05
-359863e-05
-354079e-05
-308715e-05
-224991e-05
-109907e-05
+252696e-06
+166536e-05
+295928e-05
+397920e-05
+457593e-05
+463073e-05
+409489e-05
+300495e-05
+149182e-05
-261829e-06
-202461e-05
-355601e-05
-464900e-05
-513612e-05
-496867e-05
-416187e-05
-282837e-05
-114779e-05
+666752e-06
+238387e-05
+379044e-05
+471293e-05
+505087e-05
+474946e-05
+377522e-05
+228949e-05
+608906e-06
-114474e-05
-284968e-05
-423798e-05
-511481e-05
-535837e-05
-494431e-05
-387264e-05
-231384e-05
-560193e-06
+126652e-05
+297146e-05
+428670e-05
+506610e-05
+526095e-05
+484689e-05
+384828e-05
+243562e-05
+852468e-06
-681974e-06
-207028e-05
-319067e-05
-389700e-05
-411620e-05
-382393e-05
-314195e-05
-214335e-05
-949893e-06
+170494e-06
+112039e-05
+187543e-05
+226513e-05
+219206e-05
+180236e-05
+114474e-05
+365343e-06
-316631e-06
-901181e-06
-131524e-05
-146137e-05
-129088e-05
-828112e-06
-243562e-06
+389700e-06
+104732e-05
+153444e-05
+180236e-05
+177800e-05
+146137e-05
+901181e-06
+194850e-06
-487125e-06
-114474e-05
-163187e-05
-185107e-05
-182672e-05
-158315e-05
-114474e-05
-584549e-06
-730687e-07
+365343e-06
+730687e-06
+974249e-06
+109603e-05
+104732e-05
+828112e-06
+511481e-06
+194850e-06
-974249e-07
-414056e-06
-730687e-06
-949893e-06
-107167e-05
-104732e-05
-876824e-06
-584549e-06
-194850e-06
+219206e-06
+681974e-06
+114474e-05
+151009e-05
+172929e-05
+175365e-05
+158315e-05
+119346e-05
+584549e-06
-243562e-07
-608906e-06
-124217e-05
-180236e-05
-219206e-05
-238691e-05
-238691e-05
-219206e-05
-182672e-05
-126652e-05
-584549e-06
+974249e-07
+876824e-06
+172929e-05
+253305e-05
+311760e-05
+340987e-05
+338552e-05
+292275e-05
+202157e-05
+755043e-06
-681974e-06
-219206e-05
-355601e-05
-448155e-05
-487125e-05
-460333e-05
-367779e-05
-219206e-05
-462768e-06
+133959e-05
+306888e-05
+438412e-05
+511481e-05
+513916e-05
+445719e-05
+321502e-05
+155880e-05
-243562e-06
-197285e-05
-350730e-05
-460333e-05
-511481e-05
-496867e-05
-416492e-05
-284968e-05
-119346e-05
+584549e-06
+228949e-05
+384828e-05
+499303e-05
+545580e-05
+521223e-05
+423798e-05
+265483e-05
+755043e-06
-131524e-05
-333680e-05
-489560e-05
-579678e-05
-591856e-05
-518788e-05
-370215e-05
-165622e-05
+535837e-06
+263047e-05
+440848e-05
+550451e-05
+574807e-05
+516352e-05
+382393e-05
+192414e-05
-730687e-07
-199721e-05
-367779e-05
-472511e-05
-506610e-05
-472511e-05
-372650e-05
-224077e-05
-560193e-06
+119346e-05
+282532e-05
+406749e-05
+477382e-05
+482253e-05
+421363e-05
+304453e-05
+146137e-05
-292275e-06
-204592e-05
-365343e-05
-484689e-05
-543144e-05
-533401e-05
-455462e-05
-316631e-05
-136395e-05
+560193e-06
+245998e-05
+418927e-05
+538273e-05
+589421e-05
+572371e-05
+487125e-05
+340987e-05
+151009e-05
-511481e-06
-245998e-05
-421363e-05
-550451e-05
-613777e-05
-608906e-05
-533401e-05
-397007e-05
-211899e-05
-487125e-07
+204592e-05
+404313e-05
+557758e-05
+640569e-05
+647876e-05
+579678e-05
+431105e-05
+221642e-05
-974249e-07
-238691e-05
-448155e-05
-599163e-05
-664925e-05
-652747e-05
-565065e-05
-406749e-05
-199721e-05
+219206e-06
+236255e-05
+431105e-05
+577243e-05
+657618e-05
+667361e-05
+606470e-05
+479818e-05
+292275e-05
+730687e-06
-155880e-05
-375086e-05
-550451e-05
-660054e-05
-691717e-05
-647876e-05
-526095e-05
-333680e-05
-109603e-05
+119346e-05
+333680e-05
+499303e-05
+591856e-05
+611341e-05
+560193e-05
+435977e-05
+260612e-05
+730687e-06
-114474e-05
-287404e-05
-426234e-05
-511481e-05
-528530e-05
-479818e-05
-370215e-05
-214335e-05
-389700e-06
+136395e-05
+294710e-05
+411620e-05
+467640e-05
+453026e-05
+370215e-05
+236255e-05
+803756e-06
-828112e-06
-238691e-05
-358037e-05
-426234e-05
-435977e-05
-377522e-05
-267919e-05
-126652e-05
+267919e-06
+177800e-05
+311760e-05
+406749e-05
+448155e-05
+428670e-05
+355601e-05
+238691e-05
+925537e-06
-560193e-06
-194850e-05
-309324e-05
-382393e-05
-404313e-05
-367779e-05
-287404e-05
-172929e-05
-462768e-06
+828112e-06
+209464e-05
+297146e-05
+343423e-05
+348294e-05
+309324e-05
+228949e-05
+114474e-05
-730687e-07
-129088e-05
-245998e-05
-336116e-05
-382393e-05
-382393e-05
-333680e-05
-236255e-05
-104732e-05
+414056e-06
+189979e-05
+319067e-05
+409185e-05
+450590e-05
+426234e-05
+343423e-05
+219206e-05
+681974e-06
-876824e-06
-236255e-05
-358037e-05
-438412e-05
-470075e-05
-450590e-05
-377522e-05
-260612e-05
-114474e-05
+462768e-06
+211899e-05
+365343e-05
+477382e-05
+533401e-05
+521223e-05
+433541e-05
+280097e-05
+925537e-06
-107167e-05
-302017e-05
-457897e-05
-548015e-05
-557758e-05
-484689e-05
-343423e-05
-155880e-05
+438412e-06
+231384e-05
+394571e-05
+506610e-05
+548015e-05
+518788e-05
+426234e-05
+289839e-05
+121781e-05
-535837e-06
-216770e-05
-365343e-05
-472511e-05
-518788e-05
-506610e-05
-433541e-05
-306888e-05
-141266e-05
+438412e-06
+224077e-05
+384828e-05
+496867e-05
+543144e-05
+523659e-05
+435977e-05
+289839e-05
+107167e-05
-828112e-06
-263047e-05
-423798e-05
-540708e-05
-589421e-05
-567500e-05
-477382e-05
-326373e-05
-138831e-05
+584549e-06
+255740e-05
+433541e-05
+552886e-05
+599163e-05
+572371e-05
+472511e-05
+309324e-05
+107167e-05
-974249e-06
-282532e-05
-433541e-05
-526095e-05
-548015e-05
-499303e-05
-382393e-05
-214335e-05
-340987e-06
+148573e-05
+321502e-05
+453026e-05
+526095e-05
+535837e-05
+479818e-05
+358037e-05
+185107e-05
-243562e-07
-192414e-05
-372650e-05
-501738e-05
-565065e-05
-557758e-05
-474946e-05
-328809e-05
-143702e-05
+511481e-06
+236255e-05
+397007e-05
+506610e-05
+550451e-05
+526095e-05
+435977e-05
+294710e-05
+119346e-05
-608906e-06
-231384e-05
-382393e-05
-489560e-05
-540708e-05
-528530e-05
-450590e-05
-314195e-05
-136395e-05
+535837e-06
+238691e-05
+406749e-05
+526095e-05
+574807e-05
+545580e-05
+443283e-05
+280097e-05
+852468e-06
-116910e-05
-306888e-05
-455462e-05
-543144e-05
-562629e-05
-509045e-05
-387264e-05
-221642e-05
-414056e-06
+143702e-05
+314195e-05
+443283e-05
+516352e-05
+523659e-05
+470075e-05
+358037e-05
+199721e-05
+267919e-06
-143702e-05
-299582e-05
-418927e-05
-487125e-05
-494431e-05
-438412e-05
-333680e-05
-194850e-05
-389700e-06
+119346e-05
+265483e-05
+379957e-05
+450590e-05
+467640e-05
+426234e-05
+331245e-05
+192414e-05
+365343e-06
-114474e-05
-250869e-05
-353165e-05
-404313e-05
-397007e-05
-338552e-05
-228949e-05
-925537e-06
+389700e-06
+165622e-05
+267919e-05
+321502e-05
+331245e-05
+304453e-05
+236255e-05
+136395e-05
+340987e-06
-633262e-06
-160751e-05
-243562e-05
-297146e-05
-316631e-05
-302017e-05
-250869e-05
-163187e-05
-560193e-06
+560193e-06
+168058e-05
+260612e-05
+311760e-05
+319067e-05
+277661e-05
+189979e-05
+755043e-06
-438412e-06
-153444e-05
-238691e-05
-287404e-05
-292275e-05
-245998e-05
-163187e-05
-608906e-06
+462768e-06
+143702e-05
+221642e-05
+263047e-05
+263047e-05
+224077e-05
+153444e-05
+633262e-06
-292275e-06
-112039e-05
-185107e-05
-236255e-05
-253305e-05
-238691e-05
-192414e-05
-119346e-05
-365343e-06
+487125e-06
+136395e-05
+211899e-05
+260612e-05
+277661e-05
+255740e-05
+199721e-05
+119346e-05
+292275e-06
-633262e-06
-158315e-05
-236255e-05
-284968e-05
-302017e-05
-277661e-05
-216770e-05
-131524e-05
-340987e-06
+633262e-06
+155880e-05
+236255e-05
+284968e-05
+297146e-05
+275225e-05
+214335e-05
+126652e-05
+316631e-06
-681974e-06
-165622e-05
-243562e-05
-289839e-05
-299582e-05
-267919e-05
-197285e-05
-109603e-05
-146137e-06
+828112e-06
+175365e-05
+245998e-05
+287404e-05
+294710e-05
+265483e-05
+204592e-05
+116910e-05
+219206e-06
-779399e-06
-180236e-05
-267919e-05
-323938e-05
-345858e-05
-333680e-05
-280097e-05
-189979e-05
-706331e-06
+608906e-06
+197285e-05
+321502e-05
+411620e-05
+457897e-05
+443283e-05
+367779e-05
+245998e-05
+949893e-06
-706331e-06
-233820e-05
-372650e-05
-467640e-05
-499303e-05
-465204e-05
-372650e-05
-231384e-05
-633262e-06
+114474e-05
+275225e-05
+399442e-05
+467640e-05
+472511e-05
+414056e-05
+302017e-05
+155880e-05
-487125e-07
-163187e-05
-304453e-05
-414056e-05
-472511e-05
-470075e-05
-409185e-05
-294710e-05
-146137e-05
+194850e-06
+185107e-05
+333680e-05
+440848e-05
+491996e-05
+479818e-05
+401878e-05
+270354e-05
+107167e-05
-657618e-06
-224077e-05
-353165e-05
-438412e-05
-462768e-05
-421363e-05
-323938e-05
-189979e-05
-462768e-06
+974249e-06
+231384e-05
+328809e-05
+377522e-05
+377522e-05
+331245e-05
+243562e-05
+131524e-05
+194850e-06
-876824e-06
-187543e-05
-258176e-05
-292275e-05
-289839e-05
-253305e-05
-189979e-05
-107167e-05
-194850e-06
+681974e-06
+151009e-05
+216770e-05
+255740e-05
+258176e-05
+221642e-05
+155880e-05
+657618e-06
-340987e-06
-131524e-05
-221642e-05
-284968e-05
-309324e-05
-294710e-05
-233820e-05
-133959e-05
-243562e-06
+901181e-06
+207028e-05
+294710e-05
+338552e-05
+338552e-05
+297146e-05
+211899e-05
+925537e-06
-267919e-06
-143702e-05
-250869e-05
-321502e-05
-350730e-05
-338856e-05
-284663e-05
-193936e-05
-785488e-06
+468857e-06
+166840e-05
+267919e-05
+338856e-05
+370215e-05
+356819e-05
+298364e-05
+200939e-05
+745910e-06
-654574e-06
-202461e-05
-317544e-05
-393962e-05
-420145e-05
-388786e-05
-301104e-05
-167145e-05
-456679e-07
+164100e-05
+314500e-05
+423494e-05
+474946e-05
+461551e-05
+382393e-05
+248738e-05
+812889e-06
-962071e-06
-259698e-05
-386655e-05
-461246e-05
-476773e-05
-433541e-05
-339160e-05
-208855e-05
-599772e-06
+892047e-06
+222251e-05
+324851e-05
+386655e-05
+403096e-05
+372955e-05
+301408e-05
+196677e-05
+703286e-06
-608906e-06
-181454e-05
-276443e-05
-332767e-05
-343423e-05
-307497e-05
-231384e-05
-126043e-05
-700242e-07
+109603e-05
+207028e-05
+272790e-05
+299886e-05
+286490e-05
+237473e-05
+160751e-05
+675885e-06
-298364e-06
-119650e-05
-192414e-05
-241736e-05
-262438e-05
-254218e-05
-219206e-05
-160447e-05
-849423e-06
-608906e-08
+849423e-06
+161664e-05
+221642e-05
+257872e-05
+266092e-05
+244780e-05
+195154e-05
+122695e-05
+359254e-06
-557149e-06
-140657e-05
-208855e-05
-252087e-05
-263656e-05
-241736e-05
-188761e-05
-109907e-05
-149182e-06
+846379e-06
+175669e-05
+243867e-05
+279488e-05
+276748e-05
+232602e-05
+152531e-05
+456679e-06
-736776e-06
-188152e-05
-281010e-05
-338247e-05
-350730e-05
-314500e-05
-234124e-05
-119954e-05
+133959e-06
+148269e-05
+267005e-05
+354688e-05
+400051e-05
+397007e-05
+345250e-05
+251478e-05
+126957e-05
-140048e-06
-154662e-05
-277965e-05
-368084e-05
-413751e-05
-408576e-05
-352556e-05
-252391e-05
-120563e-05
+258785e-06
+167449e-05
+286795e-05
+368692e-05
+403096e-05
+386960e-05
+322720e-05
+219511e-05
+907270e-06
-477991e-06
-178409e-05
-284968e-05
-356210e-05
-382393e-05
-360168e-05
-293188e-05
-190283e-05
-639351e-06
+688064e-06
+190892e-05
+285881e-05
+342205e-05
+353774e-05
+322416e-05
+254218e-05
+160751e-05
+560193e-06
-459724e-06
-133046e-05
-198503e-05
-237778e-05
-251174e-05
-241127e-05
-210986e-05
-164405e-05
-105645e-05
-383611e-06
+340987e-06
+104732e-05
+165927e-05
+211290e-05
+234429e-05
+229862e-05
+196372e-05
+136699e-05
+581505e-06
-289230e-06
-111734e-05
-178714e-05
-222555e-05
-238082e-05
-224686e-05
-186021e-05
-129088e-05
-611950e-06
+943804e-07
+761132e-06
+133350e-05
+175060e-05
+198808e-05
+201852e-05
+182672e-05
+140962e-05
+800711e-06
+700242e-07
-706331e-06
-140962e-05
-193328e-05
-218902e-05
-211290e-05
-170494e-05
-101687e-05
-149182e-06
+767221e-06
+159229e-05
+221033e-05
+253609e-05
+252391e-05
+218597e-05
+159229e-05
+818978e-06
-274008e-07
-837245e-06
-152226e-05
-200634e-05
-223468e-05
-218293e-05
-186021e-05
-132133e-05
-627173e-06
+124826e-06
+828112e-06
+139135e-05
+173843e-05
+180845e-05
+159533e-05
+113561e-05
+505392e-06
-197894e-06
-867691e-06
-140657e-05
-173538e-05
-181758e-05
-164709e-05
-125130e-05
-688064e-06
-365343e-07
+614995e-06
+117519e-05
+158620e-05
+179018e-05
+176887e-05
+152531e-05
+108690e-05
+511481e-06
-127870e-06
-748954e-06
-126957e-05
-162273e-05
-176887e-05
-168667e-05
-139135e-05
-922492e-06
-347076e-06
+249651e-06
+806800e-06
+124826e-05
+152226e-05
+161056e-05
+152226e-05
+127566e-05
+895091e-06
+435368e-06
-487125e-07
-508436e-06
-889002e-06
-114474e-05
-125130e-05
-119041e-05
-965116e-06
-602817e-06
-146137e-06
+340987e-06
+788533e-06
+113561e-05
+133959e-05
+136699e-05
+121781e-05
+919448e-06
+505392e-06
+304453e-07
-453635e-06
-901181e-06
-126652e-05
-151922e-05
-164100e-05
-161360e-05
-142788e-05
-108690e-05
-614995e-06
-365343e-07
+599772e-06
+120868e-05
+172320e-05
+206419e-05
+216770e-05
+199417e-05
+154967e-05
+873780e-06
+456679e-07
-809845e-06
-158620e-05
-216770e-05
-246607e-05
-244476e-05
-210072e-05
-148877e-05
-685019e-06
+197894e-06
+104427e-05
+173843e-05
+219511e-05
+236255e-05
+222860e-05
+181454e-05
+118128e-05
+414056e-06
-374477e-06
-107776e-05
-161056e-05
-191501e-05
-196677e-05
-177192e-05
-137917e-05
-852468e-06
-264874e-06
+307497e-06
+815934e-06
+121781e-05
+149486e-05
+164100e-05
+166536e-05
+156489e-05
+134873e-05
+102296e-05
+596728e-06
+100469e-06
-423189e-06
-925537e-06
-133959e-05
-160447e-05
-168667e-05
-157402e-05
-127566e-05
-834201e-06
-316631e-06
+200939e-06
+654574e-06
+986427e-06
+116605e-05
+118432e-05
+107167e-05
+849423e-06
+541926e-06
+191805e-06
-167449e-06
-502347e-06
-791577e-06
-101383e-05
-114170e-05
-115388e-05
-102905e-05
-779399e-06
-420145e-06
+182672e-07
+477991e-06
+889002e-06
+119346e-05
+133959e-05
+130306e-05
+108690e-05
+718509e-06
+249651e-06
-246607e-06
-703286e-06
-105341e-05
-123912e-05
-124217e-05
-106559e-05
-733731e-06
-307497e-06
+152226e-06
+572371e-06
+895091e-06
+107472e-05
+109907e-05
+980338e-06
+742865e-06
+438412e-06
+112648e-06
-173538e-06
-395789e-06
-544971e-06
-614995e-06
-614995e-06
-560193e-06
-468857e-06
-344032e-06
-188761e-06
-913359e-08
+200939e-06
+423189e-06
+627173e-06
+773310e-06
+825067e-06
+767221e-06
+575416e-06
+261829e-06
-127870e-06
-529748e-06
-864646e-06
-107472e-05
-110821e-05
-959027e-06
-651529e-06
-240518e-06
+197894e-06
+587594e-06
+861602e-06
+977294e-06
+919448e-06
+724598e-06
+441457e-06
+115692e-06
-191805e-06
-423189e-06
-566282e-06
-618039e-06
-578460e-06
-481036e-06
-347076e-06
-191805e-06
-426234e-07
+943804e-07
+213117e-06
+304453e-06
+350121e-06
+350121e-06
+298364e-06
+191805e-06
+334898e-07
-152226e-06
-340987e-06
-499303e-06
-599772e-06
-627173e-06
-569327e-06
-435368e-06
-234429e-06
+608906e-08
+243562e-06
+468857e-06
+660663e-06
+797666e-06
+876824e-06
+892047e-06
+834201e-06
+709375e-06
+514525e-06
+264874e-06
-213117e-07
-325765e-06
-605861e-06
-822023e-06
-937715e-06
-928581e-06
-788533e-06
-532793e-06
-182672e-06
+216162e-06
+593683e-06
+898136e-06
+107167e-05
+108690e-05
+937715e-06
+630217e-06
+213117e-06
-243562e-06
-675885e-06
-102296e-05
-121781e-05
-123608e-05
-107167e-05
-755043e-06
-350121e-06
+761132e-07
+447546e-06
+703286e-06
+812889e-06
+779399e-06
+614995e-06
+365343e-06
+913359e-07
-158315e-06
-347076e-06
-453635e-06
-477991e-06
-453635e-06
-395789e-06
-310542e-06
-222251e-06
-140048e-06
-487125e-07
+639351e-07
+203983e-06
+353165e-06
+502347e-06
+633262e-06
+706331e-06
+694153e-06
+584549e-06
+377522e-06
+100469e-06
-210072e-06
-502347e-06
-721553e-06
-828112e-06
-812889e-06
-672841e-06
-432323e-06
-127870e-06
+191805e-06
+484080e-06
+706331e-06
+834201e-06
+867691e-06
+809845e-06
+681974e-06
+502347e-06
+292275e-06
+822023e-07
-112648e-06
-286186e-06
-420145e-06
-508436e-06
-557149e-06
-554104e-06
-499303e-06
-401878e-06
-261829e-06
-882913e-07
+974249e-07
+277052e-06
+420145e-06
+508436e-06
+514525e-06
+426234e-06
+240518e-06
-243562e-07
-340987e-06
-666752e-06
-949893e-06
-114170e-05
-120868e-05
-112343e-05
-895091e-06
-551060e-06
-130915e-06
+313586e-06
+730687e-06
+107167e-05
+130306e-05
+139439e-05
+134264e-05
+115997e-05
+858557e-06
+468857e-06
+243562e-07
-426234e-06
-843334e-06
-118737e-05
-140353e-05
-145833e-05
-133350e-05
-102296e-05
-541926e-06
+517570e-07
+691108e-06
+129088e-05
+175974e-05
+203070e-05
+205201e-05
+180845e-05
+131828e-05
+639351e-06
-140048e-06
-913359e-06
-157707e-05
-204592e-05
-225600e-05
-217075e-05
-180845e-05
-122086e-05
-481036e-06
+313586e-06
+106559e-05
+168058e-05
+208855e-05
+225295e-05
+215857e-05
+181758e-05
+128479e-05
+618039e-06
-115692e-06
-834201e-06
-146746e-05
-195459e-05
-225295e-05
-232298e-05
-215857e-05
-177496e-05
-120563e-05
-502347e-06
+261829e-06
+100469e-05
+163796e-05
+209464e-05
+231993e-05
+227426e-05
+195763e-05
+140048e-05
+666752e-06
-161360e-06
-977294e-06
-168362e-05
-217684e-05
-239604e-05
-230775e-05
-191501e-05
-127261e-05
-474946e-06
+377522e-06
+115997e-05
+176278e-05
+211595e-05
+217684e-05
+196068e-05
+151313e-05
+907270e-06
+237473e-06
-404922e-06
-949893e-06
-133959e-05
-155271e-05
-158315e-05
-144006e-05
-115083e-05
-755043e-06
-286186e-06
+203983e-06
+672841e-06
+105645e-05
+131219e-05
+140962e-05
+132437e-05
+107167e-05
+685019e-06
+216162e-06
-264874e-06
-685019e-06
-989472e-06
-112952e-05
-108081e-05
-864646e-06
-514525e-06
-822023e-07
+362299e-06
+758088e-06
+105036e-05
+120259e-05
+119954e-05
+104732e-05
+764177e-06
+380566e-06
-517570e-07
-490169e-06
-879869e-06
-118128e-05
-136395e-05
-140657e-05
-130001e-05
-105036e-05
-678930e-06
-234429e-06
+237473e-06
+678930e-06
+102601e-05
+123912e-05
+127566e-05
+111734e-05
+785488e-06
+313586e-06
-225295e-06
-761132e-06
-122086e-05
-151618e-05
-160447e-05
-146137e-05
-110212e-05
-566282e-06
+639351e-07
+706331e-06
+126957e-05
+167145e-05
+186021e-05
+180845e-05
+154053e-05
+109299e-05
+538882e-06
-365343e-07
-560193e-06
-962071e-06
-119954e-05
-126043e-05
-115388e-05
-910314e-06
-575416e-06
-200939e-06
+164405e-06
+474946e-06
+700242e-06
+822023e-06
+837245e-06
+764177e-06
+608906e-06
+398833e-06
+158315e-06
-882913e-07
-322720e-06
-520614e-06
-663707e-06
-748954e-06
-767221e-06
-709375e-06
-578460e-06
-392744e-06
-164405e-06
+913359e-07
+340987e-06
+560193e-06
+721553e-06
+800711e-06
+791577e-06
+694153e-06
+514525e-06
+280097e-06
+334898e-07
-200939e-06
-386655e-06
-511481e-06
-566282e-06
-560193e-06
-502347e-06
-426234e-06
-340987e-06
-261829e-06
-197894e-06
-146137e-06
-100469e-06
-487125e-07
+608906e-08
+639351e-07
+124826e-06
+167449e-06
+182672e-06
+170494e-06
+137004e-06
+943804e-07
+578460e-07
+487125e-07
+730687e-07
+130915e-06
+216162e-06
+298364e-06
+359254e-06
+377522e-06
+347076e-06
+264874e-06
+133959e-06
-182672e-07
-155271e-06
-255740e-06
-304453e-06
-286186e-06
-213117e-06
-106559e-06
+152226e-07
+130915e-06
+216162e-06
+264874e-06
+270963e-06
+243562e-06
+194850e-06
+127870e-06
+517570e-07
-243562e-07
-974249e-07
-179627e-06
-264874e-06
-350121e-06
-423189e-06
-474946e-06
-496258e-06
-477991e-06
-420145e-06
-310542e-06
-158315e-06
+243562e-07
+222251e-06
+407967e-06
+566282e-06
+675885e-06
+715464e-06
+669796e-06
+535837e-06
+322720e-06
+517570e-07
-249651e-06
-535837e-06
-764177e-06
-904225e-06
-934670e-06
-843334e-06
-636306e-06
-347076e-06
-182672e-07
+313586e-06
+605861e-06
+825067e-06
+959027e-06
+100469e-05
+952937e-06
+815934e-06
+611950e-06
+350121e-06
+487125e-07
-283141e-06
-614995e-06
-907270e-06
-111734e-05
-120563e-05
-113865e-05
-907270e-06
-526703e-06
-365343e-07
+496258e-06
+986427e-06
+137004e-05
+157402e-05
+156184e-05
+133655e-05
+934670e-06
+414056e-06
-158315e-06
-691108e-06
-111430e-05
-138222e-05
-146137e-05
-136699e-05
-111734e-05
-751999e-06
-337943e-06
+730687e-07
+429279e-06
+685019e-06
+831156e-06
+855513e-06
+773310e-06
+614995e-06
+407967e-06
+194850e-06
-304453e-08
-158315e-06
-261829e-06
-316631e-06
-328809e-06
-313586e-06
-277052e-06
-231384e-06
-182672e-06
-130915e-06
-791577e-07
-304453e-07
+213117e-07
+639351e-07
+974249e-07
+118737e-06
+127870e-06
+130915e-06
+133959e-06
+137004e-06
+140048e-06
+143093e-06
+137004e-06
+100469e-06
+274008e-07
-852468e-07
-231384e-06
-389700e-06
-532793e-06
-627173e-06
-636306e-06
-538882e-06
-328809e-06
-243562e-07
+344032e-06
+727642e-06
+106863e-05
+130915e-05
+140657e-05
+132741e-05
+107776e-05
+672841e-06
+161360e-06
-395789e-06
-931626e-06
-137308e-05
-165013e-05
-172320e-05
-157402e-05
-120868e-05
-669796e-06
-243562e-07
+636306e-06
+120563e-05
+160447e-05
+176583e-05
+166536e-05
+132133e-05
+785488e-06
+140048e-06
-508436e-06
-106863e-05
-146137e-05
-163491e-05
-157707e-05
-131219e-05
-882913e-06
-347076e-06
+225295e-06
+758088e-06
+119041e-05
+147051e-05
+157098e-05
+147355e-05
+117823e-05
+709375e-06
+127870e-06
-499303e-06
-108385e-05
-153444e-05
-179018e-05
-179932e-05
-154967e-05
-108385e-05
-456679e-06
+219206e-06
+834201e-06
+130306e-05
+155271e-05
+155880e-05
+133655e-05
+934670e-06
+432323e-06
-913359e-07
-544971e-06
-876824e-06
-105341e-05
-106559e-05
-928581e-06
-669796e-06
-331854e-06
+395789e-07
+401878e-06
+718509e-06
+952937e-06
+107776e-05
+108385e-05
+962071e-06
+721553e-06
+392744e-06
+121781e-07
-368388e-06
-709375e-06
-959027e-06
-108690e-05
-107776e-05
-931626e-06
-675885e-06
-328809e-06
+578460e-07
+438412e-06
+770266e-06
+101383e-05
+114170e-05
+114474e-05
+101687e-05
+764177e-06
+417100e-06
+913359e-08
-420145e-06
-812889e-06
-112039e-05
-131524e-05
-136699e-05
-126348e-05
-101383e-05
-645440e-06
-197894e-06
+270963e-06
+703286e-06
+103210e-05
+121781e-05
+123608e-05
+108081e-05
+770266e-06
+340987e-06
-149182e-06
-621084e-06
-101078e-05
-125739e-05
-132741e-05
-121172e-05
-919448e-06
-493214e-06
+608906e-08
+496258e-06
+910314e-06
+119346e-05
+130915e-05
+125739e-05
+107167e-05
+788533e-06
+456679e-06
+121781e-06
-170494e-06
-392744e-06
-544971e-06
-630217e-06
-660663e-06
-651529e-06
-599772e-06
-511481e-06
-386655e-06
-210072e-06
+913359e-08
+243562e-06
+477991e-06
+678930e-06
+797666e-06
+812889e-06
+715464e-06
+505392e-06
+210072e-06
-115692e-06
-429279e-06
-685019e-06
-840290e-06
-882913e-06
-818978e-06
-663707e-06
-453635e-06
-213117e-06
+243562e-07
+228340e-06
+380566e-06
+481036e-06
+529748e-06
+523659e-06
+471902e-06
+380566e-06
+261829e-06
+115692e-06
-395789e-07
-191805e-06
-331854e-06
-435368e-06
-490169e-06
-493214e-06
-438412e-06
-313586e-06
-124826e-06
+100469e-06
+334898e-06
+554104e-06
+718509e-06
+800711e-06
+779399e-06
+648485e-06
+423189e-06
+133959e-06
-182672e-06
-462768e-06
-678930e-06
-800711e-06
-809845e-06
-718509e-06
-554104e-06
-347076e-06
-133959e-06
+578460e-07
+210072e-06
+313586e-06
+365343e-06
+380566e-06
+362299e-06
+325765e-06
+274008e-06
+197894e-06
+106559e-06
+913359e-08
-822023e-07
-155271e-06
-200939e-06
-200939e-06
-152226e-06
-608906e-07
+578460e-07
+182672e-06
+283141e-06
+328809e-06
+316631e-06
+234429e-06
+913359e-07
-761132e-07
-249651e-06
-392744e-06
-471902e-06
-490169e-06
-447546e-06
-331854e-06
-170494e-06
+121781e-07
+194850e-06
+347076e-06
+453635e-06
+496258e-06
+462768e-06
+356210e-06
+185716e-06
-243562e-07
-240518e-06
-417100e-06
-514525e-06
-517570e-06
-414056e-06
-216162e-06
+517570e-07
+340987e-06
+599772e-06
+779399e-06
+846379e-06
+788533e-06
+608906e-06
+331854e-06
-304453e-08
-350121e-06
-672841e-06
-928581e-06
-109299e-05
-114779e-05
-109299e-05
-931626e-06
-688064e-06
-380566e-06
-395789e-07
+304453e-06
+614995e-06
+864646e-06
+102905e-05
+108994e-05
+104123e-05
+898136e-06
+672841e-06
+401878e-06
+112648e-06
-164405e-06
-398833e-06
-575416e-06
-672841e-06
-675885e-06
-587594e-06
-417100e-06
-182672e-06
+913359e-07
+362299e-06
+590639e-06
+736776e-06
+761132e-06
+648485e-06
+000000e+00
+000000e+00
+000000e+00
+000000e+00
[ENDDATA]
