[FILEINFO]
File: D:\CMC thesis\AE software\Poly\Vallen\P26.tra
SampleRate[Hz]: 10000000
SetsOnFile: 2
Samples: 2048
[SETINFO]
Set: 1
Index: 1
Time:  15 08:08:42 622.6011
Channel: 1
PreTriggerSamples: 100
Data: Amplitude [mV]
[DATA]
-304453e-08
-608906e-08
-608906e-08
-608906e-08
-608906e-08
-608906e-08
-608906e-08
-304453e-08
-304453e-08
-304453e-08
+000000e+00
+000000e+00
+000000e+00
+000000e+00
+000000e+00
+000000e+00
+000000e+00
+304453e-08
+304453e-08
+000000e+00
+000000e+00
+304453e-08
+304453e-08
+304453e-08
+304453e-08
+304453e-08
-304453e-08
-304453e-08
-304453e-08
-304453e-08
-304453e-08
-608906e-08
-608906e-08
-304453e-08
-304453e-08
-304453e-08
-304453e-08
-304453e-08
-304453e-08
+000000e+00
+000000e+00
+000000e+00
+000000e+00
+000000e+00
-304453e-08
-304453e-08
+000000e+00
+304453e-08
+608906e-08
+304453e-08
+304453e-08
+304453e-08
+000000e+00
-304453e-08
-304453e-08
+000000e+00
+000000e+00
-304453e-08
-304453e-08
+000000e+00
+000000e+00
+304453e-08
+608906e-08
+608906e-08
+608906e-08
+608906e-08
+304453e-08
+304453e-08
+304453e-08
+304453e-08
+304453e-08
+000000e+00
+000000e+00
-304453e-08
-304453e-08
-304453e-08
-304453e-08
-304453e-08
-304453e-08
-304453e-08
-304453e-08
-304453e-08
-304453e-08
+000000e+00
+000000e+00
+000000e+00
+304453e-08
+304453e-08
+000000e+00
+000000e+00
-304453e-08
-304453e-08
-304453e-08
-304453e-08
+000000e+00
+608906e-08
+121781e-07
+213117e-07
+274008e-07
+334898e-07
+304453e-07
+182672e-07
-608906e-08
-334898e-07
-700242e-07
-109603e-06
-146137e-06
-173538e-06
-191805e-06
-185716e-06
-158315e-06
-109603e-06
-395789e-07
+487125e-07
+158315e-06
+280097e-06
+392744e-06
+490169e-06
+548015e-06
+541926e-06
+447546e-06
+264874e-06
+608906e-08
-298364e-06
-602817e-06
-846379e-06
-974249e-06
-940759e-06
-721553e-06
-340987e-06
+155271e-06
+694153e-06
+118432e-05
+153749e-05
+168667e-05
+159533e-05
+126043e-05
+709375e-06
+121781e-07
-748954e-06
-149182e-05
-213117e-05
-259698e-05
-282228e-05
-277357e-05
-243867e-05
-182367e-05
-986427e-06
+000000e+00
+103818e-05
+201852e-05
+281619e-05
+335203e-05
+357123e-05
+344641e-05
+299886e-05
+229253e-05
+141266e-05
+444501e-06
-511481e-06
-137613e-05
-208855e-05
-260612e-05
-288926e-05
-291666e-05
-268527e-05
-221642e-05
-154967e-05
-742865e-06
+106559e-06
+898136e-06
+153140e-05
+193632e-05
+207637e-05
+196372e-05
+165013e-05
+120868e-05
+718509e-06
+252696e-06
-143093e-06
-447546e-06
-666752e-06
-822023e-06
-925537e-06
-983383e-06
-974249e-06
-879869e-06
-685019e-06
-389700e-06
-274008e-07
+353165e-06
+681974e-06
+889002e-06
+919448e-06
+770266e-06
+471902e-06
+913359e-07
-283141e-06
-566282e-06
-709375e-06
-694153e-06
-551060e-06
-344032e-06
-143093e-06
+000000e+00
+517570e-07
+182672e-07
-669796e-07
-152226e-06
-188761e-06
-149182e-06
-274008e-07
+161360e-06
+371432e-06
+554104e-06
+675885e-06
+712420e-06
+660663e-06
+541926e-06
+377522e-06
+188761e-06
-608906e-08
-197894e-06
-374477e-06
-523659e-06
-633262e-06
-672841e-06
-627173e-06
-490169e-06
-261829e-06
+334898e-07
+347076e-06
+627173e-06
+825067e-06
+907270e-06
+858557e-06
+688064e-06
+441457e-06
+152226e-06
-127870e-06
-365343e-06
-548015e-06
-672841e-06
-739820e-06
-761132e-06
-730687e-06
-651529e-06
-514525e-06
-313586e-06
-517570e-07
+240518e-06
+532793e-06
+776355e-06
+922492e-06
+943804e-06
+837245e-06
+624128e-06
+356210e-06
+791577e-07
-152226e-06
-316631e-06
-411011e-06
-447546e-06
-477991e-06
-538882e-06
-639351e-06
-767221e-06
-885958e-06
-949893e-06
-910314e-06
-736776e-06
-426234e-06
-913359e-08
+444501e-06
+861602e-06
+118128e-05
+136090e-05
+138831e-05
+127566e-05
+106559e-05
+791577e-06
+481036e-06
+146137e-06
-203983e-06
-557149e-06
-904225e-06
-121781e-05
-145833e-05
-157707e-05
-152531e-05
-128175e-05
-858557e-06
-295319e-06
+331854e-06
+922492e-06
+139439e-05
+168667e-05
+176583e-05
+164100e-05
+135786e-05
+980338e-06
+566282e-06
+170494e-06
-170494e-06
-447546e-06
-660663e-06
-815934e-06
-913359e-06
-955982e-06
-934670e-06
-852468e-06
-706331e-06
-514525e-06
-298364e-06
-943804e-07
+669796e-07
+173538e-06
+222251e-06
+219206e-06
+191805e-06
+164405e-06
+155271e-06
+164405e-06
+185716e-06
+200939e-06
+197894e-06
+170494e-06
+124826e-06
+822023e-07
+608906e-07
+761132e-07
+127870e-06
+197894e-06
+255740e-06
+270963e-06
+219206e-06
+943804e-07
-700242e-07
-237473e-06
-365343e-06
-401878e-06
-322720e-06
-149182e-06
+700242e-07
+283141e-06
+426234e-06
+456679e-06
+359254e-06
+155271e-06
-109603e-06
-359254e-06
-551060e-06
-642396e-06
-624128e-06
-514525e-06
-353165e-06
-176583e-06
-152226e-07
+130915e-06
+270963e-06
+420145e-06
+602817e-06
+797666e-06
+980338e-06
+109299e-05
+108690e-05
+907270e-06
+526703e-06
-274008e-07
-681974e-06
-131828e-05
-183281e-05
-212508e-05
-211595e-05
-180236e-05
-122999e-05
-484080e-06
+307497e-06
+101992e-05
+155271e-05
+185107e-05
+190283e-05
+172929e-05
+138526e-05
+952937e-06
+490169e-06
+548015e-07
-325765e-06
-633262e-06
-855513e-06
-995561e-06
-106559e-05
-105950e-05
-977294e-06
-818978e-06
-581505e-06
-274008e-06
+791577e-07
+447546e-06
+791577e-06
+106863e-05
+124521e-05
+128175e-05
+115388e-05
+873780e-06
+453635e-06
-639351e-07
-611950e-06
-112039e-05
-152835e-05
-176887e-05
-180541e-05
-161664e-05
-122999e-05
-694153e-06
-730687e-07
+551060e-06
+108081e-05
+146137e-05
+165622e-05
+166231e-05
+149486e-05
+119954e-05
+831156e-06
+444501e-06
+852468e-07
-225295e-06
-459724e-06
-618039e-06
-712420e-06
-739820e-06
-706331e-06
-618039e-06
-487125e-06
-313586e-06
-109603e-06
+913359e-07
+261829e-06
+377522e-06
+417100e-06
+371432e-06
+252696e-06
+822023e-07
-103514e-06
-267919e-06
-368388e-06
-383611e-06
-307497e-06
-158315e-06
+243562e-07
+207028e-06
+344032e-06
+414056e-06
+395789e-06
+298364e-06
+137004e-06
-608906e-07
-255740e-06
-407967e-06
-490169e-06
-499303e-06
-435368e-06
-316631e-06
-161360e-06
-213117e-07
+852468e-07
+143093e-06
+152226e-06
+133959e-06
+115692e-06
+124826e-06
+182672e-06
+283141e-06
+414056e-06
+535837e-06
+593683e-06
+532793e-06
+337943e-06
+152226e-07
-398833e-06
-825067e-06
-116605e-05
-134873e-05
-131524e-05
-105036e-05
-599772e-06
-213117e-07
+572371e-06
+107776e-05
+140657e-05
+151313e-05
+140962e-05
+112648e-05
+736776e-06
+325765e-06
-487125e-07
-334898e-06
-505392e-06
-572371e-06
-560193e-06
-499303e-06
-420145e-06
-337943e-06
-261829e-06
-194850e-06
-127870e-06
-639351e-07
+121781e-07
+913359e-07
+155271e-06
+197894e-06
+213117e-06
+185716e-06
+124826e-06
+365343e-07
-639351e-07
-158315e-06
-231384e-06
-264874e-06
-252696e-06
-188761e-06
-761132e-07
+669796e-07
+222251e-06
+350121e-06
+426234e-06
+429279e-06
+356210e-06
+194850e-06
-274008e-07
-277052e-06
-514525e-06
-694153e-06
-794622e-06
-794622e-06
-697197e-06
-526703e-06
-301408e-06
-487125e-07
+207028e-06
+447546e-06
+666752e-06
+864646e-06
+103210e-05
+115692e-05
+121477e-05
+118737e-05
+104123e-05
+755043e-06
+319676e-06
-240518e-06
-876824e-06
-151009e-05
-204592e-05
-239909e-05
-248434e-05
-226513e-05
-174756e-05
-983383e-06
-639351e-07
+892047e-06
+175669e-05
+241431e-05
+280097e-05
+287708e-05
+264570e-05
+216770e-05
+151922e-05
+788533e-06
+608906e-07
-605861e-06
-116605e-05
-159533e-05
-188761e-05
-203679e-05
-204592e-05
-191805e-05
-165927e-05
-126652e-05
-767221e-06
-200939e-06
+383611e-06
+919448e-06
+134264e-05
+161056e-05
+168667e-05
+157402e-05
+129088e-05
+892047e-06
+435368e-06
-152226e-07
-395789e-06
-672841e-06
-818978e-06
-831156e-06
-727642e-06
-544971e-06
-316631e-06
-913359e-07
+882913e-07
+203983e-06
+231384e-06
+176583e-06
+608906e-07
-822023e-07
-213117e-06
-295319e-06
-301408e-06
-222251e-06
-822023e-07
+852468e-07
+246607e-06
+347076e-06
+365343e-06
+298364e-06
+155271e-06
-365343e-07
-231384e-06
-389700e-06
-474946e-06
-484080e-06
-420145e-06
-295319e-06
-133959e-06
+334898e-07
+191805e-06
+325765e-06
+444501e-06
+557149e-06
+657618e-06
+733731e-06
+776355e-06
+767221e-06
+688064e-06
+517570e-06
+264874e-06
-487125e-07
-392744e-06
-715464e-06
-974249e-06
-112952e-05
-115388e-05
-104732e-05
-828112e-06
-523659e-06
-173538e-06
+188761e-06
+526703e-06
+806800e-06
+100469e-05
+111125e-05
+111125e-05
+100469e-05
+782444e-06
+462768e-06
+669796e-07
-368388e-06
-791577e-06
-114779e-05
-138831e-05
-147660e-05
-139439e-05
-113865e-05
-733731e-06
-237473e-06
+295319e-06
+803756e-06
+122390e-05
+150095e-05
+160447e-05
+153140e-05
+128479e-05
+889002e-06
+395789e-06
-155271e-06
-694153e-06
-115997e-05
-151009e-05
-170494e-05
-172320e-05
-156184e-05
-123608e-05
-773310e-06
-219206e-06
+371432e-06
+937715e-06
+141266e-05
+175669e-05
+192110e-05
+189370e-05
+167145e-05
+128479e-05
+767221e-06
+176583e-06
-417100e-06
-952937e-06
-136699e-05
-162273e-05
-170189e-05
-160142e-05
-133350e-05
-928581e-06
-432323e-06
+943804e-07
+596728e-06
+102601e-05
+133350e-05
+148269e-05
+146137e-05
+126957e-05
+925537e-06
+481036e-06
-213117e-07
-514525e-06
-934670e-06
-121781e-05
-132437e-05
-125130e-05
-998605e-06
-605861e-06
-133959e-06
+347076e-06
+751999e-06
+102296e-05
+112343e-05
+104427e-05
+806800e-06
+447546e-06
+365343e-07
-362299e-06
-697197e-06
-928581e-06
-104123e-05
-104427e-05
-955982e-06
-800711e-06
-614995e-06
-407967e-06
-197894e-06
+243562e-07
+246607e-06
+468857e-06
+681974e-06
+864646e-06
+992516e-06
+104732e-05
+100469e-05
+867691e-06
+654574e-06
+383611e-06
+913359e-07
-197894e-06
-441457e-06
-627173e-06
-751999e-06
-809845e-06
-812889e-06
-761132e-06
-657618e-06
-508436e-06
-319676e-06
-974249e-07
+140048e-06
+377522e-06
+587594e-06
+748954e-06
+840290e-06
+855513e-06
+800711e-06
+691108e-06
+548015e-06
+395789e-06
+252696e-06
+124826e-06
+121781e-07
-882913e-07
-188761e-06
-301408e-06
-423189e-06
-551060e-06
-675885e-06
-770266e-06
-822023e-06
-806800e-06
-715464e-06
-544971e-06
-298364e-06
+304453e-08
+331854e-06
+648485e-06
+907270e-06
+106559e-05
+108994e-05
+955982e-06
+663707e-06
+249651e-06
-231384e-06
-718509e-06
-113561e-05
-141571e-05
-151313e-05
-140657e-05
-111430e-05
-681974e-06
-167449e-06
+362299e-06
+828112e-06
+119041e-05
+142179e-05
+152531e-05
+151313e-05
+139744e-05
+120563e-05
+943804e-06
+614995e-06
+228340e-06
-207028e-06
-672841e-06
-113865e-05
-156489e-05
-189065e-05
-205506e-05
-202157e-05
-176583e-05
-130001e-05
-685019e-06
+913359e-08
+691108e-06
+126043e-05
+164709e-05
+181149e-05
+175365e-05
+151313e-05
+115083e-05
+739820e-06
+362299e-06
+669796e-07
-130915e-06
-237473e-06
-286186e-06
-313586e-06
-359254e-06
-432323e-06
-541926e-06
-672841e-06
-788533e-06
-846379e-06
-825067e-06
-706331e-06
-493214e-06
-200939e-06
+133959e-06
+471902e-06
+764177e-06
+989472e-06
+111430e-05
+113865e-05
+106863e-05
+910314e-06
+669796e-06
+377522e-06
+487125e-07
-289230e-06
-621084e-06
-913359e-06
-113865e-05
-128175e-05
-131219e-05
-121781e-05
-986427e-06
-636306e-06
-194850e-06
+292275e-06
+755043e-06
+112952e-05
+134873e-05
+137308e-05
+119346e-05
+834201e-06
+350121e-06
-179627e-06
-666752e-06
-103514e-05
-122695e-05
-122086e-05
-103210e-05
-694153e-06
-286186e-06
+133959e-06
+499303e-06
+761132e-06
+901181e-06
+922492e-06
+840290e-06
+685019e-06
+484080e-06
+277052e-06
+882913e-07
-791577e-07
-207028e-06
-301408e-06
-350121e-06
-356210e-06
-325765e-06
-261829e-06
-173538e-06
-791577e-07
+608906e-08
+700242e-07
+100469e-06
+943804e-07
+456679e-07
-274008e-07
-109603e-06
-194850e-06
-258785e-06
-286186e-06
-283141e-06
-243562e-06
-176583e-06
-882913e-07
+608906e-08
+103514e-06
+191805e-06
+258785e-06
+286186e-06
+270963e-06
+207028e-06
+974249e-07
-365343e-07
-170494e-06
-280097e-06
-325765e-06
-286186e-06
-149182e-06
+700242e-07
+325765e-06
+578460e-06
+761132e-06
+815934e-06
+721553e-06
+474946e-06
+106559e-06
-322720e-06
-739820e-06
-107167e-05
-125130e-05
-125435e-05
-108690e-05
-770266e-06
-368388e-06
+669796e-07
+471902e-06
+803756e-06
+103818e-05
+117214e-05
+121477e-05
+115997e-05
+101992e-05
+809845e-06
+523659e-06
+185716e-06
-179627e-06
-538882e-06
-852468e-06
-107776e-05
-118432e-05
-114170e-05
-962071e-06
-672841e-06
-319676e-06
+456679e-07
+362299e-06
+587594e-06
+706331e-06
+724598e-06
+654574e-06
+529748e-06
+398833e-06
+292275e-06
+225295e-06
+197894e-06
+197894e-06
+194850e-06
+164405e-06
+882913e-07
-456679e-07
-228340e-06
-438412e-06
-648485e-06
-828112e-06
-946848e-06
-986427e-06
-931626e-06
-794622e-06
-581505e-06
-316631e-06
-274008e-07
+255740e-06
+511481e-06
+715464e-06
+843334e-06
+895091e-06
+867691e-06
+773310e-06
+621084e-06
+429279e-06
+219206e-06
+304453e-08
-210072e-06
-401878e-06
-563238e-06
-694153e-06
-770266e-06
-785488e-06
-715464e-06
-554104e-06
-295319e-06
+456679e-07
+441457e-06
+837245e-06
+117519e-05
+139439e-05
+144615e-05
+130001e-05
+965116e-06
+487125e-06
-913359e-07
-675885e-06
-118432e-05
-154967e-05
-172320e-05
-168667e-05
-145528e-05
-105341e-05
-532793e-06
+456679e-07
+614995e-06
+110212e-05
+145528e-05
+163796e-05
+161969e-05
+140657e-05
+102601e-05
+526703e-06
-182672e-07
-538882e-06
-952937e-06
-121781e-05
-130306e-05
-121781e-05
-992516e-06
-672841e-06
-319676e-06
+243562e-07
+316631e-06
+548015e-06
+709375e-06
+797666e-06
+825067e-06
+791577e-06
+700242e-06
+544971e-06
+328809e-06
+730687e-07
-210072e-06
-481036e-06
-706331e-06
-849423e-06
-901181e-06
-861602e-06
-742865e-06
-566282e-06
-365343e-06
-161360e-06
+243562e-07
+191805e-06
+337943e-06
+474946e-06
+605861e-06
+709375e-06
+776355e-06
+791577e-06
+727642e-06
+581505e-06
+359254e-06
+852468e-07
-210072e-06
-477991e-06
-681974e-06
-791577e-06
-803756e-06
-718509e-06
-566282e-06
-377522e-06
-188761e-06
-274008e-07
+974249e-07
+188761e-06
+255740e-06
+307497e-06
+362299e-06
+429279e-06
+502347e-06
+566282e-06
+602817e-06
+590639e-06
+520614e-06
+389700e-06
+216162e-06
+121781e-07
-200939e-06
-392744e-06
-544971e-06
-651529e-06
-703286e-06
-700242e-06
-645440e-06
-544971e-06
-407967e-06
-240518e-06
-487125e-07
+149182e-06
+334898e-06
+496258e-06
+621084e-06
+685019e-06
+681974e-06
+618039e-06
+499303e-06
+340987e-06
+155271e-06
-365343e-07
-228340e-06
-404922e-06
-554104e-06
-669796e-06
-736776e-06
-745910e-06
-688064e-06
-554104e-06
-350121e-06
-852468e-07
+222251e-06
+544971e-06
+831156e-06
+103514e-05
+112952e-05
+108994e-05
+907270e-06
+584549e-06
+170494e-06
-286186e-06
-733731e-06
-111125e-05
-137004e-05
-147660e-05
-140657e-05
-117823e-05
-818978e-06
-368388e-06
+118737e-06
+587594e-06
+989472e-06
+127870e-05
+144006e-05
+146137e-05
+134568e-05
+111430e-05
+785488e-06
+386655e-06
-426234e-07
-474946e-06
-867691e-06
-118432e-05
-139135e-05
-145833e-05
-136699e-05
-110821e-05
-712420e-06
-210072e-06
+347076e-06
+879869e-06
+132133e-05
+161664e-05
+171103e-05
+159229e-05
+127261e-05
+794622e-06
+219206e-06
-374477e-06
-913359e-06
-133046e-05
-158315e-05
-165318e-05
-154053e-05
-127261e-05
-885958e-06
-420145e-06
+730687e-07
+548015e-06
+959027e-06
+127870e-05
+146746e-05
+150400e-05
+137308e-05
+108385e-05
+651529e-06
+127870e-06
-420145e-06
-931626e-06
-132437e-05
-154358e-05
-155575e-05
-135482e-05
-974249e-06
-471902e-06
+669796e-07
+569327e-06
+962071e-06
+120563e-05
+128175e-05
+119041e-05
+968160e-06
+663707e-06
+322720e-06
-913359e-08
-301408e-06
-532793e-06
-681974e-06
-748954e-06
-730687e-06
-630217e-06
-468857e-06
-258785e-06
-213117e-07
+203983e-06
+386655e-06
+502347e-06
+529748e-06
+468857e-06
+328809e-06
+140048e-06
-608906e-07
-240518e-06
-371432e-06
-426234e-06
-404922e-06
-319676e-06
-203983e-06
-882913e-07
+304453e-08
+578460e-07
+700242e-07
+395789e-07
-152226e-07
-791577e-07
-130915e-06
-164405e-06
-164405e-06
-130915e-06
-700242e-07
+274008e-07
+158315e-06
+298364e-06
+447546e-06
+599772e-06
+721553e-06
+788533e-06
+785488e-06
+691108e-06
+490169e-06
+197894e-06
-155271e-06
-529748e-06
-873780e-06
-112952e-05
-125130e-05
-122390e-05
-103210e-05
-694153e-06
-264874e-06
+194850e-06
+624128e-06
+965116e-06
+116605e-05
+120868e-05
+110516e-05
+864646e-06
+520614e-06
+130915e-06
-258785e-06
-599772e-06
-858557e-06
-101383e-05
-105036e-05
-977294e-06
-806800e-06
-560193e-06
-258785e-06
+669796e-07
+371432e-06
+627173e-06
+822023e-06
+925537e-06
+928581e-06
+837245e-06
+648485e-06
+392744e-06
+100469e-06
-207028e-06
-484080e-06
-700242e-06
-828112e-06
-849423e-06
-761132e-06
-569327e-06
-295319e-06
+152226e-07
+325765e-06
+593683e-06
+773310e-06
+843334e-06
+794622e-06
+639351e-06
+407967e-06
+130915e-06
-152226e-06
-392744e-06
-566282e-06
-654574e-06
-645440e-06
-554104e-06
-392744e-06
-188761e-06
+304453e-07
+234429e-06
+401878e-06
+511481e-06
+551060e-06
+517570e-06
+417100e-06
+261829e-06
+700242e-07
-133959e-06
-328809e-06
-481036e-06
-581505e-06
-621084e-06
-587594e-06
-493214e-06
-347076e-06
-164405e-06
+213117e-07
+188761e-06
+310542e-06
+374477e-06
+377522e-06
+319676e-06
+213117e-06
+730687e-07
-608906e-07
-155271e-06
-194850e-06
-167449e-06
-761132e-07
+669796e-07
+237473e-06
+392744e-06
+496258e-06
+532793e-06
+490169e-06
+368388e-06
+179627e-06
-487125e-07
-283141e-06
-490169e-06
-642396e-06
-730687e-06
-742865e-06
-685019e-06
-572371e-06
-426234e-06
-246607e-06
-456679e-07
+170494e-06
+398833e-06
+627173e-06
+840290e-06
+101687e-05
+112039e-05
+112648e-05
+100165e-05
+739820e-06
+359254e-06
-974249e-07
-563238e-06
-962071e-06
-122695e-05
-130915e-05
-120259e-05
-919448e-06
-511481e-06
-578460e-07
+353165e-06
+654574e-06
+797666e-06
+779399e-06
+621084e-06
+374477e-06
+100469e-06
-140048e-06
-301408e-06
-368388e-06
-334898e-06
-222251e-06
-700242e-07
+852468e-07
+216162e-06
+301408e-06
+331854e-06
+304453e-06
+222251e-06
+913359e-07
-639351e-07
-234429e-06
-398833e-06
-538882e-06
-639351e-06
-678930e-06
-651529e-06
-548015e-06
-380566e-06
-167449e-06
+791577e-07
+328809e-06
+557149e-06
+733731e-06
+843334e-06
+873780e-06
+812889e-06
+666752e-06
+453635e-06
+185716e-06
-112648e-06
-411011e-06
-675885e-06
-876824e-06
-986427e-06
-983383e-06
-858557e-06
-614995e-06
-274008e-06
+127870e-06
+538882e-06
+904225e-06
+116910e-05
+129088e-05
+124217e-05
+103514e-05
+688064e-06
+249651e-06
-219206e-06
-654574e-06
-100774e-05
-123303e-05
-131524e-05
-125739e-05
-106863e-05
-782444e-06
-432323e-06
-426234e-07
+344032e-06
+697197e-06
+992516e-06
+120563e-05
+130915e-05
+129088e-05
+115388e-05
+895091e-06
+541926e-06
+140048e-06
-267919e-06
-633262e-06
-913359e-06
-107776e-05
-111430e-05
-102296e-05
-834201e-06
-584549e-06
-301408e-06
-274008e-07
+207028e-06
+383611e-06
+496258e-06
+554104e-06
+554104e-06
+505392e-06
+417100e-06
+301408e-06
+164405e-06
+913359e-08
-137004e-06
-264874e-06
-365343e-06
-417100e-06
-423189e-06
-377522e-06
-295319e-06
-194850e-06
-852468e-07
+213117e-07
+121781e-06
+203983e-06
+267919e-06
+307497e-06
+322720e-06
+304453e-06
+255740e-06
+167449e-06
+487125e-07
-882913e-07
-219206e-06
-331854e-06
-392744e-06
-377522e-06
-283141e-06
-127870e-06
+791577e-07
+298364e-06
+484080e-06
+611950e-06
+648485e-06
+575416e-06
+407967e-06
+170494e-06
-106559e-06
-371432e-06
-581505e-06
-715464e-06
-751999e-06
-681974e-06
-520614e-06
-295319e-06
-395789e-07
+210072e-06
+426234e-06
+587594e-06
+678930e-06
+703286e-06
+663707e-06
+566282e-06
+420145e-06
+237473e-06
+243562e-07
-219206e-06
-468857e-06
-709375e-06
-907270e-06
-103818e-05
-106863e-05
-974249e-06
-748954e-06
-404922e-06
+152226e-07
+456679e-06
+843334e-06
+111430e-05
+122086e-05
+114779e-05
+904225e-06
+538882e-06
+127870e-06
-255740e-06
-535837e-06
-669796e-06
-651529e-06
-499303e-06
-255740e-06
+121781e-07
+240518e-06
+383611e-06
+426234e-06
+374477e-06
+243562e-06
+669796e-07
-109603e-06
-267919e-06
-383611e-06
-447546e-06
-471902e-06
-474946e-06
-459724e-06
-423189e-06
-344032e-06
-216162e-06
-274008e-07
+225295e-06
+529748e-06
+849423e-06
+112952e-05
+131524e-05
+135482e-05
+121172e-05
+885958e-06
+395789e-06
-185716e-06
-779399e-06
-129697e-05
-165318e-05
-179323e-05
-169580e-05
-137917e-05
-882913e-06
-283141e-06
+331854e-06
+873780e-06
+127870e-05
+149486e-05
+150704e-05
+132133e-05
+971205e-06
+505392e-06
-213117e-07
-541926e-06
-992516e-06
-131828e-05
-148877e-05
-149182e-05
-132437e-05
-995561e-06
-548015e-06
-304453e-07
+499303e-06
+977294e-06
+135177e-05
+158315e-05
+163491e-05
+150095e-05
+119954e-05
+758088e-06
+234429e-06
-295319e-06
-773310e-06
-113865e-05
-133959e-05
-136090e-05
-121477e-05
-934670e-06
-566282e-06
-179627e-06
+167449e-06
+426234e-06
+572371e-06
+611950e-06
+563238e-06
+471902e-06
+380566e-06
+316631e-06
+295319e-06
+310542e-06
+344032e-06
+371432e-06
+368388e-06
+313586e-06
+203983e-06
+395789e-07
-149182e-06
-334898e-06
-487125e-06
-584549e-06
-621084e-06
-578460e-06
-481036e-06
-340987e-06
-179627e-06
-365343e-07
+791577e-07
+143093e-06
+146137e-06
+974249e-07
+182672e-07
-517570e-07
-852468e-07
-578460e-07
+487125e-07
+225295e-06
+429279e-06
+618039e-06
+736776e-06
+739820e-06
+599772e-06
+328809e-06
-365343e-07
-435368e-06
-785488e-06
-102601e-05
-111125e-05
-101383e-05
-761132e-06
-404922e-06
-121781e-07
+350121e-06
+624128e-06
+782444e-06
+822023e-06
+758088e-06
+624128e-06
+456679e-06
+292275e-06
+133959e-06
-152226e-07
-149182e-06
-283141e-06
-404922e-06
-511481e-06
-599772e-06
-642396e-06
-627173e-06
-554104e-06
-426234e-06
-255740e-06
-608906e-07
+140048e-06
+319676e-06
+465813e-06
+587594e-06
+672841e-06
+715464e-06
+721553e-06
+678930e-06
+575416e-06
+417100e-06
+210072e-06
-304453e-07
-283141e-06
-508436e-06
-663707e-06
-736776e-06
-709375e-06
-587594e-06
-404922e-06
-188761e-06
+274008e-07
+207028e-06
+322720e-06
+377522e-06
+371432e-06
+322720e-06
+249651e-06
+161360e-06
+669796e-07
-213117e-07
-913359e-07
-149182e-06
-191805e-06
-213117e-06
-207028e-06
-164405e-06
-943804e-07
+000000e+00
+103514e-06
+200939e-06
+261829e-06
+270963e-06
+216162e-06
+106559e-06
-456679e-07
-219206e-06
-386655e-06
-520614e-06
-596728e-06
-599772e-06
-529748e-06
-395789e-06
-210072e-06
+913359e-08
+231384e-06
+435368e-06
+608906e-06
+727642e-06
+773310e-06
+748954e-06
+651529e-06
+487125e-06
+292275e-06
+791577e-07
-115692e-06
-270963e-06
-377522e-06
-423189e-06
-417100e-06
-374477e-06
-310542e-06
-246607e-06
-197894e-06
-161360e-06
-130915e-06
-974249e-07
-456679e-07
+243562e-07
+115692e-06
+216162e-06
+301408e-06
+344032e-06
+347076e-06
+295319e-06
+194850e-06
+608906e-07
-761132e-07
-188761e-06
-252696e-06
-255740e-06
-203983e-06
-109603e-06
+000000e+00
+974249e-07
+164405e-06
+176583e-06
+137004e-06
+548015e-07
-487125e-07
-146137e-06
-222251e-06
-255740e-06
-243562e-06
-188761e-06
-100469e-06
-608906e-08
+822023e-07
+146137e-06
+170494e-06
+161360e-06
+124826e-06
+730687e-07
+182672e-07
-213117e-07
-334898e-07
-243562e-07
+304453e-08
+304453e-07
+395789e-07
+213117e-07
-304453e-07
-106559e-06
-191805e-06
-261829e-06
-286186e-06
-255740e-06
-164405e-06
-304453e-07
+124826e-06
+267919e-06
+365343e-06
+398833e-06
+368388e-06
+286186e-06
+173538e-06
+578460e-07
-274008e-07
-730687e-07
-730687e-07
-456679e-07
-608906e-08
+213117e-07
+182672e-07
-213117e-07
-852468e-07
-152226e-06
-213117e-06
-237473e-06
-210072e-06
-143093e-06
-426234e-07
+761132e-07
+188761e-06
+274008e-06
+316631e-06
+307497e-06
+252696e-06
+161360e-06
+426234e-07
-791577e-07
-191805e-06
-286186e-06
-337943e-06
-340987e-06
-295319e-06
-203983e-06
-913359e-07
+304453e-07
+143093e-06
+216162e-06
+240518e-06
+210072e-06
+133959e-06
+304453e-07
-700242e-07
-149182e-06
-194850e-06
-203983e-06
-176583e-06
-130915e-06
-822023e-07
-456679e-07
-213117e-07
-913359e-08
-304453e-08
+182672e-07
+608906e-07
+121781e-06
+200939e-06
+280097e-06
+337943e-06
+359254e-06
+334898e-06
+258785e-06
+124826e-06
-274008e-07
-182672e-06
-328809e-06
-423189e-06
-456679e-06
-432323e-06
-347076e-06
-207028e-06
-426234e-07
+130915e-06
+280097e-06
+392744e-06
+459724e-06
+462768e-06
+401878e-06
+304453e-06
+176583e-06
+274008e-07
-106559e-06
-219206e-06
-298364e-06
-337943e-06
-340987e-06
-307497e-06
-255740e-06
-194850e-06
-127870e-06
-578460e-07
+243562e-07
+118737e-06
+216162e-06
+301408e-06
+365343e-06
+401878e-06
+392744e-06
+334898e-06
+228340e-06
+761132e-07
-852468e-07
-237473e-06
-362299e-06
-429279e-06
-432323e-06
-383611e-06
-289230e-06
-167449e-06
-487125e-07
+517570e-07
+118737e-06
+152226e-06
+149182e-06
+127870e-06
+882913e-07
+487125e-07
+213117e-07
+000000e+00
-152226e-07
-304453e-07
-456679e-07
-639351e-07
-913359e-07
-112648e-06
-118737e-06
-103514e-06
-639351e-07
+304453e-08
+852468e-07
+164405e-06
+222251e-06
+240518e-06
+197894e-06
+100469e-06
-426234e-07
-207028e-06
-362299e-06
-468857e-06
-493214e-06
-432323e-06
-264874e-06
-152226e-07
+270963e-06
+554104e-06
+782444e-06
+910314e-06
+913359e-06
+788533e-06
+557149e-06
+258785e-06
-487125e-07
-328809e-06
-535837e-06
-645440e-06
-654574e-06
-581505e-06
-456679e-06
-307497e-06
-158315e-06
-365343e-07
+548015e-07
+115692e-06
+146137e-06
+155271e-06
+155271e-06
+149182e-06
+130915e-06
+974249e-07
+487125e-07
-608906e-08
-608906e-07
-103514e-06
-127870e-06
-115692e-06
-608906e-07
+304453e-07
+143093e-06
+255740e-06
+340987e-06
+371432e-06
+344032e-06
+246607e-06
+852468e-07
-109603e-06
-310542e-06
-477991e-06
-578460e-06
-599772e-06
+000000e+00
+000000e+00
+000000e+00
+000000e+00
[ENDDATA]
