[FILEINFO]
File: D:\CMC thesis\AE software\Poly\Vallen\P3.tra
SampleRate[Hz]: 10000000
SetsOnFile: 3
Samples: 2048
[SETINFO]
Set: 3
Index: 3
Time:  15 10:49:29 460.3126
Channel: 2
PreTriggerSamples: 100
Data: Amplitude [mV]
[DATA]
-608906e-08
-608906e-08
-304453e-08
-304453e-08
-608906e-08
-608906e-08
-304453e-08
-304453e-08
-304453e-08
-304453e-08
+000000e+00
-304453e-08
-304453e-08
-608906e-08
-608906e-08
-608906e-08
-913359e-08
-913359e-08
-913359e-08
-913359e-08
-913359e-08
-913359e-08
-608906e-08
-304453e-08
-304453e-08
+000000e+00
+000000e+00
+304453e-08
+608906e-08
+304453e-08
+304453e-08
+304453e-08
+608906e-08
+304453e-08
+304453e-08
+000000e+00
+000000e+00
+000000e+00
+000000e+00
+304453e-08
+000000e+00
+000000e+00
+000000e+00
+000000e+00
+000000e+00
+304453e-08
+304453e-08
+304453e-08
+000000e+00
-304453e-08
-304453e-08
-304453e-08
-304453e-08
-304453e-08
-608906e-08
-913359e-08
-913359e-08
-913359e-08
-913359e-08
-913359e-08
-608906e-08
-608906e-08
-608906e-08
-608906e-08
-608906e-08
-913359e-08
-913359e-08
-913359e-08
-913359e-08
-913359e-08
-913359e-08
-608906e-08
-608906e-08
-608906e-08
-304453e-08
-304453e-08
-608906e-08
-304453e-08
+000000e+00
-304453e-08
-304453e-08
-304453e-08
-304453e-08
+000000e+00
+000000e+00
+000000e+00
+304453e-08
+000000e+00
-304453e-08
-304453e-08
-304453e-08
-608906e-08
-913359e-08
-913359e-08
-913359e-08
-121781e-07
-152226e-07
-213117e-07
-304453e-07
-365343e-07
-365343e-07
-243562e-07
-304453e-08
+334898e-07
+791577e-07
+127870e-06
+173538e-06
+207028e-06
+222251e-06
+207028e-06
+164405e-06
+974249e-07
+304453e-08
-109603e-06
-234429e-06
-371432e-06
-496258e-06
-596728e-06
-666752e-06
-685019e-06
-633262e-06
-505392e-06
-292275e-06
-304453e-08
+322720e-06
+660663e-06
+971205e-06
+122086e-05
+136395e-05
+137917e-05
+125435e-05
+100165e-05
+639351e-06
+200939e-06
-264874e-06
-715464e-06
-111125e-05
-140657e-05
-157707e-05
-159229e-05
-145528e-05
-117823e-05
-782444e-06
-304453e-06
+200939e-06
+688064e-06
+109907e-05
+137917e-05
+149182e-05
+143093e-05
+119954e-05
+818978e-06
+331854e-06
-197894e-06
-706331e-06
-113561e-05
-143702e-05
-157402e-05
-152835e-05
-131524e-05
-949893e-06
-468857e-06
+639351e-07
+599772e-06
+108690e-05
+147660e-05
+172625e-05
+181454e-05
+173234e-05
+148573e-05
+109603e-05
+593683e-06
+243562e-07
-563238e-06
-110821e-05
-155880e-05
-187239e-05
-200026e-05
-192110e-05
-164405e-05
-118737e-05
-590639e-06
+822023e-07
+761132e-06
+137613e-05
+184194e-05
+210986e-05
+214335e-05
+194241e-05
+152835e-05
+946848e-06
+264874e-06
-438412e-06
-107472e-05
-157707e-05
-189979e-05
-200026e-05
-187847e-05
-155880e-05
-108994e-05
-520614e-06
+761132e-07
+633262e-06
+109299e-05
+140048e-05
+153140e-05
+148573e-05
+126348e-05
+901181e-06
+441457e-06
-578460e-07
-532793e-06
-931626e-06
-120563e-05
-133046e-05
-129697e-05
-111734e-05
-818978e-06
-438412e-06
-243562e-07
+371432e-06
+712420e-06
+959027e-06
+108994e-05
+110821e-05
+102601e-05
+846379e-06
+605861e-06
+340987e-06
+730687e-07
-182672e-06
-389700e-06
-538882e-06
-627173e-06
-648485e-06
-605861e-06
-514525e-06
-395789e-06
-258785e-06
-121781e-06
-121781e-07
+791577e-07
+140048e-06
+170494e-06
+188761e-06
+200939e-06
+213117e-06
+231384e-06
+258785e-06
+286186e-06
+301408e-06
+298364e-06
+261829e-06
+185716e-06
+761132e-07
-578460e-07
-207028e-06
-356210e-06
-474946e-06
-551060e-06
-584549e-06
-563238e-06
-490169e-06
-368388e-06
-207028e-06
-243562e-07
+170494e-06
+359254e-06
+526703e-06
+657618e-06
+721553e-06
+718509e-06
+636306e-06
+471902e-06
+249651e-06
-608906e-08
-274008e-06
-514525e-06
-678930e-06
-755043e-06
-721553e-06
-587594e-06
-371432e-06
-106559e-06
+173538e-06
+420145e-06
+599772e-06
+688064e-06
+663707e-06
+541926e-06
+347076e-06
+106559e-06
-140048e-06
-362299e-06
-535837e-06
-639351e-06
-657618e-06
-596728e-06
-477991e-06
-310542e-06
-109603e-06
+943804e-07
+286186e-06
+447546e-06
+569327e-06
+633262e-06
+633262e-06
+569327e-06
+447546e-06
+289230e-06
+974249e-07
-109603e-06
-307497e-06
-474946e-06
-593683e-06
-657618e-06
-657618e-06
-599772e-06
-487125e-06
-334898e-06
-152226e-06
+334898e-07
+207028e-06
+347076e-06
+438412e-06
+481036e-06
+465813e-06
+398833e-06
+307497e-06
+200939e-06
+913359e-07
+304453e-08
-487125e-07
-639351e-07
-456679e-07
-608906e-08
+426234e-07
+822023e-07
+974249e-07
+852468e-07
+456679e-07
-182672e-07
-943804e-07
-173538e-06
-246607e-06
-304453e-06
-340987e-06
-347076e-06
-316631e-06
-258785e-06
-170494e-06
-608906e-07
+669796e-07
+210072e-06
+350121e-06
+465813e-06
+548015e-06
+572371e-06
+526703e-06
+404922e-06
+219206e-06
-152226e-07
-280097e-06
-532793e-06
-730687e-06
-846379e-06
-861602e-06
-761132e-06
-554104e-06
-255740e-06
+974249e-07
+447546e-06
+758088e-06
+980338e-06
+108385e-05
+106254e-05
+910314e-06
+645440e-06
+301408e-06
-761132e-07
-456679e-06
-788533e-06
-103514e-05
-117214e-05
-118432e-05
-106559e-05
-837245e-06
-526703e-06
-158315e-06
+225295e-06
+584549e-06
+892047e-06
+109907e-05
+119346e-05
+117214e-05
+103210e-05
+791577e-06
+474946e-06
+106559e-06
-274008e-06
-630217e-06
-916403e-06
-110821e-05
-118432e-05
-112648e-05
-946848e-06
-666752e-06
-313586e-06
+639351e-07
+423189e-06
+721553e-06
+922492e-06
+100165e-05
+949893e-06
+779399e-06
+511481e-06
+185716e-06
-146137e-06
-447546e-06
-669796e-06
-785488e-06
-785488e-06
-672841e-06
-477991e-06
-228340e-06
+243562e-07
+240518e-06
+386655e-06
+456679e-06
+444501e-06
+368388e-06
+249651e-06
+124826e-06
+213117e-07
-395789e-07
-517570e-07
-213117e-07
+395789e-07
+100469e-06
+137004e-06
+130915e-06
+730687e-07
-243562e-07
-146137e-06
-277052e-06
-383611e-06
-432323e-06
-404922e-06
-304453e-06
-133959e-06
+822023e-07
+310542e-06
+520614e-06
+678930e-06
+748954e-06
+724598e-06
+596728e-06
+374477e-06
+913359e-07
-225295e-06
-520614e-06
-755043e-06
-907270e-06
-949893e-06
-879869e-06
-709375e-06
-459724e-06
-167449e-06
+133959e-06
+398833e-06
+599772e-06
+712420e-06
+736776e-06
+685019e-06
+560193e-06
+386655e-06
+185716e-06
-213117e-07
-216162e-06
-380566e-06
-490169e-06
-541926e-06
-535837e-06
-471902e-06
-350121e-06
-179627e-06
+152226e-07
+213117e-06
+389700e-06
+529748e-06
+611950e-06
+627173e-06
+572371e-06
+447546e-06
+274008e-06
+639351e-07
-164405e-06
-383611e-06
-581505e-06
-736776e-06
-818978e-06
-825067e-06
-745910e-06
-587594e-06
-362299e-06
-974249e-07
+185716e-06
+453635e-06
+672841e-06
+812889e-06
+861602e-06
+806800e-06
+660663e-06
+441457e-06
+173538e-06
-112648e-06
-377522e-06
-593683e-06
-736776e-06
-791577e-06
-745910e-06
-605861e-06
-395789e-06
-140048e-06
+137004e-06
+398833e-06
+602817e-06
+733731e-06
+767221e-06
+712420e-06
+578460e-06
+383611e-06
+158315e-06
-669796e-07
-267919e-06
-420145e-06
-508436e-06
-538882e-06
-514525e-06
-444501e-06
-337943e-06
-197894e-06
-487125e-07
+106559e-06
+261829e-06
+411011e-06
+548015e-06
+645440e-06
+691108e-06
+663707e-06
+560193e-06
+380566e-06
+130915e-06
-170494e-06
-487125e-06
-773310e-06
-995561e-06
-112343e-05
-112952e-05
-100774e-05
-773310e-06
-453635e-06
-822023e-07
+289230e-06
+627173e-06
+895091e-06
+105950e-05
+110821e-05
+104123e-05
+861602e-06
+593683e-06
+274008e-06
-608906e-07
-386655e-06
-663707e-06
-858557e-06
-952937e-06
-943804e-06
-831156e-06
-630217e-06
-362299e-06
-669796e-07
+231384e-06
+502347e-06
+715464e-06
+849423e-06
+901181e-06
+855513e-06
+730687e-06
+535837e-06
+295319e-06
+334898e-07
-237473e-06
-487125e-06
-691108e-06
-831156e-06
-895091e-06
-882913e-06
-785488e-06
-611950e-06
-377522e-06
-100469e-06
+194850e-06
+484080e-06
+733731e-06
+916403e-06
+101078e-05
+992516e-06
+870735e-06
+651529e-06
+359254e-06
+213117e-07
-331854e-06
-651529e-06
-901181e-06
-104732e-05
-106863e-05
-959027e-06
-742865e-06
-438412e-06
-852468e-07
+264874e-06
+575416e-06
+812889e-06
+949893e-06
+971205e-06
+876824e-06
+697197e-06
+453635e-06
+161360e-06
-137004e-06
-414056e-06
-642396e-06
-800711e-06
-867691e-06
-843334e-06
-721553e-06
-505392e-06
-219206e-06
+103514e-06
+420145e-06
+688064e-06
+873780e-06
+943804e-06
+892047e-06
+724598e-06
+459724e-06
+133959e-06
-203983e-06
-496258e-06
-712420e-06
-825067e-06
-825067e-06
-721553e-06
-538882e-06
-301408e-06
-517570e-07
+170494e-06
+340987e-06
+438412e-06
+459724e-06
+401878e-06
+292275e-06
+143093e-06
-274008e-07
-185716e-06
-319676e-06
-404922e-06
-429279e-06
-392744e-06
-298364e-06
-164405e-06
-913359e-08
+149182e-06
+292275e-06
+404922e-06
+477991e-06
+499303e-06
+459724e-06
+371432e-06
+249651e-06
+100469e-06
-487125e-07
-188761e-06
-301408e-06
-365343e-06
-374477e-06
-322720e-06
-228340e-06
-109603e-06
+243562e-07
+164405e-06
+280097e-06
+356210e-06
+383611e-06
+362299e-06
+292275e-06
+185716e-06
+456679e-07
-974249e-07
-222251e-06
-319676e-06
-365343e-06
-353165e-06
-286186e-06
-173538e-06
-365343e-07
+103514e-06
+231384e-06
+325765e-06
+368388e-06
+365343e-06
+313586e-06
+213117e-06
+669796e-07
-882913e-07
-249651e-06
-395789e-06
-505392e-06
-575416e-06
-590639e-06
-548015e-06
-456679e-06
-313586e-06
-127870e-06
+669796e-07
+261829e-06
+435368e-06
+569327e-06
+642396e-06
+642396e-06
+563238e-06
+411011e-06
+197894e-06
-608906e-07
-334898e-06
-596728e-06
-809845e-06
-943804e-06
-980338e-06
-910314e-06
-727642e-06
-447546e-06
-974249e-07
+283141e-06
+666752e-06
+998605e-06
+124521e-05
+137917e-05
+137613e-05
+122695e-05
+952937e-06
+578460e-06
+143093e-06
-310542e-06
-730687e-06
-107472e-05
-129697e-05
-136395e-05
-128175e-05
-105341e-05
-700242e-06
-280097e-06
+161360e-06
+575416e-06
+922492e-06
+114474e-05
+122695e-05
+117519e-05
+995561e-06
+712420e-06
+362299e-06
-304453e-08
-356210e-06
-651529e-06
-852468e-06
-940759e-06
-910314e-06
-770266e-06
-544971e-06
-255740e-06
+548015e-07
+328809e-06
+541926e-06
+660663e-06
+663707e-06
+557149e-06
+353165e-06
+882913e-07
-207028e-06
-484080e-06
-703286e-06
-834201e-06
-861602e-06
-791577e-06
-621084e-06
-380566e-06
-103514e-06
+182672e-06
+444501e-06
+642396e-06
+764177e-06
+797666e-06
+745910e-06
+618039e-06
+432323e-06
+219206e-06
+000000e+00
-200939e-06
-368388e-06
-477991e-06
-517570e-06
-502347e-06
-441457e-06
-328809e-06
-179627e-06
-304453e-07
+115692e-06
+237473e-06
+322720e-06
+365343e-06
+365343e-06
+328809e-06
+258785e-06
+164405e-06
+608906e-07
-274008e-07
-913359e-07
-121781e-06
-112648e-06
-730687e-07
-304453e-08
+852468e-07
+176583e-06
+249651e-06
+277052e-06
+255740e-06
+182672e-06
+608906e-07
-882913e-07
-261829e-06
-429279e-06
-557149e-06
-633262e-06
-645440e-06
-581505e-06
-447546e-06
-258785e-06
-334898e-07
+194850e-06
+404922e-06
+572371e-06
+678930e-06
+709375e-06
+654574e-06
+520614e-06
+319676e-06
+761132e-07
-194850e-06
-450590e-06
-663707e-06
-800711e-06
-843334e-06
-776355e-06
-602817e-06
-344032e-06
-395789e-07
+270963e-06
+551060e-06
+751999e-06
+843334e-06
+825067e-06
+697197e-06
+481036e-06
+219206e-06
-456679e-07
-292275e-06
-471902e-06
-572371e-06
-599772e-06
-548015e-06
-444501e-06
-301408e-06
-137004e-06
+182672e-07
+161360e-06
+277052e-06
+356210e-06
+407967e-06
+429279e-06
+417100e-06
+377522e-06
+319676e-06
+234429e-06
+130915e-06
+152226e-07
-100469e-06
-207028e-06
-292275e-06
-340987e-06
-347076e-06
-307497e-06
-231384e-06
-140048e-06
-456679e-07
+395789e-07
+100469e-06
+124826e-06
+112648e-06
+730687e-07
+152226e-07
-365343e-07
-761132e-07
-882913e-07
-791577e-07
-548015e-07
-182672e-07
+152226e-07
+304453e-07
+243562e-07
-608906e-08
-517570e-07
-100469e-06
-146137e-06
-167449e-06
-161360e-06
-124826e-06
-639351e-07
+121781e-07
+913359e-07
+158315e-06
+200939e-06
+216162e-06
+200939e-06
+167449e-06
+124826e-06
+761132e-07
+304453e-07
-152226e-07
-487125e-07
-761132e-07
-100469e-06
-121781e-06
-137004e-06
-143093e-06
-130915e-06
-100469e-06
-517570e-07
+913359e-08
+882913e-07
+167449e-06
+231384e-06
+283141e-06
+310542e-06
+313586e-06
+292275e-06
+246607e-06
+173538e-06
+852468e-07
-121781e-07
-112648e-06
-213117e-06
-310542e-06
-386655e-06
-426234e-06
-429279e-06
-395789e-06
-325765e-06
-231384e-06
-121781e-06
-152226e-07
+791577e-07
+155271e-06
+207028e-06
+225295e-06
+213117e-06
+179627e-06
+137004e-06
+913359e-07
+456679e-07
+608906e-08
-213117e-07
-334898e-07
-426234e-07
-426234e-07
-365343e-07
-304453e-07
-182672e-07
-913359e-08
-304453e-08
+608906e-08
+152226e-07
+182672e-07
+213117e-07
+182672e-07
+913359e-08
+000000e+00
-913359e-08
-152226e-07
-121781e-07
+304453e-08
+304453e-07
+700242e-07
+115692e-06
+161360e-06
+194850e-06
+207028e-06
+191805e-06
+155271e-06
+913359e-07
+121781e-07
-669796e-07
-137004e-06
-197894e-06
-231384e-06
-234429e-06
-207028e-06
-161360e-06
-103514e-06
-395789e-07
+213117e-07
+730687e-07
+112648e-06
+137004e-06
+149182e-06
+149182e-06
+133959e-06
+103514e-06
+517570e-07
-182672e-07
-100469e-06
-188761e-06
-277052e-06
-340987e-06
-371432e-06
-359254e-06
-295319e-06
-182672e-06
-365343e-07
+124826e-06
+277052e-06
+395789e-06
+471902e-06
+481036e-06
+414056e-06
+289230e-06
+121781e-06
-669796e-07
-246607e-06
-389700e-06
-471902e-06
-490169e-06
-459724e-06
-374477e-06
-249651e-06
-118737e-06
+913359e-08
+121781e-06
+213117e-06
+283141e-06
+328809e-06
+353165e-06
+365343e-06
+359254e-06
+337943e-06
+292275e-06
+216162e-06
+115692e-06
+608906e-08
-974249e-07
-188761e-06
-255740e-06
-283141e-06
-274008e-06
-228340e-06
-155271e-06
-761132e-07
+608906e-08
+822023e-07
+137004e-06
+170494e-06
+185716e-06
+173538e-06
+146137e-06
+974249e-07
+274008e-07
-517570e-07
-137004e-06
-225295e-06
-301408e-06
-344032e-06
-334898e-06
-267919e-06
-149182e-06
+121781e-07
+197894e-06
+374477e-06
+511481e-06
+593683e-06
+587594e-06
+484080e-06
+304453e-06
+639351e-07
-207028e-06
-462768e-06
-663707e-06
-791577e-06
-822023e-06
-758088e-06
-614995e-06
-417100e-06
-197894e-06
+913359e-08
+185716e-06
+313586e-06
+383611e-06
+407967e-06
+398833e-06
+362299e-06
+319676e-06
+274008e-06
+225295e-06
+179627e-06
+137004e-06
+100469e-06
+608906e-07
+304453e-07
+121781e-07
+913359e-08
+121781e-07
+243562e-07
+426234e-07
+578460e-07
+548015e-07
+365343e-07
+304453e-08
-456679e-07
-974249e-07
-143093e-06
-167449e-06
-158315e-06
-112648e-06
-334898e-07
+669796e-07
+179627e-06
+270963e-06
+319676e-06
+310542e-06
+237473e-06
+106559e-06
-639351e-07
-255740e-06
-432323e-06
-560193e-06
-624128e-06
-602817e-06
-499303e-06
-328809e-06
-109603e-06
+118737e-06
+322720e-06
+474946e-06
+563238e-06
+569327e-06
+487125e-06
+347076e-06
+155271e-06
-639351e-07
-289230e-06
-490169e-06
-636306e-06
-724598e-06
-733731e-06
-657618e-06
-505392e-06
-286186e-06
-182672e-07
+249651e-06
+508436e-06
+721553e-06
+852468e-06
+889002e-06
+828112e-06
+681974e-06
+465813e-06
+207028e-06
-487125e-07
-295319e-06
-487125e-06
-605861e-06
-651529e-06
-621084e-06
-523659e-06
-374477e-06
-191805e-06
+608906e-08
+194850e-06
+353165e-06
+471902e-06
+538882e-06
+541926e-06
+481036e-06
+371432e-06
+219206e-06
+365343e-07
-146137e-06
-313586e-06
-438412e-06
-511481e-06
-532793e-06
-490169e-06
-404922e-06
-270963e-06
-106559e-06
+608906e-07
+234429e-06
+383611e-06
+502347e-06
+584549e-06
+614995e-06
+587594e-06
+499303e-06
+368388e-06
+194850e-06
-304453e-08
-216162e-06
-414056e-06
-572371e-06
-678930e-06
-709375e-06
-666752e-06
-548015e-06
-371432e-06
-158315e-06
+669796e-07
+270963e-06
+432323e-06
+529748e-06
+544971e-06
+474946e-06
+337943e-06
+146137e-06
-730687e-07
-289230e-06
-462768e-06
-575416e-06
-611950e-06
-563238e-06
-441457e-06
-264874e-06
-517570e-07
+164405e-06
+356210e-06
+508436e-06
+605861e-06
+639351e-06
+608906e-06
+517570e-06
+383611e-06
+219206e-06
+334898e-07
-152226e-06
-325765e-06
-465813e-06
-563238e-06
-608906e-06
-587594e-06
-505392e-06
-365343e-06
-176583e-06
+334898e-07
+240518e-06
+426234e-06
+569327e-06
+642396e-06
+639351e-06
+563238e-06
+423189e-06
+246607e-06
+517570e-07
-130915e-06
-283141e-06
-386655e-06
-429279e-06
-407967e-06
-334898e-06
-225295e-06
-109603e-06
+000000e+00
+913359e-07
+137004e-06
+140048e-06
+103514e-06
+304453e-07
-608906e-07
-152226e-06
-231384e-06
-283141e-06
-292275e-06
-252696e-06
-173538e-06
-608906e-07
+700242e-07
+210072e-06
+331854e-06
+417100e-06
+462768e-06
+450590e-06
+383611e-06
+270963e-06
+118737e-06
-517570e-07
-222251e-06
-374477e-06
-477991e-06
-526703e-06
-511481e-06
-444501e-06
-325765e-06
-164405e-06
+121781e-07
+188761e-06
+340987e-06
+456679e-06
+526703e-06
+538882e-06
+499303e-06
+404922e-06
+267919e-06
+100469e-06
-761132e-07
-252696e-06
-398833e-06
-487125e-06
-517570e-06
-484080e-06
-380566e-06
-213117e-06
-121781e-07
+197894e-06
+392744e-06
+538882e-06
+614995e-06
+602817e-06
+493214e-06
+307497e-06
+639351e-07
-213117e-06
-487125e-06
-712420e-06
-858557e-06
-907270e-06
-849423e-06
-685019e-06
-435368e-06
-127870e-06
+194850e-06
+502347e-06
+758088e-06
+922492e-06
+980338e-06
+919448e-06
+758088e-06
+499303e-06
+185716e-06
-143093e-06
-462768e-06
-727642e-06
-904225e-06
-971205e-06
-916403e-06
-742865e-06
-471902e-06
-130915e-06
+231384e-06
+569327e-06
+846379e-06
+101992e-05
+106254e-05
+965116e-06
+748954e-06
+435368e-06
+761132e-07
-289230e-06
-608906e-06
-840290e-06
-952937e-06
-934670e-06
-794622e-06
-560193e-06
-246607e-06
+913359e-07
+392744e-06
+633262e-06
+788533e-06
+828112e-06
+758088e-06
+596728e-06
+365343e-06
+974249e-07
-173538e-06
-407967e-06
-587594e-06
-700242e-06
-733731e-06
-688064e-06
-578460e-06
-417100e-06
-222251e-06
-121781e-07
+191805e-06
+368388e-06
+496258e-06
+569327e-06
+566282e-06
+484080e-06
+337943e-06
+140048e-06
-822023e-07
-307497e-06
-496258e-06
-608906e-06
-642396e-06
-578460e-06
-426234e-06
-207028e-06
+548015e-07
+313586e-06
+541926e-06
+709375e-06
+788533e-06
+773310e-06
+663707e-06
+468857e-06
+222251e-06
-456679e-07
-313586e-06
-538882e-06
-691108e-06
-758088e-06
-730687e-06
-608906e-06
-411011e-06
-164405e-06
+103514e-06
+356210e-06
+557149e-06
+678930e-06
+706331e-06
+645440e-06
+496258e-06
+295319e-06
+700242e-07
-146137e-06
-325765e-06
-441457e-06
-481036e-06
-462768e-06
-377522e-06
-237473e-06
-852468e-07
+639351e-07
+200939e-06
+295319e-06
+337943e-06
+337943e-06
+298364e-06
+219206e-06
+106559e-06
-121781e-07
-133959e-06
-243562e-06
-334898e-06
-398833e-06
-429279e-06
-423189e-06
-386655e-06
-319676e-06
-234429e-06
-140048e-06
-426234e-07
+608906e-07
+161360e-06
+252696e-06
+322720e-06
+374477e-06
+398833e-06
+395789e-06
+359254e-06
+292275e-06
+191805e-06
+700242e-07
-608906e-07
-191805e-06
-307497e-06
-395789e-06
-441457e-06
-438412e-06
-395789e-06
-304453e-06
-182672e-06
-456679e-07
+913359e-07
+219206e-06
+310542e-06
+362299e-06
+374477e-06
+347076e-06
+277052e-06
+176583e-06
+608906e-07
-456679e-07
-127870e-06
-185716e-06
-207028e-06
-182672e-06
-127870e-06
-548015e-07
+304453e-07
+118737e-06
+191805e-06
+246607e-06
+274008e-06
+274008e-06
+252696e-06
+203983e-06
+140048e-06
+578460e-07
-365343e-07
-127870e-06
-222251e-06
-316631e-06
-389700e-06
-432323e-06
-435368e-06
-398833e-06
-310542e-06
-185716e-06
-334898e-07
+137004e-06
+298364e-06
+432323e-06
+523659e-06
+551060e-06
+508436e-06
+398833e-06
+234429e-06
+365343e-07
-176583e-06
-371432e-06
-523659e-06
-611950e-06
-627173e-06
-560193e-06
-435368e-06
-264874e-06
-669796e-07
+121781e-06
+277052e-06
+377522e-06
+423189e-06
+404922e-06
+337943e-06
+225295e-06
+852468e-07
-517570e-07
-173538e-06
-267919e-06
-313586e-06
-310542e-06
-255740e-06
-164405e-06
-487125e-07
+822023e-07
+216162e-06
+325765e-06
+404922e-06
+450590e-06
+444501e-06
+386655e-06
+289230e-06
+161360e-06
+304453e-08
-161360e-06
-313586e-06
-426234e-06
-484080e-06
-487125e-06
-435368e-06
-322720e-06
-167449e-06
+304453e-08
+170494e-06
+307497e-06
+407967e-06
+468857e-06
+481036e-06
+438412e-06
+356210e-06
+243562e-06
+103514e-06
-456679e-07
-197894e-06
-347076e-06
-465813e-06
-544971e-06
-581505e-06
-563238e-06
-484080e-06
-350121e-06
-167449e-06
+334898e-07
+231384e-06
+395789e-06
+502347e-06
+538882e-06
+496258e-06
+383611e-06
+219206e-06
+243562e-07
-173538e-06
-350121e-06
-474946e-06
-532793e-06
-523659e-06
-453635e-06
-331854e-06
-161360e-06
+213117e-07
+200939e-06
+353165e-06
+471902e-06
+548015e-06
+569327e-06
+529748e-06
+438412e-06
+310542e-06
+152226e-06
-274008e-07
-207028e-06
-374477e-06
-499303e-06
-569327e-06
-572371e-06
-502347e-06
-365343e-06
-170494e-06
+548015e-07
+286186e-06
+496258e-06
+651529e-06
+721553e-06
+700242e-06
+581505e-06
+383611e-06
+130915e-06
-146137e-06
-401878e-06
-608906e-06
-730687e-06
-755043e-06
-681974e-06
-523659e-06
-298364e-06
-456679e-07
+200939e-06
+411011e-06
+563238e-06
+636306e-06
+627173e-06
+529748e-06
+371432e-06
+167449e-06
-608906e-07
-286186e-06
-477991e-06
-611950e-06
-678930e-06
-663707e-06
-563238e-06
-386655e-06
-167449e-06
+822023e-07
+322720e-06
+526703e-06
+666752e-06
+712420e-06
+666752e-06
+526703e-06
+319676e-06
+761132e-07
-176583e-06
-401878e-06
-572371e-06
-657618e-06
-648485e-06
-548015e-06
-365343e-06
-130915e-06
+130915e-06
+386655e-06
+599772e-06
+742865e-06
+794622e-06
+748954e-06
+596728e-06
+362299e-06
+730687e-07
-249651e-06
-551060e-06
-788533e-06
-940759e-06
-980338e-06
-904225e-06
-724598e-06
-456679e-06
-140048e-06
+182672e-06
+484080e-06
+721553e-06
+870735e-06
+919448e-06
+861602e-06
+709375e-06
+477991e-06
+191805e-06
-106559e-06
-389700e-06
-630217e-06
-794622e-06
-858557e-06
-825067e-06
-685019e-06
-459724e-06
-170494e-06
+140048e-06
+429279e-06
+657618e-06
+803756e-06
+843334e-06
+770266e-06
+596728e-06
+350121e-06
+669796e-07
-222251e-06
-468857e-06
-648485e-06
-745910e-06
-745910e-06
-648485e-06
-484080e-06
-261829e-06
-121781e-07
+222251e-06
+426234e-06
+584549e-06
+669796e-06
+672841e-06
+596728e-06
+444501e-06
+243562e-06
+213117e-07
-210072e-06
-417100e-06
-572371e-06
-660663e-06
-660663e-06
-572371e-06
-411011e-06
-191805e-06
+608906e-07
+304453e-06
+520614e-06
+666752e-06
+721553e-06
+685019e-06
+557149e-06
+356210e-06
+115692e-06
-133959e-06
-359254e-06
-529748e-06
-624128e-06
-636306e-06
-566282e-06
-432323e-06
-252696e-06
-578460e-07
+127870e-06
+277052e-06
+374477e-06
+417100e-06
+401878e-06
+340987e-06
+243562e-06
+115692e-06
-152226e-07
-137004e-06
-246607e-06
-328809e-06
-368388e-06
-365343e-06
-313586e-06
-219206e-06
-103514e-06
+334898e-07
+170494e-06
+289230e-06
+368388e-06
+401878e-06
+377522e-06
+295319e-06
+164405e-06
+000000e+00
-170494e-06
-331854e-06
-444501e-06
-493214e-06
-481036e-06
-401878e-06
-261829e-06
-882913e-07
+943804e-07
+264874e-06
+401878e-06
+493214e-06
+523659e-06
+496258e-06
+411011e-06
+292275e-06
+146137e-06
-152226e-07
-167449e-06
-295319e-06
-383611e-06
-420145e-06
-395789e-06
-319676e-06
-197894e-06
-517570e-07
+109603e-06
+264874e-06
+389700e-06
+468857e-06
+481036e-06
+420145e-06
+304453e-06
+137004e-06
-608906e-07
-264874e-06
-447546e-06
-578460e-06
-642396e-06
-633262e-06
-557149e-06
-426234e-06
-249651e-06
-548015e-07
+133959e-06
+295319e-06
+414056e-06
+484080e-06
+502347e-06
+459724e-06
+374477e-06
+264874e-06
+133959e-06
+000000e+00
-118737e-06
-216162e-06
-283141e-06
-313586e-06
-310542e-06
-274008e-06
-213117e-06
-140048e-06
-639351e-07
+608906e-08
+639351e-07
+109603e-06
+133959e-06
+137004e-06
+130915e-06
+112648e-06
+913359e-07
+730687e-07
+608906e-07
+578460e-07
+639351e-07
+791577e-07
+100469e-06
+115692e-06
+124826e-06
+118737e-06
+913359e-07
+487125e-07
-121781e-07
-791577e-07
-143093e-06
-207028e-06
-249651e-06
-258785e-06
-237473e-06
-179627e-06
-974249e-07
+304453e-08
+109603e-06
+207028e-06
+280097e-06
+313586e-06
+313586e-06
+267919e-06
+182672e-06
+761132e-07
-487125e-07
-173538e-06
-283141e-06
-362299e-06
-404922e-06
-401878e-06
-347076e-06
-255740e-06
-137004e-06
-913359e-08
+121781e-06
+240518e-06
+319676e-06
+353165e-06
+344032e-06
+283141e-06
+179627e-06
+426234e-07
-100469e-06
-237473e-06
-353165e-06
-420145e-06
-432323e-06
-389700e-06
-292275e-06
-158315e-06
-304453e-08
+152226e-06
+289230e-06
+392744e-06
+456679e-06
+477991e-06
+447546e-06
+374477e-06
+270963e-06
+149182e-06
+213117e-07
-100469e-06
-203983e-06
-277052e-06
-319676e-06
-328809e-06
-295319e-06
-237473e-06
-158315e-06
-700242e-07
+213117e-07
+112648e-06
+191805e-06
+255740e-06
+289230e-06
+292275e-06
+261829e-06
+200939e-06
+115692e-06
+152226e-07
-882913e-07
-188761e-06
-274008e-06
-334898e-06
-356210e-06
-340987e-06
-286186e-06
-200939e-06
-100469e-06
+304453e-08
+100469e-06
+182672e-06
+234429e-06
+246607e-06
+225295e-06
+176583e-06
+106559e-06
+274008e-07
-426234e-07
-974249e-07
-137004e-06
-149182e-06
-137004e-06
-106559e-06
-639351e-07
-182672e-07
+213117e-07
+517570e-07
+639351e-07
+517570e-07
+274008e-07
+000000e+00
-304453e-07
-487125e-07
-517570e-07
-365343e-07
+000000e+00
+487125e-07
+103514e-06
+155271e-06
+194850e-06
+213117e-06
+207028e-06
+173538e-06
+118737e-06
+487125e-07
-304453e-07
-109603e-06
-179627e-06
-237473e-06
-270963e-06
-277052e-06
-255740e-06
-207028e-06
-133959e-06
-487125e-07
+487125e-07
+143093e-06
+225295e-06
+286186e-06
+307497e-06
+295319e-06
+243562e-06
+155271e-06
+456679e-07
-669796e-07
-176583e-06
-264874e-06
-322720e-06
-340987e-06
-310542e-06
-243562e-06
-152226e-06
-456679e-07
+000000e+00
+000000e+00
+000000e+00
+000000e+00
[ENDDATA]
