[FILEINFO]
File: D:\CMC thesis\AE software\Poly\Vallen\P5.tra
SampleRate[Hz]: 10000000
SetsOnFile: 4
Samples: 2048
[SETINFO]
Set: 3
Index: 3
Time:  15 12:31:30 417.4395
Channel: 2
PreTriggerSamples: 100
Data: Amplitude [mV]
[DATA]
+304453e-08
+304453e-08
+000000e+00
+000000e+00
+304453e-08
+304453e-08
+304453e-08
+304453e-08
+304453e-08
+304453e-08
+000000e+00
+000000e+00
+304453e-08
+304453e-08
+000000e+00
+000000e+00
-304453e-08
-304453e-08
-304453e-08
+000000e+00
-304453e-08
-304453e-08
+000000e+00
+000000e+00
+000000e+00
+000000e+00
+000000e+00
+000000e+00
+000000e+00
+000000e+00
+000000e+00
+000000e+00
-304453e-08
-304453e-08
+000000e+00
-304453e-08
-304453e-08
+000000e+00
+000000e+00
+000000e+00
+000000e+00
+000000e+00
+000000e+00
+000000e+00
+000000e+00
+304453e-08
+000000e+00
+000000e+00
-304453e-08
-608906e-08
-608906e-08
-608906e-08
-304453e-08
-304453e-08
-304453e-08
-304453e-08
-304453e-08
+000000e+00
+000000e+00
+000000e+00
+000000e+00
+000000e+00
+000000e+00
+000000e+00
-304453e-08
+000000e+00
+304453e-08
+304453e-08
+304453e-08
+304453e-08
+304453e-08
+304453e-08
+304453e-08
+304453e-08
+304453e-08
+304453e-08
+608906e-08
+608906e-08
+608906e-08
+304453e-08
+304453e-08
+608906e-08
+608906e-08
+000000e+00
+000000e+00
+000000e+00
+000000e+00
+000000e+00
+000000e+00
+000000e+00
+000000e+00
+000000e+00
+000000e+00
+000000e+00
-304453e-08
-608906e-08
-152226e-07
-213117e-07
-334898e-07
-426234e-07
-456679e-07
-426234e-07
-213117e-07
+182672e-07
+791577e-07
+152226e-06
+228340e-06
+298364e-06
+331854e-06
+325765e-06
+270963e-06
+155271e-06
-152226e-07
-231384e-06
-471902e-06
-700242e-06
-892047e-06
-101078e-05
-102905e-05
-919448e-06
-663707e-06
-277052e-06
+210072e-06
+761132e-06
+129392e-05
+173234e-05
+201243e-05
+207028e-05
+187847e-05
+143702e-05
+791577e-06
+304453e-08
-834201e-06
-161969e-05
-226817e-05
-268223e-05
-281923e-05
-265178e-05
-218902e-05
-146137e-05
-538882e-06
+490169e-06
+151009e-05
+241431e-05
+310237e-05
+348294e-05
+351034e-05
+315109e-05
+242344e-05
+140048e-05
+185716e-06
-110212e-05
-231689e-05
-332158e-05
-397920e-05
-421363e-05
-399138e-05
-332767e-05
-231080e-05
-106863e-05
+255740e-06
+151313e-05
+255436e-05
+326982e-05
+359863e-05
+354079e-05
+312673e-05
+242040e-05
+153749e-05
+575416e-06
-365343e-06
-119041e-05
-182976e-05
-224991e-05
-242953e-05
-237169e-05
-208855e-05
-160751e-05
-983383e-06
-267919e-06
+477991e-06
+117519e-05
+176278e-05
+217379e-05
+236255e-05
+230166e-05
+198503e-05
+144006e-05
+727642e-06
-639351e-07
-849423e-06
-153140e-05
-203375e-05
-229557e-05
-228644e-05
-202157e-05
-154967e-05
-943804e-06
-286186e-06
+347076e-06
+873780e-06
+124826e-05
+143702e-05
+144006e-05
+127870e-05
+995561e-06
+633262e-06
+240518e-06
-137004e-06
-462768e-06
-706331e-06
-852468e-06
-889002e-06
-822023e-06
-663707e-06
-435368e-06
-170494e-06
+100469e-06
+334898e-06
+502347e-06
+590639e-06
+572371e-06
+468857e-06
+316631e-06
+143093e-06
-913359e-08
-974249e-07
-112648e-06
-548015e-07
+608906e-07
+210072e-06
+331854e-06
+392744e-06
+374477e-06
+264874e-06
+730687e-07
-173538e-06
-429279e-06
-657618e-06
-818978e-06
-879869e-06
-837245e-06
-672841e-06
-404922e-06
-578460e-07
+337943e-06
+745910e-06
+111734e-05
+140353e-05
+155880e-05
+155271e-05
+135786e-05
+980338e-06
+447546e-06
-188761e-06
-858557e-06
-147355e-05
-195763e-05
-224686e-05
-229253e-05
-210072e-05
-168058e-05
-108994e-05
-398833e-06
+331854e-06
+103210e-05
+163796e-05
+210377e-05
+238996e-05
+246302e-05
+229862e-05
+188456e-05
+124521e-05
+420145e-06
-514525e-06
-145224e-05
-228035e-05
-287708e-05
-314804e-05
-304453e-05
-255740e-05
-173234e-05
-669796e-06
+502347e-06
+163796e-05
+259089e-05
+324242e-05
+353165e-05
+343423e-05
+296233e-05
+216770e-05
+114779e-05
+274008e-07
-108081e-05
-205506e-05
-279183e-05
-321502e-05
-328200e-05
-299886e-05
-240213e-05
-156489e-05
-584549e-06
+429279e-06
+136395e-05
+212508e-05
+263352e-05
+285881e-05
+277661e-05
+241127e-05
+179932e-05
+101078e-05
+118737e-06
-779399e-06
-159229e-05
-223164e-05
-263047e-05
-274312e-05
-254218e-05
-204288e-05
-131524e-05
-444501e-06
+462768e-06
+129697e-05
+194850e-05
+234733e-05
+245998e-05
+228644e-05
+186021e-05
+124826e-05
+523659e-06
-231384e-06
-928581e-06
-151009e-05
-192414e-05
-213421e-05
-210986e-05
-185412e-05
-140353e-05
-791577e-06
-913359e-07
+602817e-06
+120868e-05
+164405e-05
+184803e-05
+180236e-05
+152835e-05
+108081e-05
+544971e-06
+121781e-07
-429279e-06
-715464e-06
-815934e-06
-745910e-06
-554104e-06
-289230e-06
-274008e-07
+158315e-06
+240518e-06
+197894e-06
+517570e-07
-161360e-06
-395789e-06
-605861e-06
-751999e-06
-797666e-06
-724598e-06
-532793e-06
-234429e-06
+146137e-06
+563238e-06
+968160e-06
+131524e-05
+154358e-05
+160447e-05
+147660e-05
+114779e-05
+636306e-06
+304453e-08
-672841e-06
-130610e-05
-180845e-05
-210377e-05
-214335e-05
-191805e-05
-146442e-05
-834201e-06
-109603e-06
+611950e-06
+124826e-05
+174147e-05
+205201e-05
+215857e-05
+205506e-05
+176583e-05
+132133e-05
+742865e-06
+700242e-07
-648485e-06
-135482e-05
-199417e-05
-249651e-05
-277965e-05
-279792e-05
-251174e-05
-190587e-05
-103210e-05
+243562e-07
+115083e-05
+220119e-05
+303844e-05
+353165e-05
+359254e-05
+320893e-05
+240518e-05
+128784e-05
+913359e-08
-126348e-05
-234429e-05
-309629e-05
-342205e-05
-328200e-05
-272181e-05
-183585e-05
-773310e-06
+304453e-06
+125739e-05
+196677e-05
+235342e-05
+240822e-05
+215857e-05
+167754e-05
+105341e-05
+377522e-06
-252696e-06
-776355e-06
-114474e-05
-134568e-05
-138526e-05
-128175e-05
-105950e-05
-758088e-06
-417100e-06
-730687e-07
+237473e-06
+496258e-06
+672841e-06
+751999e-06
+745910e-06
+675885e-06
+566282e-06
+441457e-06
+340987e-06
+274008e-06
+240518e-06
+231384e-06
+219206e-06
+170494e-06
+608906e-07
-103514e-06
-319676e-06
-548015e-06
-748954e-06
-879869e-06
-913359e-06
-843334e-06
-672841e-06
-435368e-06
-173538e-06
+852468e-07
+298364e-06
+459724e-06
+575416e-06
+651529e-06
+706331e-06
+748954e-06
+785488e-06
+800711e-06
+764177e-06
+657618e-06
+456679e-06
+161360e-06
-210072e-06
-624128e-06
-102601e-05
-135786e-05
-157098e-05
-163187e-05
-151618e-05
-122390e-05
-779399e-06
-225295e-06
+383611e-06
+980338e-06
+150095e-05
+188456e-05
+207637e-05
+203679e-05
+175669e-05
+125435e-05
+572371e-06
-216162e-06
-100469e-05
-169276e-05
-218597e-05
-241127e-05
-233820e-05
-198199e-05
-139439e-05
-660663e-06
+127870e-06
+870735e-06
+149791e-05
+195459e-05
+220119e-05
+224382e-05
+208246e-05
+174756e-05
+127870e-05
+694153e-06
+456679e-07
-608906e-06
-121477e-05
-170798e-05
-202461e-05
-212813e-05
-201548e-05
-168971e-05
-119346e-05
-605861e-06
+121781e-07
+587594e-06
+106254e-05
+140962e-05
+161056e-05
+166536e-05
+158011e-05
+136699e-05
+104123e-05
+611950e-06
+109603e-06
-432323e-06
-965116e-06
-142179e-05
-173843e-05
-186325e-05
-175974e-05
-143397e-05
-922492e-06
-283141e-06
+389700e-06
+100469e-05
+147964e-05
+176583e-05
+184194e-05
+170798e-05
+140048e-05
+974249e-06
+481036e-06
-304453e-07
-517570e-06
-937715e-06
-123912e-05
-140657e-05
-142484e-05
-128784e-05
-100469e-05
-618039e-06
-185716e-06
+228340e-06
+557149e-06
+755043e-06
+794622e-06
+694153e-06
+490169e-06
+243562e-06
+274008e-07
-115692e-06
-158315e-06
-109603e-06
-608906e-08
+103514e-06
+176583e-06
+176583e-06
+943804e-07
-395789e-07
-191805e-06
-322720e-06
-380566e-06
-350121e-06
-240518e-06
-882913e-07
+639351e-07
+191805e-06
+261829e-06
+261829e-06
+203983e-06
+121781e-06
+456679e-07
-913359e-08
-182672e-07
+213117e-07
+882913e-07
+164405e-06
+219206e-06
+237473e-06
+200939e-06
+115692e-06
-913359e-08
-167449e-06
-340987e-06
-490169e-06
-596728e-06
-642396e-06
-602817e-06
-474946e-06
-246607e-06
+700242e-07
+432323e-06
+788533e-06
+107776e-05
+124521e-05
+124217e-05
+105341e-05
+688064e-06
+194850e-06
-347076e-06
-852468e-06
-122999e-05
-142484e-05
-140353e-05
-118128e-05
-791577e-06
-307497e-06
+185716e-06
+624128e-06
+946848e-06
+111125e-05
+111430e-05
+971205e-06
+709375e-06
+383611e-06
+334898e-07
-298364e-06
-569327e-06
-751999e-06
-828112e-06
-791577e-06
-660663e-06
-468857e-06
-237473e-06
-121781e-07
+155271e-06
+252696e-06
+261829e-06
+194850e-06
+882913e-07
-213117e-07
-943804e-07
-103514e-06
-487125e-07
+639351e-07
+213117e-06
+340987e-06
+414056e-06
+407967e-06
+322720e-06
+164405e-06
-334898e-07
-225295e-06
-380566e-06
-462768e-06
-462768e-06
-398833e-06
-277052e-06
-124826e-06
+274008e-07
+173538e-06
+298364e-06
+407967e-06
+505392e-06
+581505e-06
+630217e-06
+630217e-06
+572371e-06
+450590e-06
+274008e-06
+578460e-07
-176583e-06
-389700e-06
-557149e-06
-648485e-06
-660663e-06
-599772e-06
-493214e-06
-365343e-06
-222251e-06
-913359e-07
+304453e-07
+161360e-06
+289230e-06
+423189e-06
+563238e-06
+666752e-06
+712420e-06
+666752e-06
+505392e-06
+240518e-06
-943804e-07
-462768e-06
-794622e-06
-103514e-05
-114474e-05
-109603e-05
-904225e-06
-611950e-06
-261829e-06
+913359e-07
+392744e-06
+618039e-06
+755043e-06
+797666e-06
+755043e-06
+639351e-06
+459724e-06
+240518e-06
+608906e-08
-237473e-06
-444501e-06
-581505e-06
-636306e-06
-581505e-06
-435368e-06
-222251e-06
+182672e-07
+228340e-06
+371432e-06
+420145e-06
+380566e-06
+264874e-06
+109603e-06
-426234e-07
-164405e-06
-231384e-06
-231384e-06
-179627e-06
-943804e-07
+913359e-08
+115692e-06
+225295e-06
+328809e-06
+432323e-06
+541926e-06
+630217e-06
+672841e-06
+648485e-06
+541926e-06
+344032e-06
+730687e-07
-249651e-06
-569327e-06
-822023e-06
-971205e-06
-986427e-06
-861602e-06
-618039e-06
-295319e-06
+487125e-07
+347076e-06
+569327e-06
+685019e-06
+678930e-06
+566282e-06
+377522e-06
+146137e-06
-100469e-06
-328809e-06
-511481e-06
-627173e-06
-681974e-06
-666752e-06
-587594e-06
-456679e-06
-280097e-06
-669796e-07
+152226e-06
+368388e-06
+575416e-06
+745910e-06
+861602e-06
+904225e-06
+858557e-06
+718509e-06
+477991e-06
+152226e-06
-225295e-06
-614995e-06
-962071e-06
-120563e-05
-130001e-05
-122086e-05
-952937e-06
-526703e-06
-304453e-08
+541926e-06
+101687e-05
+134873e-05
+147964e-05
+138526e-05
+108081e-05
+618039e-06
+852468e-07
-435368e-06
-864646e-06
-114170e-05
-123912e-05
-116910e-05
-962071e-06
-660663e-06
-319676e-06
+152226e-07
+313586e-06
+572371e-06
+788533e-06
+955982e-06
+107472e-05
+112952e-05
+111430e-05
+100165e-05
+770266e-06
+423189e-06
-182672e-07
-508436e-06
-986427e-06
-137917e-05
-161969e-05
-167449e-05
-152835e-05
-119041e-05
-706331e-06
-146137e-06
+420145e-06
+910314e-06
+126957e-05
+145833e-05
+146137e-05
+128784e-05
+965116e-06
+551060e-06
+913359e-07
-359254e-06
-745910e-06
-102601e-05
-115997e-05
-113256e-05
-959027e-06
-660663e-06
-289230e-06
+100469e-06
+447546e-06
+706331e-06
+843334e-06
+846379e-06
+724598e-06
+508436e-06
+246607e-06
-913359e-08
-234429e-06
-395789e-06
-471902e-06
-474946e-06
-435368e-06
-359254e-06
-255740e-06
-152226e-06
-548015e-07
+365343e-07
+124826e-06
+207028e-06
+277052e-06
+322720e-06
+337943e-06
+328809e-06
+277052e-06
+188761e-06
+761132e-07
-395789e-07
-137004e-06
-203983e-06
-231384e-06
-210072e-06
-155271e-06
-852468e-07
-213117e-07
+213117e-07
+334898e-07
+121781e-07
-304453e-07
-730687e-07
-100469e-06
-943804e-07
-487125e-07
+365343e-07
+143093e-06
+246607e-06
+313586e-06
+319676e-06
+252696e-06
+115692e-06
-578460e-07
-249651e-06
-411011e-06
-505392e-06
-514525e-06
-435368e-06
-267919e-06
-456679e-07
+179627e-06
+368388e-06
+490169e-06
+532793e-06
+496258e-06
+395789e-06
+261829e-06
+130915e-06
+274008e-07
-304453e-07
-395789e-07
-152226e-07
+121781e-07
+182672e-07
-121781e-07
-852468e-07
-191805e-06
-316631e-06
-426234e-06
-493214e-06
-502347e-06
-453635e-06
-340987e-06
-179627e-06
+000000e+00
+182672e-06
+350121e-06
+490169e-06
+602817e-06
+675885e-06
+697197e-06
+660663e-06
+557149e-06
+386655e-06
+140048e-06
-170494e-06
-505392e-06
-831156e-06
-110516e-05
-127261e-05
-129697e-05
-116605e-05
-885958e-06
-484080e-06
-152226e-07
+453635e-06
+864646e-06
+116301e-05
+130915e-05
+129697e-05
+114170e-05
+870735e-06
+523659e-06
+158315e-06
-185716e-06
-474946e-06
-681974e-06
-800711e-06
-831156e-06
-782444e-06
-663707e-06
-499303e-06
-301408e-06
-852468e-07
+124826e-06
+322720e-06
+496258e-06
+645440e-06
+745910e-06
+803756e-06
+812889e-06
+767221e-06
+669796e-06
+517570e-06
+316631e-06
+822023e-07
-179627e-06
-432323e-06
-669796e-06
-858557e-06
-974249e-06
-100165e-05
-931626e-06
-770266e-06
-535837e-06
-243562e-06
+700242e-07
+353165e-06
+578460e-06
+712420e-06
+733731e-06
+645440e-06
+459724e-06
+219206e-06
-274008e-07
-246607e-06
-389700e-06
-429279e-06
-365343e-06
-216162e-06
-395789e-07
+124826e-06
+228340e-06
+243562e-06
+164405e-06
+608906e-08
-179627e-06
-350121e-06
-438412e-06
-423189e-06
-289230e-06
-578460e-07
+213117e-06
+484080e-06
+691108e-06
+776355e-06
+727642e-06
+544971e-06
+258785e-06
-761132e-07
-404922e-06
-672841e-06
-837245e-06
-873780e-06
-785488e-06
-587594e-06
-319676e-06
-304453e-07
+231384e-06
+438412e-06
+584549e-06
+651529e-06
+645440e-06
+587594e-06
+499303e-06
+404922e-06
+322720e-06
+249651e-06
+170494e-06
+882913e-07
-121781e-07
-130915e-06
-277052e-06
-423189e-06
-554104e-06
-651529e-06
-675885e-06
-621084e-06
-487125e-06
-267919e-06
+913359e-08
+301408e-06
+581505e-06
+812889e-06
+959027e-06
+986427e-06
+885958e-06
+660663e-06
+328809e-06
-852468e-07
-535837e-06
-968160e-06
-131219e-05
-151618e-05
-154662e-05
-137308e-05
-101383e-05
-517570e-06
+548015e-07
+614995e-06
+108385e-05
+138831e-05
+149182e-05
+140048e-05
+115083e-05
+791577e-06
+392744e-06
+152226e-07
-298364e-06
-523659e-06
-654574e-06
-715464e-06
-724598e-06
-700242e-06
-651529e-06
-572371e-06
-462768e-06
-301408e-06
-943804e-07
+140048e-06
+380566e-06
+593683e-06
+742865e-06
+800711e-06
+758088e-06
+614995e-06
+395789e-06
+137004e-06
-124826e-06
-350121e-06
-508436e-06
-593683e-06
-602817e-06
-544971e-06
-444501e-06
-313586e-06
-161360e-06
-913359e-08
+140048e-06
+277052e-06
+395789e-06
+505392e-06
+590639e-06
+636306e-06
+636306e-06
+575416e-06
+456679e-06
+286186e-06
+700242e-07
-176583e-06
-420145e-06
-639351e-06
-803756e-06
-882913e-06
-870735e-06
-758088e-06
-554104e-06
-280097e-06
+395789e-07
+350121e-06
+627173e-06
+834201e-06
+946848e-06
+955982e-06
+861602e-06
+681974e-06
+444501e-06
+167449e-06
-121781e-06
-392744e-06
-633262e-06
-822023e-06
-959027e-06
-103210e-05
-102601e-05
-937715e-06
-770266e-06
-532793e-06
-225295e-06
+130915e-06
+490169e-06
+809845e-06
+105341e-05
+118737e-05
+119346e-05
+106254e-05
+803756e-06
+441457e-06
+182672e-07
-411011e-06
-797666e-06
-110212e-05
-127870e-05
-130610e-05
-118432e-05
-916403e-06
-520614e-06
-395789e-07
+465813e-06
+934670e-06
+130915e-05
+153140e-05
+156489e-05
+140657e-05
+107167e-05
+602817e-06
+822023e-07
-414056e-06
-822023e-06
-108690e-05
-118128e-05
-110821e-05
-910314e-06
-633262e-06
-331854e-06
-608906e-07
+164405e-06
+328809e-06
+438412e-06
+514525e-06
+557149e-06
+572371e-06
+548015e-06
+468857e-06
+328809e-06
+124826e-06
-127870e-06
-398833e-06
-639351e-06
-800711e-06
-840290e-06
-736776e-06
-505392e-06
-179627e-06
+185716e-06
+526703e-06
+779399e-06
+901181e-06
+885958e-06
+742865e-06
+505392e-06
+222251e-06
-517570e-07
-292275e-06
-465813e-06
-557149e-06
-578460e-06
-535837e-06
-459724e-06
-359254e-06
-237473e-06
-124826e-06
-213117e-07
+761132e-07
+158315e-06
+228340e-06
+280097e-06
+310542e-06
+316631e-06
+295319e-06
+243562e-06
+161360e-06
+517570e-07
-700242e-07
-191805e-06
-304453e-06
-380566e-06
-401878e-06
-365343e-06
-270963e-06
-137004e-06
+913359e-08
+137004e-06
+219206e-06
+240518e-06
+194850e-06
+943804e-07
-304453e-07
-140048e-06
-200939e-06
-191805e-06
-100469e-06
+517570e-07
+237473e-06
+411011e-06
+538882e-06
+578460e-06
+526703e-06
+395789e-06
+203983e-06
-913359e-08
-207028e-06
-371432e-06
-474946e-06
-523659e-06
-529748e-06
-493214e-06
-432323e-06
-340987e-06
-213117e-06
-578460e-07
+133959e-06
+356210e-06
+578460e-06
+770266e-06
+889002e-06
+907270e-06
+800711e-06
+563238e-06
+231384e-06
-155271e-06
-538882e-06
-864646e-06
-109603e-05
-119650e-05
-114779e-05
-965116e-06
-675885e-06
-316631e-06
+791577e-07
+474946e-06
+840290e-06
+113256e-05
+132133e-05
+138831e-05
+130001e-05
+106254e-05
+681974e-06
+191805e-06
-359254e-06
-907270e-06
-137004e-05
-167754e-05
-178714e-05
-166536e-05
-133046e-05
-815934e-06
-188761e-06
+459724e-06
+104732e-05
+149791e-05
+175365e-05
+178105e-05
+157098e-05
+115997e-05
+593683e-06
-578460e-07
-715464e-06
-128175e-05
-169885e-05
-190892e-05
-187543e-05
-159838e-05
-112039e-05
-502347e-06
+161360e-06
+788533e-06
+129088e-05
+160447e-05
+170798e-05
+160447e-05
+133046e-05
+943804e-06
+505392e-06
+730687e-07
-316631e-06
-630217e-06
-852468e-06
-980338e-06
-101687e-05
-962071e-06
-828112e-06
-605861e-06
-301408e-06
+608906e-07
+447546e-06
+825067e-06
+112952e-05
+132133e-05
+136090e-05
+122999e-05
+940759e-06
+529748e-06
+395789e-07
-462768e-06
-919448e-06
-125739e-05
-143702e-05
-145528e-05
-130610e-05
-100774e-05
-599772e-06
-143093e-06
+307497e-06
+685019e-06
+952937e-06
+107472e-05
+102601e-05
+825067e-06
+505392e-06
+118737e-06
-283141e-06
-636306e-06
-882913e-06
-995561e-06
-962071e-06
-797666e-06
-538882e-06
-210072e-06
+143093e-06
+465813e-06
+724598e-06
+898136e-06
+974249e-06
+943804e-06
+800711e-06
+560193e-06
+243562e-06
-115692e-06
-481036e-06
-803756e-06
-103514e-05
-112648e-05
-104427e-05
-803756e-06
-435368e-06
+213117e-07
+487125e-06
+892047e-06
+116910e-05
+127566e-05
+119954e-05
+955982e-06
+590639e-06
+161360e-06
-267919e-06
-651529e-06
-940759e-06
-110516e-05
-113561e-05
-103210e-05
-809845e-06
-502347e-06
-121781e-06
+292275e-06
+697197e-06
+104732e-05
+130610e-05
+142788e-05
+138831e-05
+118432e-05
+825067e-06
+340987e-06
-197894e-06
-730687e-06
-119346e-05
-151922e-05
-166840e-05
-163491e-05
-141266e-05
-103818e-05
-557149e-06
-182672e-07
+511481e-06
+968160e-06
+131219e-05
+149486e-05
+150095e-05
+133350e-05
+100469e-05
+554104e-06
+304453e-07
-493214e-06
-952937e-06
-129088e-05
-145224e-05
-143093e-05
-122695e-05
-864646e-06
-392744e-06
+118737e-06
+608906e-06
+101383e-05
+129088e-05
+140657e-05
+134873e-05
+113561e-05
+797666e-06
+374477e-06
-730687e-07
-484080e-06
-818978e-06
-104123e-05
-112039e-05
-104427e-05
-843334e-06
-557149e-06
-222251e-06
+115692e-06
+392744e-06
+575416e-06
+648485e-06
+611950e-06
+481036e-06
+298364e-06
+913359e-07
-112648e-06
-283141e-06
-404922e-06
-465813e-06
-474946e-06
-441457e-06
-362299e-06
-237473e-06
-974249e-07
+548015e-07
+213117e-06
+353165e-06
+462768e-06
+526703e-06
+529748e-06
+471902e-06
+365343e-06
+219206e-06
+548015e-07
-913359e-07
-203983e-06
-270963e-06
-280097e-06
-234429e-06
-140048e-06
-243562e-07
+103514e-06
+222251e-06
+310542e-06
+347076e-06
+334898e-06
+270963e-06
+149182e-06
-121781e-07
-191805e-06
-368388e-06
-502347e-06
-581505e-06
-578460e-06
-499303e-06
-347076e-06
-146137e-06
+700242e-07
+264874e-06
+404922e-06
+477991e-06
+471902e-06
+392744e-06
+267919e-06
+112648e-06
-456679e-07
-191805e-06
-313586e-06
-398833e-06
-441457e-06
-447546e-06
-423189e-06
-350121e-06
-228340e-06
-669796e-07
+127870e-06
+350121e-06
+569327e-06
+751999e-06
+861602e-06
+870735e-06
+755043e-06
+526703e-06
+213117e-06
-140048e-06
-487125e-06
-761132e-06
-931626e-06
-968160e-06
-870735e-06
-654574e-06
-359254e-06
-426234e-07
+243562e-06
+465813e-06
+599772e-06
+633262e-06
+572371e-06
+444501e-06
+280097e-06
+106559e-06
-517570e-07
-188761e-06
-301408e-06
-386655e-06
-441457e-06
-471902e-06
-487125e-06
-474946e-06
-435368e-06
-347076e-06
-203983e-06
-182672e-07
+200939e-06
+423189e-06
+627173e-06
+779399e-06
+846379e-06
+809845e-06
+666752e-06
+444501e-06
+167449e-06
-112648e-06
-344032e-06
-484080e-06
-514525e-06
-450590e-06
-304453e-06
-106559e-06
+852468e-07
+240518e-06
+322720e-06
+334898e-06
+289230e-06
+203983e-06
+109603e-06
+304453e-07
-243562e-07
-517570e-07
-700242e-07
-974249e-07
-149182e-06
-231384e-06
-353165e-06
-474946e-06
-569327e-06
-614995e-06
-584549e-06
-474946e-06
-286186e-06
-456679e-07
+200939e-06
+417100e-06
+572371e-06
+642396e-06
+621084e-06
+511481e-06
+356210e-06
+173538e-06
-121781e-07
-176583e-06
-304453e-06
-392744e-06
-432323e-06
-435368e-06
-404922e-06
-337943e-06
-240518e-06
-127870e-06
+304453e-08
+143093e-06
+270963e-06
+377522e-06
+456679e-06
+490169e-06
+474946e-06
+411011e-06
+310542e-06
+179627e-06
+274008e-07
-118737e-06
-249651e-06
-347076e-06
-395789e-06
-383611e-06
-313586e-06
-191805e-06
-395789e-07
+124826e-06
+270963e-06
+374477e-06
+423189e-06
+411011e-06
+340987e-06
+222251e-06
+822023e-07
-456679e-07
-146137e-06
-197894e-06
-203983e-06
-170494e-06
-109603e-06
-517570e-07
-121781e-07
-608906e-08
-334898e-07
-822023e-07
-143093e-06
-194850e-06
-219206e-06
-194850e-06
-127870e-06
-304453e-07
+852468e-07
+191805e-06
+261829e-06
+277052e-06
+216162e-06
+943804e-07
-730687e-07
-270963e-06
-453635e-06
-581505e-06
-633262e-06
-581505e-06
-432323e-06
-200939e-06
+852468e-07
+368388e-06
+599772e-06
+739820e-06
+761132e-06
+663707e-06
+459724e-06
+191805e-06
-882913e-07
-328809e-06
-487125e-06
-535837e-06
-487125e-06
-347076e-06
-155271e-06
+426234e-07
+216162e-06
+328809e-06
+365343e-06
+344032e-06
+274008e-06
+170494e-06
+639351e-07
-213117e-07
-639351e-07
-700242e-07
-456679e-07
+000000e+00
+578460e-07
+106559e-06
+137004e-06
+140048e-06
+118737e-06
+730687e-07
+121781e-07
-456679e-07
-974249e-07
-137004e-06
-155271e-06
-146137e-06
-121781e-06
-882913e-07
-548015e-07
-304453e-07
-274008e-07
-456679e-07
-822023e-07
-133959e-06
-182672e-06
-219206e-06
-219206e-06
-179627e-06
-103514e-06
-304453e-08
+109603e-06
+207028e-06
+274008e-06
+298364e-06
+274008e-06
+216162e-06
+143093e-06
+669796e-07
+304453e-08
-334898e-07
-426234e-07
-334898e-07
-152226e-07
-304453e-08
-121781e-07
-395789e-07
-882913e-07
-152226e-06
-213117e-06
-258785e-06
-267919e-06
-243562e-06
-182672e-06
-913359e-07
+152226e-07
+124826e-06
+225295e-06
+295319e-06
+328809e-06
+331854e-06
+310542e-06
+261829e-06
+188761e-06
+109603e-06
+304453e-07
-487125e-07
-127870e-06
-210072e-06
-295319e-06
-371432e-06
-420145e-06
-438412e-06
-411011e-06
-319676e-06
-170494e-06
+274008e-07
+246607e-06
+471902e-06
+666752e-06
+794622e-06
+828112e-06
+751999e-06
+572371e-06
+307497e-06
+000000e+00
-316631e-06
-605861e-06
-812889e-06
-916403e-06
-901181e-06
-776355e-06
-560193e-06
-277052e-06
+334898e-07
+319676e-06
+560193e-06
+724598e-06
+794622e-06
+770266e-06
+663707e-06
+484080e-06
+258785e-06
+152226e-07
-228340e-06
-450590e-06
-618039e-06
-724598e-06
-758088e-06
-703286e-06
-569327e-06
-371432e-06
-130915e-06
+130915e-06
+380566e-06
+578460e-06
+697197e-06
+724598e-06
+660663e-06
+502347e-06
+280097e-06
+365343e-07
-194850e-06
-383611e-06
-499303e-06
-532793e-06
-487125e-06
-383611e-06
-237473e-06
-882913e-07
+395789e-07
+130915e-06
+179627e-06
+185716e-06
+164405e-06
+130915e-06
+103514e-06
+882913e-07
+943804e-07
+112648e-06
+130915e-06
+143093e-06
+140048e-06
+121781e-06
+791577e-07
+274008e-07
-334898e-07
-882913e-07
-130915e-06
-155271e-06
-161360e-06
-152226e-06
-127870e-06
-913359e-07
-517570e-07
-913359e-08
+365343e-07
+761132e-07
+109603e-06
+127870e-06
+130915e-06
+115692e-06
+791577e-07
+243562e-07
-426234e-07
-109603e-06
-173538e-06
-225295e-06
-243562e-06
-222251e-06
-164405e-06
-791577e-07
+274008e-07
+143093e-06
+255740e-06
+340987e-06
+383611e-06
+383611e-06
+334898e-06
+240518e-06
+106559e-06
-456679e-07
-194850e-06
-322720e-06
-404922e-06
-429279e-06
-389700e-06
-298364e-06
-173538e-06
-365343e-07
+913359e-07
+200939e-06
+280097e-06
+319676e-06
+328809e-06
+313586e-06
+280097e-06
+231384e-06
+170494e-06
+103514e-06
+243562e-07
-639351e-07
-155271e-06
-243562e-06
-316631e-06
-356210e-06
-353165e-06
-298364e-06
-197894e-06
-791577e-07
+517570e-07
+173538e-06
+261829e-06
+298364e-06
+280097e-06
+210072e-06
+100469e-06
-213117e-07
-143093e-06
-246607e-06
-322720e-06
-353165e-06
-344032e-06
-292275e-06
-210072e-06
-115692e-06
-182672e-07
+730687e-07
+149182e-06
+200939e-06
+228340e-06
+231384e-06
+222251e-06
+194850e-06
+158315e-06
+130915e-06
+103514e-06
+791577e-07
+548015e-07
+334898e-07
+608906e-08
-243562e-07
-456679e-07
-517570e-07
-395789e-07
+304453e-08
+730687e-07
+158315e-06
+243562e-06
+307497e-06
+325765e-06
+289230e-06
+191805e-06
+395789e-07
-146137e-06
-331854e-06
-481036e-06
-569327e-06
-575416e-06
-499303e-06
-347076e-06
-143093e-06
+791577e-07
+277052e-06
+423189e-06
+496258e-06
+481036e-06
+389700e-06
+237473e-06
+487125e-07
-140048e-06
-298364e-06
-398833e-06
-420145e-06
-362299e-06
-237473e-06
-791577e-07
+822023e-07
+225295e-06
+313586e-06
+331854e-06
+280097e-06
+158315e-06
-304453e-08
-173538e-06
-328809e-06
-432323e-06
-462768e-06
-432323e-06
-340987e-06
-197894e-06
-395789e-07
+118737e-06
+267919e-06
+386655e-06
+474946e-06
+520614e-06
+523659e-06
+481036e-06
+386655e-06
+249651e-06
+669796e-07
-140048e-06
-350121e-06
-541926e-06
-678930e-06
-730687e-06
-688064e-06
-544971e-06
-316631e-06
-365343e-07
+252696e-06
+523659e-06
+730687e-06
+843334e-06
+852468e-06
+761132e-06
+000000e+00
+000000e+00
+000000e+00
+000000e+00
[ENDDATA]
