[FILEINFO]
File: D:\CMC thesis\AE software\Poly\Vallen\P7.tra
SampleRate[Hz]: 10000000
SetsOnFile: 6
Samples: 2048
[SETINFO]
Set: 6
Index: 6
Time:  15 09:59:12 732.7182
Channel: 2
PreTriggerSamples: 100
Data: Amplitude [mV]
[DATA]
-608906e-08
-608906e-08
-304453e-08
-304453e-08
-304453e-08
-304453e-08
-304453e-08
-304453e-08
-304453e-08
-304453e-08
-304453e-08
-304453e-08
-304453e-08
-304453e-08
+000000e+00
+000000e+00
+000000e+00
+000000e+00
+304453e-08
+304453e-08
+304453e-08
+304453e-08
+000000e+00
+304453e-08
+608906e-08
+304453e-08
+000000e+00
+000000e+00
+304453e-08
+304453e-08
+304453e-08
+000000e+00
+000000e+00
+000000e+00
+000000e+00
+304453e-08
+304453e-08
+304453e-08
+000000e+00
+000000e+00
+304453e-08
+304453e-08
+000000e+00
-304453e-08
-304453e-08
-608906e-08
-608906e-08
-608906e-08
-304453e-08
-608906e-08
-913359e-08
-913359e-08
-608906e-08
-304453e-08
-304453e-08
+000000e+00
+000000e+00
+000000e+00
-304453e-08
-608906e-08
-608906e-08
-608906e-08
-608906e-08
-913359e-08
-913359e-08
-608906e-08
-608906e-08
-608906e-08
-608906e-08
-608906e-08
-608906e-08
-304453e-08
-304453e-08
+000000e+00
-304453e-08
-304453e-08
-304453e-08
-304453e-08
-304453e-08
-304453e-08
+000000e+00
-304453e-08
-304453e-08
-304453e-08
-304453e-08
-304453e-08
-304453e-08
-304453e-08
-304453e-08
-304453e-08
+000000e+00
+000000e+00
+000000e+00
+000000e+00
-304453e-08
-608906e-08
-913359e-08
-152226e-07
-243562e-07
-365343e-07
-517570e-07
-669796e-07
-761132e-07
-730687e-07
-517570e-07
-608906e-08
+700242e-07
+167449e-06
+277052e-06
+386655e-06
+481036e-06
+538882e-06
+532793e-06
+447546e-06
+280097e-06
+274008e-07
-304453e-06
-697197e-06
-110212e-05
-147051e-05
-174147e-05
-186325e-05
-177800e-05
-145833e-05
-904225e-06
-146137e-06
+742865e-06
+167449e-05
+253305e-05
+319371e-05
+357428e-05
+361081e-05
+325460e-05
+252391e-05
+147355e-05
+200939e-06
-116301e-05
-247216e-05
-357428e-05
-434150e-05
-466422e-05
-449372e-05
-381784e-05
-269441e-05
-125130e-05
+347076e-06
+192110e-05
+328505e-05
+425321e-05
+470075e-05
+457593e-05
+386655e-05
+264874e-05
+108690e-05
-624128e-06
-226817e-05
-362603e-05
-450590e-05
-479209e-05
-445719e-05
-352556e-05
-211899e-05
-438412e-06
+130001e-05
+286795e-05
+405836e-05
+472815e-05
+479513e-05
+427147e-05
+323633e-05
+183585e-05
+249651e-06
-131524e-05
-266396e-05
-364735e-05
-416492e-05
-416187e-05
-367170e-05
-278574e-05
-162882e-05
-350121e-06
+892047e-06
+194850e-05
+271572e-05
+312064e-05
+314804e-05
+283446e-05
+224382e-05
+147355e-05
+633262e-06
-179627e-06
-867691e-06
-137308e-05
-165927e-05
-174147e-05
-165622e-05
-143093e-05
-112343e-05
-788533e-06
-462768e-06
-179627e-06
+456679e-07
+219206e-06
+331854e-06
+404922e-06
+465813e-06
+520614e-06
+569327e-06
+614995e-06
+642396e-06
+636306e-06
+578460e-06
+450590e-06
+258785e-06
+608906e-08
-304453e-06
-633262e-06
-934670e-06
-116605e-05
-128175e-05
-126043e-05
-108081e-05
-748954e-06
-304453e-06
+207028e-06
+730687e-06
+119650e-05
+154358e-05
+172929e-05
+172016e-05
+151922e-05
+114779e-05
+648485e-06
+943804e-07
-453635e-06
-928581e-06
-125739e-05
-140657e-05
-136395e-05
-115083e-05
-812889e-06
-398833e-06
+152226e-07
+353165e-06
+584549e-06
+685019e-06
+666752e-06
+560193e-06
+411011e-06
+267919e-06
+167449e-06
+121781e-06
+130915e-06
+170494e-06
+213117e-06
+225295e-06
+173538e-06
+456679e-07
-146137e-06
-377522e-06
-621084e-06
-831156e-06
-977294e-06
-103210e-05
-968160e-06
-791577e-06
-526703e-06
-182672e-06
+207028e-06
+596728e-06
+949893e-06
+121477e-05
+136699e-05
+137613e-05
+122695e-05
+922492e-06
+496258e-06
-152226e-07
-566282e-06
-108081e-05
-149791e-05
-176278e-05
-182672e-05
-166536e-05
-127566e-05
-697197e-06
+213117e-07
+785488e-06
+150095e-05
+205810e-05
+236864e-05
+237169e-05
+205810e-05
+144615e-05
+596728e-06
-365343e-06
-130001e-05
-208550e-05
-259394e-05
-273094e-05
-246302e-05
-182063e-05
-885958e-06
+216162e-06
+133350e-05
+228949e-05
+295319e-05
+322111e-05
+304453e-05
+244171e-05
+149182e-05
+328809e-06
-892047e-06
-199721e-05
-284055e-05
-330331e-05
-333376e-05
-294406e-05
-218597e-05
-117823e-05
-700242e-07
+992516e-06
+185716e-05
+239909e-05
+255436e-05
+231689e-05
+173843e-05
+904225e-06
-334898e-07
-922492e-06
-162578e-05
-201852e-05
-203070e-05
-166231e-05
-959027e-06
-426234e-07
+946848e-06
+184194e-05
+248129e-05
+275834e-05
+262134e-05
+205506e-05
+114170e-05
+608906e-08
-119346e-05
-227731e-05
-308411e-05
-348599e-05
-342509e-05
-289839e-05
-196981e-05
-764177e-06
+551060e-06
+179018e-05
+278879e-05
+340074e-05
+354688e-05
+321807e-05
+246302e-05
+139744e-05
+179627e-06
-101383e-05
-201852e-05
-271572e-05
-302017e-05
-291970e-05
-245693e-05
-170798e-05
-806800e-06
+137004e-06
+998605e-06
+166840e-05
+210377e-05
+227122e-05
+217988e-05
+186630e-05
+138831e-05
+815934e-06
+222251e-06
-328809e-06
-791577e-06
-112343e-05
-131828e-05
-137917e-05
-132741e-05
-118737e-05
-992516e-06
-767221e-06
-535837e-06
-295319e-06
-456679e-07
+207028e-06
+477991e-06
+764177e-06
+104123e-05
+130001e-05
+149791e-05
+159533e-05
+156489e-05
+137917e-05
+102601e-05
+517570e-06
-115692e-06
-822023e-06
-151922e-05
-212813e-05
-257872e-05
-278879e-05
-271268e-05
-232602e-05
-164709e-05
-730687e-06
+334898e-06
+142788e-05
+241127e-05
+314804e-05
+351339e-05
+343423e-05
+288621e-05
+190892e-05
+611950e-06
-849423e-06
-227426e-05
-345554e-05
-421058e-05
-440848e-05
-398833e-05
-298364e-05
-151009e-05
+240518e-06
+201852e-05
+357123e-05
+467335e-05
+516656e-05
+497476e-05
+411925e-05
+272181e-05
+992516e-06
-812889e-06
-244780e-05
-368997e-05
-437194e-05
-442066e-05
-386351e-05
-281010e-05
-144615e-05
+152226e-07
+135786e-05
+239909e-05
+300495e-05
+312673e-05
+279183e-05
+210072e-05
+118432e-05
+203983e-06
-678930e-06
-134568e-05
-171407e-05
-177192e-05
-155880e-05
-114474e-05
-633262e-06
-121781e-06
+298364e-06
+566282e-06
+651529e-06
+557149e-06
+334898e-06
+426234e-07
-264874e-06
-514525e-06
-654574e-06
-666752e-06
-548015e-06
-316631e-06
-213117e-07
+283141e-06
+554104e-06
+733731e-06
+779399e-06
+688064e-06
+465813e-06
+155271e-06
-194850e-06
-523659e-06
-776355e-06
-922492e-06
-943804e-06
-843334e-06
-642396e-06
-374477e-06
-822023e-07
+203983e-06
+462768e-06
+675885e-06
+843334e-06
+971205e-06
+105645e-05
+109907e-05
+109603e-05
+103818e-05
+907270e-06
+694153e-06
+411011e-06
+608906e-07
-331854e-06
-727642e-06
-107472e-05
-132741e-05
-143397e-05
-136699e-05
-111734e-05
-700242e-06
-161360e-06
+444501e-06
+103210e-05
+150704e-05
+179932e-05
+185107e-05
+162882e-05
+114779e-05
+453635e-06
-368388e-06
-120563e-05
-194850e-05
-249347e-05
-275530e-05
-270050e-05
-232906e-05
-168362e-05
-852468e-06
+730687e-07
+983383e-06
+175974e-05
+230775e-05
+257872e-05
+253000e-05
+216770e-05
+154358e-05
+736776e-06
-158315e-06
-102601e-05
-175365e-05
-224686e-05
-243562e-05
-229862e-05
-184498e-05
-114170e-05
-280097e-06
+621084e-06
+142788e-05
+203679e-05
+237473e-05
+240822e-05
+214335e-05
+163796e-05
+977294e-06
+252696e-06
-432323e-06
-992516e-06
-136395e-05
-151922e-05
-146442e-05
-122999e-05
-852468e-06
-386655e-06
+109603e-06
+578460e-06
+983383e-06
+127870e-05
+143702e-05
+143397e-05
+126348e-05
+937715e-06
+490169e-06
-395789e-07
-590639e-06
-109603e-05
-149791e-05
-174147e-05
-179627e-05
-166536e-05
-136090e-05
-922492e-06
-407967e-06
+100469e-06
+554104e-06
+910314e-06
+111734e-05
+115692e-05
+103514e-05
+767221e-06
+377522e-06
-882913e-07
-572371e-06
-100774e-05
-133350e-05
-149486e-05
-146442e-05
-122086e-05
-779399e-06
-188761e-06
+477991e-06
+114170e-05
+169580e-05
+207028e-05
+220424e-05
+206115e-05
+166536e-05
+106254e-05
+319676e-06
-459724e-06
-117823e-05
-174451e-05
-207941e-05
-214030e-05
-191805e-05
-145833e-05
-800711e-06
-243562e-07
+770266e-06
+148573e-05
+203679e-05
+235038e-05
+239909e-05
+218293e-05
+173538e-05
+112039e-05
+411011e-06
-298364e-06
-934670e-06
-143093e-05
-174756e-05
-187543e-05
-180845e-05
-157707e-05
-122695e-05
-788533e-06
-304453e-06
+164405e-06
+590639e-06
+940759e-06
+117214e-05
+126957e-05
+122086e-05
+102905e-05
+709375e-06
+280097e-06
-210072e-06
-718509e-06
-119650e-05
-159229e-05
-186325e-05
-197590e-05
-189979e-05
-163187e-05
-119346e-05
-611950e-06
+578460e-07
+755043e-06
+140657e-05
+193328e-05
+226208e-05
+234429e-05
+215553e-05
+171103e-05
+105341e-05
+252696e-06
-593683e-06
-136090e-05
-194545e-05
-227122e-05
-227426e-05
-195154e-05
-133959e-05
-517570e-06
+404922e-06
+130610e-05
+207028e-05
+259394e-05
+281619e-05
+270659e-05
+227426e-05
+158620e-05
+730687e-06
-194850e-06
-107167e-05
-179018e-05
-225904e-05
-242649e-05
-227122e-05
-181758e-05
-113561e-05
-313586e-06
+520614e-06
+125130e-05
+177496e-05
+201852e-05
+195154e-05
+158315e-05
+974249e-06
+228340e-06
-551060e-06
-124521e-05
-175060e-05
-199721e-05
-196068e-05
-165927e-05
-114779e-05
-502347e-06
+164405e-06
+755043e-06
+118128e-05
+137004e-05
+129392e-05
+968160e-06
+444501e-06
-194850e-06
-852468e-06
-140962e-05
-177192e-05
-186934e-05
-167145e-05
-119346e-05
-490169e-06
+334898e-06
+115692e-05
+185716e-05
+231689e-05
+245693e-05
+224991e-05
+172016e-05
+934670e-06
+608906e-08
-931626e-06
-174756e-05
-232298e-05
-257567e-05
-246302e-05
-199112e-05
-122086e-05
-249651e-06
+797666e-06
+178409e-05
+258480e-05
+309020e-05
+323938e-05
+301408e-05
+243562e-05
+158315e-05
+563238e-06
-499303e-06
-146746e-05
-223164e-05
-269745e-05
-282532e-05
-261525e-05
-209768e-05
-134873e-05
-474946e-06
+417100e-06
+120868e-05
+179932e-05
+213421e-05
+216770e-05
+190587e-05
+140353e-05
+718509e-06
-517570e-07
-803756e-06
-144006e-05
-189370e-05
-211899e-05
-209464e-05
-182672e-05
-137308e-05
-794622e-06
-164405e-06
+426234e-06
+907270e-06
+122999e-05
+137308e-05
+131828e-05
+109603e-05
+748954e-06
+334898e-06
-882913e-07
-471902e-06
-770266e-06
-952937e-06
-101078e-05
-937715e-06
-758088e-06
-508436e-06
-210072e-06
+103514e-06
+392744e-06
+624128e-06
+791577e-06
+876824e-06
+882913e-06
+815934e-06
+703286e-06
+566282e-06
+426234e-06
+322720e-06
+258785e-06
+228340e-06
+234429e-06
+255740e-06
+270963e-06
+249651e-06
+176583e-06
+456679e-07
-143093e-06
-362299e-06
-584549e-06
-776355e-06
-895091e-06
-913359e-06
-818978e-06
-608906e-06
-310542e-06
+334898e-07
+368388e-06
+648485e-06
+828112e-06
+873780e-06
+767221e-06
+523659e-06
+176583e-06
-225295e-06
-618039e-06
-943804e-06
-115997e-05
-122695e-05
-113561e-05
-895091e-06
-538882e-06
-106559e-06
+337943e-06
+730687e-06
+101992e-05
+115692e-05
+112952e-05
+919448e-06
+548015e-06
+700242e-07
-459724e-06
-971205e-06
-137613e-05
-160751e-05
-162273e-05
-140048e-05
-937715e-06
-286186e-06
+465813e-06
+121781e-05
+186021e-05
+228340e-05
+240213e-05
+219206e-05
+167449e-05
+910314e-06
+152226e-07
-858557e-06
-157707e-05
-202461e-05
-211595e-05
-184498e-05
-125739e-05
-444501e-06
+456679e-06
+130306e-05
+196372e-05
+233211e-05
+235647e-05
+203375e-05
+141571e-05
+584549e-06
-347076e-06
-124217e-05
-198808e-05
-248738e-05
-266701e-05
-251174e-05
-203375e-05
-130001e-05
-420145e-06
+499303e-06
+132437e-05
+194545e-05
+227122e-05
+224991e-05
+189065e-05
+123912e-05
+392744e-06
-532793e-06
-140657e-05
-210072e-05
-252087e-05
-260003e-05
-233515e-05
-176583e-05
-959027e-06
-243562e-07
+922492e-06
+175669e-05
+236864e-05
+268832e-05
+267919e-05
+234733e-05
+172625e-05
+898136e-06
-213117e-07
-913359e-06
-167449e-05
-219511e-05
-239909e-05
-226208e-05
-180845e-05
-110212e-05
-234429e-06
+657618e-06
+144615e-05
+201852e-05
+228949e-05
+222251e-05
+183281e-05
+118737e-05
+377522e-06
-453635e-06
-117519e-05
-167145e-05
-186934e-05
-174451e-05
-131219e-05
-654574e-06
+106559e-06
+837245e-06
+141571e-05
+173538e-05
+174147e-05
+142484e-05
+852468e-06
+115692e-06
-666752e-06
-136395e-05
-185412e-05
-207028e-05
-198199e-05
-159533e-05
-983383e-06
-234429e-06
+532793e-06
+120259e-05
+168058e-05
+189370e-05
+182063e-05
+147964e-05
+922492e-06
+225295e-06
-505392e-06
-116605e-05
-167145e-05
-194545e-05
-196372e-05
-172016e-05
-124521e-05
-614995e-06
+882913e-07
+782444e-06
+137917e-05
+179932e-05
+199721e-05
+195763e-05
+167754e-05
+119346e-05
+569327e-06
-115692e-06
-785488e-06
-135177e-05
-174756e-05
-193328e-05
-187543e-05
-159229e-05
-112039e-05
-499303e-06
+185716e-06
+864646e-06
+146746e-05
+191196e-05
+215857e-05
+217075e-05
+194241e-05
+149486e-05
+870735e-06
+146137e-06
-596728e-06
-127566e-05
-180236e-05
-210072e-05
-213117e-05
-187847e-05
-137917e-05
-691108e-06
+103514e-06
+895091e-06
+157707e-05
+204897e-05
+224686e-05
+213421e-05
+172929e-05
+108081e-05
+267919e-06
-614995e-06
-145224e-05
-213117e-05
-257567e-05
-272181e-05
-255132e-05
-207941e-05
-137004e-05
-517570e-06
+380566e-06
+121172e-05
+187543e-05
+229253e-05
+240518e-05
+221946e-05
+175365e-05
+107472e-05
+274008e-06
-551060e-06
-129697e-05
-186325e-05
-218293e-05
-221033e-05
-194241e-05
-142484e-05
-712420e-06
+109603e-06
+940759e-06
+167449e-05
+223468e-05
+255740e-05
+259698e-05
+235647e-05
+185716e-05
+114779e-05
+316631e-06
-563238e-06
-139135e-05
-208550e-05
-256349e-05
-276443e-05
-266092e-05
-225904e-05
-158924e-05
-709375e-06
+283141e-06
+127566e-05
+214335e-05
+277965e-05
+309020e-05
+303235e-05
+259394e-05
+181758e-05
+800711e-06
-334898e-06
-144006e-05
-236255e-05
-296842e-05
-318153e-05
-297755e-05
-237473e-05
-145528e-05
-353165e-06
+764177e-06
+175060e-05
+245998e-05
+279792e-05
+272790e-05
+225600e-05
+146137e-05
+456679e-06
-621084e-06
-160447e-05
-236864e-05
-281923e-05
-288926e-05
-259698e-05
-198808e-05
-114170e-05
-191805e-06
+727642e-06
+150095e-05
+204592e-05
+228949e-05
+223164e-05
+190587e-05
+137917e-05
+733731e-06
+761132e-07
-502347e-06
-943804e-06
-119041e-05
-124521e-05
-112648e-05
-861602e-06
-508436e-06
-121781e-06
+243562e-06
+563238e-06
+806800e-06
+962071e-06
+103514e-05
+102905e-05
+943804e-06
+794622e-06
+584549e-06
+325765e-06
+365343e-07
-274008e-06
-569327e-06
-818978e-06
-100165e-05
-109299e-05
-105950e-05
-913359e-06
-660663e-06
-325765e-06
+426234e-07
+407967e-06
+730687e-06
+971205e-06
+109299e-05
+108994e-05
+955982e-06
+685019e-06
+316631e-06
-124826e-06
-596728e-06
-104427e-05
-141571e-05
-166231e-05
-174451e-05
-164405e-05
-135177e-05
-885958e-06
-295319e-06
+344032e-06
+952937e-06
+145224e-05
+176583e-05
+184194e-05
+165927e-05
+124521e-05
+651529e-06
-517570e-07
-755043e-06
-135482e-05
-176583e-05
-193023e-05
-181149e-05
-143093e-05
-834201e-06
-943804e-07
+681974e-06
+138526e-05
+193632e-05
+225904e-05
+230775e-05
+208246e-05
+161360e-05
+965116e-06
+210072e-06
-557149e-06
-123608e-05
-174147e-05
-200026e-05
-198503e-05
-169276e-05
-115692e-05
-450590e-06
+331854e-06
+108385e-05
+168971e-05
+205810e-05
+212813e-05
+187239e-05
+132741e-05
+557149e-06
-331854e-06
-120868e-05
-193936e-05
-241431e-05
-255132e-05
-232602e-05
-177192e-05
-968160e-06
-243562e-07
+919448e-06
+172320e-05
+227122e-05
+248738e-05
+234429e-05
+185716e-05
+110212e-05
+194850e-06
-748954e-06
-158620e-05
-219815e-05
-250869e-05
-248434e-05
-211595e-05
-147355e-05
-654574e-06
+237473e-06
+106863e-05
+171711e-05
+210072e-05
+217075e-05
+191196e-05
+138222e-05
+654574e-06
-161360e-06
-934670e-06
-155575e-05
-193632e-05
-202157e-05
-179627e-05
-129392e-05
-587594e-06
+222251e-06
+102601e-05
+171711e-05
+221033e-05
+244476e-05
+239909e-05
+207941e-05
+152531e-05
+803756e-06
+913359e-08
-764177e-06
-142179e-05
-189370e-05
-214030e-05
-212508e-05
-185107e-05
-137308e-05
-748954e-06
-487125e-07
+633262e-06
+120259e-05
+158924e-05
+175060e-05
+166536e-05
+135177e-05
+855513e-06
+243562e-06
-407967e-06
-100774e-05
-147355e-05
-175669e-05
-182367e-05
-166231e-05
-130306e-05
-788533e-06
-191805e-06
+404922e-06
+919448e-06
+129697e-05
+148269e-05
+146137e-05
+124826e-05
+870735e-06
+389700e-06
-124826e-06
-602817e-06
-977294e-06
-120563e-05
-126957e-05
-117214e-05
-928581e-06
-584549e-06
-179627e-06
+228340e-06
+587594e-06
+861602e-06
+102601e-05
+106863e-05
+995561e-06
+837245e-06
+624128e-06
+392744e-06
+167449e-06
-274008e-07
-170494e-06
-261829e-06
-307497e-06
-322720e-06
-316631e-06
-307497e-06
-301408e-06
-289230e-06
-264874e-06
-213117e-06
-121781e-06
+121781e-07
+191805e-06
+392744e-06
+590639e-06
+748954e-06
+834201e-06
+818978e-06
+681974e-06
+435368e-06
+913359e-07
-310542e-06
-721553e-06
-108690e-05
-135786e-05
-149486e-05
-146746e-05
-127870e-05
-940759e-06
-484080e-06
+274008e-07
+529748e-06
+959027e-06
+126348e-05
+139744e-05
+133046e-05
+107472e-05
+669796e-06
+176583e-06
-328809e-06
-779399e-06
-110212e-05
-124826e-05
-120868e-05
-992516e-06
-639351e-06
-210072e-06
+231384e-06
+618039e-06
+904225e-06
+105036e-05
+104732e-05
+904225e-06
+654574e-06
+344032e-06
+182672e-07
-289230e-06
-541926e-06
-706331e-06
-779399e-06
-758088e-06
-645440e-06
-465813e-06
-234429e-06
+182672e-07
+264874e-06
+496258e-06
+681974e-06
+812889e-06
+882913e-06
+889002e-06
+828112e-06
+709375e-06
+526703e-06
+304453e-06
+578460e-07
-203983e-06
-450590e-06
-657618e-06
-806800e-06
-867691e-06
-831156e-06
-688064e-06
-447546e-06
-140048e-06
+191805e-06
+511481e-06
+758088e-06
+882913e-06
+864646e-06
+691108e-06
+377522e-06
-365343e-07
-493214e-06
-919448e-06
-124826e-05
-142179e-05
-141875e-05
-122695e-05
-870735e-06
-395789e-06
+118737e-06
+605861e-06
+100469e-05
+124826e-05
+131219e-05
+118128e-05
+879869e-06
+453635e-06
-395789e-07
-517570e-06
-910314e-06
-115692e-05
-122390e-05
-109907e-05
-794622e-06
-359254e-06
+137004e-06
+624128e-06
+102601e-05
+127870e-05
+134264e-05
+120868e-05
+904225e-06
+471902e-06
-152226e-07
-481036e-06
-864646e-06
-110516e-05
-116301e-05
-103210e-05
-736776e-06
-325765e-06
+140048e-06
+608906e-06
+101078e-05
+128784e-05
+140048e-05
+133350e-05
+108994e-05
+712420e-06
+246607e-06
-240518e-06
-681974e-06
-102296e-05
-120868e-05
-122695e-05
-107472e-05
-782444e-06
-407967e-06
-608906e-08
+353165e-06
+624128e-06
+770266e-06
+782444e-06
+663707e-06
+447546e-06
+176583e-06
-103514e-06
-359254e-06
-557149e-06
-681974e-06
-727642e-06
-706331e-06
-630217e-06
-517570e-06
-383611e-06
-237473e-06
-943804e-07
+426234e-07
+173538e-06
+286186e-06
+380566e-06
+456679e-06
+505392e-06
+511481e-06
+468857e-06
+377522e-06
+234429e-06
+456679e-07
-164405e-06
-377522e-06
-563238e-06
-691108e-06
-724598e-06
-645440e-06
-459724e-06
-164405e-06
+203983e-06
+599772e-06
+971205e-06
+125435e-05
+140048e-05
+136699e-05
+114779e-05
+755043e-06
+234429e-06
-344032e-06
-898136e-06
-134264e-05
-160447e-05
-165013e-05
-144920e-05
-101687e-05
-414056e-06
+292275e-06
+992516e-06
+158011e-05
+196372e-05
+207941e-05
+189674e-05
+142179e-05
+721553e-06
-115692e-06
-980338e-06
-174756e-05
-230775e-05
-257872e-05
-251174e-05
-210986e-05
-143093e-05
-569327e-06
+353165e-06
+120259e-05
+186630e-05
+224686e-05
+228949e-05
+199417e-05
+141266e-05
+627173e-06
-243562e-06
-106254e-05
-172016e-05
-211595e-05
-220728e-05
-198808e-05
-150095e-05
-818978e-06
-365343e-07
+739820e-06
+140657e-05
+187543e-05
+210377e-05
+206723e-05
+179018e-05
+133046e-05
+739820e-06
+103514e-06
-484080e-06
-968160e-06
-128479e-05
-140657e-05
-133655e-05
-110212e-05
-742865e-06
-316631e-06
+115692e-06
+502347e-06
+791577e-06
+959027e-06
+989472e-06
+892047e-06
+697197e-06
+441457e-06
+155271e-06
-121781e-06
-356210e-06
-526703e-06
-621084e-06
-645440e-06
-602817e-06
-511481e-06
-407967e-06
-292275e-06
-179627e-06
-943804e-07
-365343e-07
+608906e-08
+334898e-07
+578460e-07
+913359e-07
+133959e-06
+188761e-06
+249651e-06
+301408e-06
+331854e-06
+331854e-06
+289230e-06
+188761e-06
+334898e-07
-155271e-06
-353165e-06
-535837e-06
-675885e-06
-739820e-06
-715464e-06
-599772e-06
-398833e-06
-137004e-06
+155271e-06
+429279e-06
+651529e-06
+791577e-06
+825067e-06
+742865e-06
+557149e-06
+295319e-06
+608906e-08
-280097e-06
-517570e-06
-657618e-06
-685019e-06
-596728e-06
-395789e-06
-112648e-06
+210072e-06
+538882e-06
+818978e-06
+100774e-05
+107472e-05
+100469e-05
+812889e-06
+517570e-06
+161360e-06
-213117e-06
-554104e-06
-812889e-06
-971205e-06
-995561e-06
-892047e-06
-678930e-06
-380566e-06
-426234e-07
+277052e-06
+548015e-06
+730687e-06
+785488e-06
+709375e-06
+508436e-06
+216162e-06
-127870e-06
-477991e-06
-776355e-06
-980338e-06
-105645e-05
-986427e-06
-782444e-06
-477991e-06
-109603e-06
+267919e-06
+590639e-06
+818978e-06
+919448e-06
+873780e-06
+703286e-06
+435368e-06
+103514e-06
-237473e-06
-535837e-06
-751999e-06
-858557e-06
-852468e-06
-736776e-06
-523659e-06
-240518e-06
+791577e-07
+389700e-06
+663707e-06
+867691e-06
+980338e-06
+980338e-06
+870735e-06
+660663e-06
+380566e-06
+669796e-07
-249651e-06
-523659e-06
-715464e-06
-794622e-06
-755043e-06
-602817e-06
-353165e-06
-456679e-07
+270963e-06
+566282e-06
+794622e-06
+913359e-06
+904225e-06
+776355e-06
+538882e-06
+222251e-06
-121781e-06
-456679e-06
-733731e-06
-907270e-06
-965116e-06
-901181e-06
-724598e-06
-465813e-06
-164405e-06
+130915e-06
+371432e-06
+523659e-06
+572371e-06
+505392e-06
+350121e-06
+133959e-06
-112648e-06
-344032e-06
-520614e-06
-614995e-06
-605861e-06
-502347e-06
-304453e-06
-487125e-07
+219206e-06
+481036e-06
+681974e-06
+788533e-06
+785488e-06
+663707e-06
+435368e-06
+115692e-06
-255740e-06
-624128e-06
-934670e-06
-113865e-05
-119954e-05
-108690e-05
-806800e-06
-380566e-06
+133959e-06
+675885e-06
+117823e-05
+155271e-05
+174147e-05
+171103e-05
+145224e-05
+992516e-06
+380566e-06
-295319e-06
-940759e-06
-146442e-05
-179323e-05
-186934e-05
-167145e-05
-123303e-05
-602817e-06
+130915e-06
+870735e-06
+151313e-05
+196677e-05
+215857e-05
+206115e-05
+168362e-05
+107472e-05
+313586e-06
-499303e-06
-126043e-05
-186934e-05
-224686e-05
-235038e-05
-216770e-05
-173234e-05
-110516e-05
-374477e-06
+368388e-06
+102905e-05
+153444e-05
+181758e-05
+186325e-05
+166840e-05
+126348e-05
+715464e-06
+100469e-06
-499303e-06
-101687e-05
-137917e-05
-155575e-05
-152226e-05
-129392e-05
-913359e-06
-426234e-06
+852468e-07
+557149e-06
+940759e-06
+118432e-05
+126652e-05
+118737e-05
+974249e-06
+675885e-06
+334898e-06
+304453e-08
-289230e-06
-496258e-06
-605861e-06
-639351e-06
-593683e-06
-493214e-06
-371432e-06
-237473e-06
-121781e-06
-334898e-07
+304453e-07
+791577e-07
+124826e-06
+173538e-06
+237473e-06
+310542e-06
+395789e-06
+490169e-06
+566282e-06
+593683e-06
+554104e-06
+435368e-06
+240518e-06
-152226e-07
-319676e-06
-630217e-06
-901181e-06
-108081e-05
-113561e-05
-104123e-05
-803756e-06
-447546e-06
-913359e-08
+444501e-06
+849423e-06
+114474e-05
+128479e-05
+124217e-05
+101992e-05
+645440e-06
+170494e-06
-334898e-06
-806800e-06
-116605e-05
-137004e-05
-139439e-05
-123912e-05
-925537e-06
-493214e-06
-121781e-07
+444501e-06
+822023e-06
+107776e-05
+118128e-05
+113865e-05
+959027e-06
+672841e-06
+331854e-06
-182672e-07
-331854e-06
-578460e-06
-727642e-06
-773310e-06
-712420e-06
-569327e-06
-365343e-06
-127870e-06
+115692e-06
+328809e-06
+496258e-06
+605861e-06
+651529e-06
+630217e-06
+541926e-06
+404922e-06
+234429e-06
+456679e-07
-133959e-06
-295319e-06
-411011e-06
-465813e-06
-465813e-06
-404922e-06
-286186e-06
-130915e-06
+274008e-07
+170494e-06
+274008e-06
+319676e-06
+295319e-06
+207028e-06
+669796e-07
-974249e-07
-270963e-06
-417100e-06
-514525e-06
-544971e-06
-505392e-06
-395789e-06
-228340e-06
-243562e-07
+191805e-06
+380566e-06
+517570e-06
+584549e-06
+557149e-06
+435368e-06
+228340e-06
-365343e-07
-328809e-06
-611950e-06
-834201e-06
-952937e-06
-940759e-06
-782444e-06
-496258e-06
-100469e-06
+353165e-06
+809845e-06
+119650e-05
+145833e-05
+155575e-05
+147051e-05
+119650e-05
+761132e-06
+225295e-06
-350121e-06
-882913e-06
-129697e-05
-154053e-05
-157402e-05
-139135e-05
-101078e-05
-474946e-06
+133959e-06
+742865e-06
+126652e-05
+162578e-05
+177496e-05
+168058e-05
+135177e-05
+834201e-06
+197894e-06
-484080e-06
-112343e-05
-162882e-05
-193632e-05
-201852e-05
-185107e-05
-146137e-05
-898136e-06
-231384e-06
+444501e-06
+105645e-05
+152835e-05
+180541e-05
+186325e-05
+169885e-05
+133350e-05
+818978e-06
+216162e-06
-407967e-06
-980338e-06
-144311e-05
-174147e-05
-184498e-05
-173843e-05
-144006e-05
-983383e-06
-420145e-06
+179627e-06
+745910e-06
+121477e-05
+151618e-05
+162273e-05
+153140e-05
+125435e-05
+831156e-06
+316631e-06
-210072e-06
-681974e-06
-105036e-05
-126043e-05
-128784e-05
-114779e-05
-858557e-06
-450590e-06
+121781e-07
+477991e-06
+885958e-06
+118737e-05
+134873e-05
+135482e-05
+120259e-05
+916403e-06
+526703e-06
+913359e-07
-344032e-06
-724598e-06
-101078e-05
-115997e-05
-114779e-05
-983383e-06
-694153e-06
-313586e-06
+106559e-06
+508436e-06
+837245e-06
+104427e-05
+110821e-05
+100774e-05
+745910e-06
+356210e-06
-109603e-06
-590639e-06
-101992e-05
-133350e-05
-148573e-05
-144920e-05
-121781e-05
-815934e-06
-295319e-06
+277052e-06
+818978e-06
+124826e-05
+150095e-05
+154358e-05
+136699e-05
+100165e-05
+499303e-06
-761132e-07
-633262e-06
-109299e-05
-140657e-05
-152835e-05
-144311e-05
-118128e-05
-779399e-06
-298364e-06
+191805e-06
+642396e-06
+995561e-06
+120868e-05
+127261e-05
+117823e-05
+949893e-06
+621084e-06
+237473e-06
-149182e-06
-493214e-06
-755043e-06
-907270e-06
-928581e-06
+000000e+00
+000000e+00
+000000e+00
+000000e+00
[ENDDATA]
